1; Draft.Scratch_smt_check_7_9721; 2026-04-10 13:46:45.628;
bind: 306000,628000,687000,609000,667000,665000,339000,291000,296000,348000,415000,389000,255000,346000,399000,361000,415000,388000,179000,168000,183000,172000,240000,215000,176000,173000,
cong: 161000,416000,396000,356000,351000,735000,378000,374000,257000,120000,121000,163000,92000,93000,101000,83000,76000,269000,141000,219000,63000,86000,58000,113000,126000,497000,211000,215000,214000,229000,393000,231000,210000,155000,84000,80000,64000,53000,58000,69000,52000,54000,154000,90000,145000,80000,97000,58000,124000,121000,452000,281000,139000,62000,102000,220000,218000,
refl: 57000,108000,46000,20000,59000,35000,18000,61000,34000,109000,
symm: 71000,72000,
trans: 221000,290000,563000,552000,209000,278000,294000,287000,330000,311000,319000,123000,213000,162000,144000,193000,207000,97000,106000,122000,287000,342000,380000,
choice: 72000,
equiv1: 102000,91000,
equiv2: 151000,80000,
or_neg: 231000,152000,153000,140000,365000,301000,400000,127000,181000,161000,137000,371000,310000,400000,
or_pos: 247000,253000,
implies: 625000,301000,279000,323000,155000,161000,
not_not: 178000,113000,
parsing: 74936000,
aci_simp: 1022000,
evaluate: 193000,
subproof: 2410000,2071000,1721000,1353000,1151000,1139000,
equiv_pos1: 48000,147000,43000,168000,
equiv_pos2: 241000,538000,549000,1101000,210000,220000,355000,152000,57000,104000,112000,46000,542000,275000,282000,593000,113000,118000,180000,148000,60000,114000,110000,42000,519000,372000,125000,392000,
reordering: 333000,179000,214000,212000,808000,329000,190000,200000,204000,500000,
resolution: 305000,401000,331000,493000,469000,561000,752000,1091000,886000,471000,699000,326000,285000,263000,249000,268000,310000,295000,296000,417000,431000,494000,479000,321000,422000,270000,470000,401000,420000,437000,236000,257000,300000,552000,790000,336000,445000,455000,244000,287000,285000,379000,434000,548000,505000,350000,365000,181000,166000,157000,141000,160000,179000,167000,164000,238000,260000,279000,280000,171000,259000,151000,276000,238000,272000,291000,245000,256000,294000,564000,856000,266000,354000,303000,190000,282000,
sko_forall: 1066000,1059000,
contraction: 1104000,453000,213000,691000,447000,569000,239000,224000,719000,275000,
forall_inst: 1663000,1346000,1457000,792000,1125000,727000,743000,775000,834000,852000,
implies_neg1: 920000,366000,462000,191000,372000,235000,
implies_neg2: 860000,346000,357000,466000,201000,238000,
__local_input: 198000,96000,108000,64000,114000,58000,
connective_def: 896000,950000,499000,494000,
equiv_simplify: 366000,175000,175000,161000,
__normalized_input: 10345000,6368000,5033000,3898000,2025000,2004000,1388000,
rare_rewrite_eq-refl: 87000,135000,
rare_rewrite_eq-symm: 208000,172000,218000,221000,202000,218000,157000,250000,115000,124000,115000,84000,141000,128000,76000,140000,313000,362000,
rare_rewrite_bool-eq-true: 12280000,
rare_rewrite_bool-impl-elim: 11841000,6799000,6797000,6630000,
rare_rewrite_bool-and-de-morgan: 12792000,12192000,7418000,7688000,
rare_rewrite_bool-double-not-elim: 123000,292000,113000,290000,

