1; Draft.Scratch_smt_check_7_29789; 2026-04-10 13:51:54.733;
cong: 84000,107000,144000,77000,114000,147000,113000,63000,77000,87000,40000,85000,76000,110000,139000,57000,201000,172000,220000,254000,120000,120000,75000,64000,158000,147000,187000,210000,88000,133000,187000,222000,449000,
refl: 29000,35000,29000,49000,51000,57000,134000,47000,81000,
symm: 193000,68000,67000,120000,122000,
trans: 91000,153000,272000,
choice: 34000,76000,
equiv1: 314000,442000,
equiv2: 169000,141000,270000,
or_neg: 141000,195000,148000,167000,216000,202000,196000,224000,137000,181000,182000,174000,232000,332000,241000,287000,
and_pos: 221000,228000,483000,382000,392000,450000,
implies: 100000,107000,101000,105000,634000,178000,189000,
not_and: 225000,
not_not: 134000,231000,
parsing: 23389000,
evaluate: 313000,
subproof: 1093000,1085000,1252000,1077000,16783000,2508000,2183000,2045000,
and_intro: 496000,
equiv_pos2: 71000,70000,62000,98000,98000,69000,66000,59000,196000,112000,68000,69000,59000,101000,99000,69000,124000,115000,220000,208000,45000,239000,130000,136000,218000,243000,136000,137000,116000,254000,210000,519000,
reordering: 469000,2030000,
resolution: 206000,144000,195000,249000,246000,203000,272000,262000,230000,259000,135000,198000,243000,237000,223000,255000,252000,208000,219000,200000,542000,1554000,244000,247000,290000,332000,434000,145000,176000,192000,163000,218000,144000,186000,240000,232000,206000,255000,270000,208000,215000,143000,191000,238000,238000,228000,291000,345000,355000,374000,876000,918000,1953000,320000,278000,373000,235000,369000,426000,400000,338000,462000,431000,338000,465000,236000,368000,415000,405000,372000,496000,486000,409000,426000,362000,
sko_forall: 1260000,913000,946000,1586000,1654000,5705000,
contraction: 259000,165000,206000,202000,514000,311000,454000,199000,174000,198000,181000,909000,1011000,338000,310000,347000,326000,
forall_inst: 852000,818000,1578000,
implies_neg1: 131000,135000,133000,294000,597000,229000,229000,922000,
implies_neg2: 129000,129000,199000,131000,138000,870000,261000,238000,
__local_input: 44000,44000,45000,75000,78000,103000,79000,80000,61000,31000,48000,936000,
connective_def: 179000,188000,166000,170000,166000,165000,171000,305000,316000,311000,306000,315000,
equiv_simplify: 253000,222000,429000,3839000,
implies_simplify: 421000,
__normalized_input: 1175000,854000,868000,1111000,
rare_rewrite_bool-double-not-elim: 86000,117000,97000,125000,90000,117000,159000,224000,163000,244000,168000,231000,298000,

