1; Draft.Scratch_smt_check_7_5483; 2026-04-10 13:51:55.000;
and: 140000,130000,132000,173000,128000,160000,171000,
bind: 660000,608000,520000,508000,820000,614000,564000,584000,573000,384000,307000,795000,633000,550000,540000,584000,300000,289000,647000,650000,503000,989000,
cong: 681000,76000,72000,73000,78000,83000,82000,603000,128000,78000,65000,84000,65000,80000,60000,76000,61000,89000,66000,99000,270000,196000,177000,354000,159000,258000,483000,532000,66000,81000,67000,81000,66000,91000,357000,109000,103000,71000,123000,78000,115000,85000,134000,229000,419000,351000,281000,168000,173000,207000,531000,66000,90000,64000,78000,66000,84000,358000,123000,109000,76000,121000,76000,119000,87000,121000,208000,373000,352000,276000,162000,144000,195000,801000,539000,92000,78000,73000,88000,88000,58000,94000,656000,73000,82000,73000,75000,77000,81000,629000,59000,74000,62000,79000,63000,79000,66000,93000,60000,78000,66000,100000,270000,190000,166000,147000,146000,485000,750000,1369000,1589000,262000,235000,121000,104000,227000,125000,
refl: 29000,25000,28000,28000,44000,24000,25000,33000,30000,29000,27000,30000,35000,29000,111000,107000,132000,26000,26000,31000,24000,108000,102000,128000,48000,29000,18000,27000,22000,24000,25000,27000,26000,24000,33000,35000,50000,105000,
symm: 534000,524000,119000,133000,123000,128000,
trans: 523000,550000,447000,389000,394000,381000,399000,348000,310000,266000,396000,717000,579000,566000,584000,747000,569000,600000,359000,300000,297000,254000,297000,281000,767000,576000,541000,561000,546000,552000,549000,356000,280000,268000,243000,254000,293000,701000,175000,207000,502000,535000,447000,388000,403000,380000,369000,328000,282000,260000,741000,1613000,317000,313000,
or_pos: 481000,610000,
and_pos: 374000,404000,383000,
implies: 762000,674000,
parsing: 97373000,
aci_simp: 1613000,1302000,1837000,1763000,1303000,1194000,1397000,1635000,1201000,1103000,1156000,1659000,1772000,1271000,3377000,3319000,
evaluate: 469000,
qnt_join: 9967000,583000,
subproof: 1955000,3871000,
equiv_pos2: 423000,495000,479000,1032000,64000,85000,944000,2023000,
reordering: 508000,518000,760000,527000,1029000,
resolution: 528000,495000,604000,266000,264000,258000,416000,445000,575000,887000,1200000,1174000,674000,654000,247000,311000,786000,1095000,1454000,859000,505000,
contraction: 1191000,1030000,
forall_inst: 1483000,2663000,
implies_neg1: 1151000,2120000,
implies_neg2: 1162000,1128000,
__local_input: 362000,639000,
connective_def: 361000,348000,
miniscope_split: 725000,706000,
__normalized_input: 1924000,2348000,2081000,1212000,
rare_rewrite_eq-refl: 380000,337000,
rare_rewrite_eq-symm: 175000,160000,162000,169000,183000,194000,142000,149000,153000,139000,152000,223000,183000,199000,211000,151000,151000,180000,173000,189000,192000,130000,134000,154000,161000,187000,166000,190000,157000,163000,162000,211000,280000,296000,288000,309000,395000,332000,520000,589000,344000,504000,
rare_rewrite_bool-impl-elim: 7698000,9209000,7596000,13375000,
rare_rewrite_bool-and-de-morgan: 6812000,6941000,6969000,7293000,7351000,7614000,8187000,6275000,6735000,6080000,6225000,6506000,6766000,28656000,
rare_rewrite_bool-double-not-elim: 346000,293000,

