1; Draft.Scratch_smt_check_7_1791; 2026-04-10 13:51:55.714;
bind: 287000,633000,610000,538000,556000,551000,286000,278000,295000,295000,202000,200000,194000,189000,210000,195000,205000,204000,244000,202000,226000,224000,204000,655000,606000,547000,552000,557000,303000,298000,311000,290000,196000,196000,190000,193000,216000,205000,230000,223000,258000,355000,217000,230000,205000,282000,665000,606000,555000,551000,576000,294000,307000,339000,293000,200000,226000,209000,213000,215000,207000,214000,223000,241000,212000,213000,220000,201000,300000,
cong: 531000,57000,72000,65000,72000,59000,79000,66000,101000,209000,353000,321000,347000,291000,155000,146000,191000,159000,148000,212000,210000,182000,110000,113000,187000,112000,111000,200000,527000,57000,72000,66000,74000,59000,75000,72000,103000,208000,359000,325000,347000,305000,172000,158000,197000,171000,150000,217000,162000,155000,102000,163000,189000,126000,113000,219000,100000,123000,92000,527000,57000,73000,58000,80000,64000,82000,65000,101000,214000,361000,317000,345000,287000,160000,167000,202000,169000,165000,207000,194000,163000,111000,116000,211000,123000,115000,209000,94000,106000,93000,297000,
refl: 24000,23000,33000,28000,34000,43000,93000,104000,47000,34000,40000,45000,42000,24000,22000,33000,26000,33000,41000,95000,104000,48000,33000,38000,46000,42000,28000,25000,26000,34000,44000,33000,41000,95000,104000,49000,35000,36000,47000,42000,22000,62000,70000,
symm: 125000,474000,115000,125000,163000,134000,138000,476000,116000,123000,143000,157000,186000,181000,132000,543000,155000,125000,116000,112000,166000,
trans: 564000,507000,511000,529000,500000,494000,503000,516000,437000,301000,307000,247000,266000,277000,269000,279000,249000,255000,245000,203000,207000,199000,191000,207000,215000,208000,220000,166000,546000,509000,529000,522000,520000,505000,503000,524000,438000,287000,294000,259000,265000,257000,286000,291000,257000,280000,249000,198000,192000,194000,216000,213000,237000,210000,226000,212000,582000,509000,521000,551000,535000,533000,492000,518000,457000,272000,280000,247000,271000,247000,298000,300000,265000,300000,247000,202000,216000,192000,205000,217000,219000,204000,212000,203000,
equiv1: 4913000,242000,
equiv2: 242000,215000,193000,
or_neg: 279000,290000,302000,
or_pos: 948000,708000,713000,
and_pos: 271000,284000,323000,325000,328000,
implies: 204000,194000,221000,230000,213000,202000,216000,234000,431000,227000,214000,220000,239000,
not_and: 359000,
not_not: 199000,190000,
parsing: 125931000,
aci_simp: 1816000,1638000,1085000,1079000,1062000,1132000,1846000,1675000,1145000,1113000,1143000,1142000,1789000,1680000,1167000,1264000,1606000,1191000,
evaluate: 265000,
not_symm: 159000,159000,179000,
qnt_join: 520000,558000,550000,
subproof: 1159000,1182000,1275000,1216000,1296000,1352000,1184000,1203000,1285000,1507000,1226000,1552000,1410000,1341000,
and_intro: 286000,
equiv_pos2: 173000,443000,175000,173000,91000,97000,195000,105000,105000,106000,221000,442000,174000,159000,99000,95000,209000,111000,104000,120000,307000,166000,32000,431000,181000,184000,91000,134000,355000,107000,106000,109000,236000,167000,332000,
reordering: 1306000,530000,1329000,1042000,1299000,
resolution: 260000,263000,311000,510000,899000,487000,382000,215000,314000,516000,334000,267000,239000,320000,348000,347000,266000,251000,316000,347000,399000,394000,246000,314000,235000,270000,231000,272000,321000,368000,364000,237000,323000,550000,605000,376000,411000,362000,373000,504000,207000,233000,524000,888000,517000,218000,211000,307000,347000,369000,249000,205000,303000,328000,335000,252000,240000,273000,328000,375000,378000,251000,319000,240000,298000,277000,345000,337000,382000,380000,245000,322000,244000,303000,231000,324000,615000,538000,940000,519000,901000,526000,256000,373000,341000,384000,354000,279000,248000,368000,371000,382000,311000,276000,334000,347000,385000,409000,262000,354000,250000,287000,247000,320000,345000,377000,369000,232000,326000,246000,223000,295000,222000,338000,
contraction: 284000,282000,311000,334000,531000,352000,369000,281000,269000,318000,340000,602000,616000,311000,322000,341000,327000,
forall_inst: 858000,1555000,1112000,802000,801000,830000,806000,841000,1600000,767000,793000,797000,916000,817000,831000,876000,1441000,822000,1333000,990000,871000,855000,933000,995000,
implies_neg1: 258000,258000,299000,280000,250000,236000,266000,285000,375000,276000,253000,269000,294000,594000,
implies_neg2: 254000,242000,322000,296000,265000,274000,268000,288000,305000,549000,285000,261000,301000,307000,
__local_input: 195000,230000,232000,211000,235000,386000,236000,244000,133000,159000,353000,315000,250000,233000,51000,53000,213000,
connective_def: 351000,339000,393000,344000,362000,378000,
equiv_simplify: 314000,291000,300000,340000,
miniscope_split: 2543000,2548000,2512000,
implies_simplify: 436000,
__normalized_input: 26678000,10557000,8429000,6115000,1725000,1699000,1277000,
rare_rewrite_eq-symm: 223000,184000,126000,139000,159000,140000,144000,162000,200000,196000,176000,167000,185000,167000,234000,180000,179000,188000,213000,182000,235000,184000,133000,150000,155000,137000,145000,160000,179000,192000,181000,181000,167000,162000,235000,192000,211000,8395000,186000,178000,248000,224000,179000,153000,156000,181000,145000,141000,167000,212000,202000,188000,186000,198000,167000,244000,187000,190000,203000,208000,176000,233000,233000,
rare_rewrite_bool-impl-elim: 7572000,7767000,7772000,
rare_rewrite_bool-and-de-morgan: 7117000,6575000,6767000,6486000,6913000,7435000,6792000,6968000,6779000,6836000,7437000,6963000,7843000,8379000,7605000,
rare_rewrite_bool-double-not-elim: 282000,294000,288000,309000,267000,300000,221000,

