1; Draft.Scratch_smt_check_7_9063; 2026-04-10 13:51:55.555;
bind: 216000,233000,215000,224000,227000,226000,241000,230000,453000,449000,429000,447000,448000,434000,373000,367000,
cong: 127000,108000,191000,62000,86000,74000,523000,190000,147000,225000,195000,322000,99000,127000,95000,
refl: 42000,41000,23000,33000,152000,74000,28000,
symm: 183000,123000,155000,260000,263000,280000,
trans: 207000,240000,230000,241000,212000,391000,471000,469000,432000,437000,357000,
and_neg: 784000,
and_pos: 804000,706000,732000,
implies: 244000,619000,810000,490000,
parsing: 14048000,
not_symm: 151000,
subproof: 1451000,2539000,2751000,2418000,
equiv_pos2: 118000,112000,211000,230000,745000,203000,215000,412000,163000,
reordering: 1146000,1997000,
resolution: 271000,234000,300000,343000,380000,363000,263000,361000,263000,394000,513000,810000,1036000,853000,590000,1078000,984000,927000,1683000,604000,484000,594000,640000,737000,704000,541000,564000,435000,515000,
contraction: 342000,912000,1074000,1170000,756000,
forall_inst: 948000,1561000,1883000,1849000,1489000,1464000,
implies_neg1: 295000,818000,579000,1066000,
implies_neg2: 301000,908000,800000,772000,
__local_input: 326000,302000,438000,133000,82000,279000,
__normalized_input: 6275000,5533000,5317000,1622000,1496000,
rare_rewrite_eq-symm: 187000,226000,230000,185000,242000,261000,779000,420000,433000,434000,374000,490000,334000,

