1; Draft.Scratch_smt_check_7_22624; 2026-04-10 13:51:56.091;
bind: 388000,550000,488000,380000,490000,378000,
cong: 149000,157000,185000,128000,93000,187000,163000,186000,123000,94000,114000,263000,
refl: 58000,27000,58000,27000,69000,
symm: 361000,358000,470000,268000,465000,
trans: 302000,385000,461000,471000,516000,459000,244000,
equiv1: 662000,220000,
equiv2: 459000,412000,453000,
or_neg: 478000,495000,454000,
and_pos: 536000,635000,559000,536000,506000,
implies: 713000,
not_and: 548000,
not_not: 381000,387000,
parsing: 3447000,
evaluate: 430000,
subproof: 3392000,2689000,
and_intro: 510000,
equiv_pos1: 165000,146000,150000,
equiv_pos2: 151000,275000,244000,151000,200000,50000,260000,153000,105000,208000,
reordering: 700000,661000,926000,682000,1640000,695000,
resolution: 450000,475000,517000,487000,445000,551000,467000,839000,1010000,530000,541000,628000,674000,864000,371000,444000,452000,519000,415000,482000,445000,537000,533000,400000,526000,977000,837000,1634000,432000,485000,416000,499000,461000,654000,534000,395000,507000,303000,
contraction: 848000,660000,649000,960000,1099000,
forall_inst: 1372000,1545000,1741000,1525000,1553000,1336000,1623000,1402000,1018000,
implies_neg1: 657000,481000,
implies_neg2: 482000,912000,
__local_input: 113000,227000,52000,77000,146000,
equiv_simplify: 604000,560000,563000,314000,
implies_simplify: 807000,
__normalized_input: 1052000,980000,727000,755000,
rare_rewrite_eq-symm: 343000,361000,317000,350000,463000,319000,328000,234000,
rare_rewrite_bool-eq-false: 11498000,11748000,10718000,6511000,
rare_rewrite_bool-double-not-elim: 221000,

