1; Draft.Scratch_smt_check_7_31754; 2026-04-10 13:51:55.270;
bind: 181000,184000,270000,373000,555000,393000,
cong: 158000,127000,144000,113000,152000,629000,
refl: 84000,160000,59000,107000,
symm: 263000,311000,429000,
trans: 455000,436000,326000,
equiv1: 498000,
equiv2: 412000,
or_neg: 635000,659000,660000,624000,697000,
and_neg: 906000,
and_pos: 848000,638000,666000,684000,
implies: 703000,
not_not: 381000,
parsing: 3721000,
subproof: 2654000,
equiv_pos2: 89000,85000,149000,178000,277000,171000,875000,
reordering: 2537000,
resolution: 296000,206000,241000,185000,262000,238000,296000,247000,9903000,4324000,1250000,996000,847000,2152000,452000,434000,609000,406000,515000,640000,584000,412000,555000,
contraction: 1855000,937000,1117000,
forall_inst: 717000,681000,791000,836000,1557000,1627000,1474000,
implies_neg1: 1141000,
implies_neg2: 812000,
__local_input: 115000,65000,170000,181000,
equiv_simplify: 653000,545000,
__normalized_input: 38584000,35357000,7206000,3729000,1260000,
rare_rewrite_eq-symm: 158000,146000,212000,331000,519000,422000,
rare_rewrite_bool-double-not-elim: 467000,

