1; Draft.Scratch_smt_check_7_20906; 2026-04-10 13:46:39.223;
bind: 235000,1206000,1463000,900000,864000,925000,813000,449000,233000,237000,202000,219000,198000,
cong: 160000,612000,145000,904000,96000,165000,596000,853000,490000,472000,413000,334000,574000,476000,811000,123000,611000,495000,796000,149000,644000,480000,820000,127000,159000,83000,110000,110000,84000,143000,102000,86000,111000,70000,90000,83000,103000,207000,180000,81000,129000,123000,96000,573000,466000,581000,390000,317000,168000,162000,405000,66000,137000,117000,116000,91000,114000,110000,117000,108000,58000,134000,64000,119000,61000,
refl: 48000,35000,126000,89000,33000,89000,50000,50000,64000,94000,45000,28000,30000,46000,46000,26000,77000,70000,46000,25000,28000,384000,26000,30000,26000,
symm: 294000,
trans: 908000,1021000,968000,1015000,222000,1039000,977000,969000,824000,901000,871000,1099000,1141000,883000,782000,653000,652000,948000,1104000,1104000,744000,757000,735000,682000,712000,666000,534000,255000,372000,386000,317000,263000,222000,149000,138000,196000,155000,163000,163000,161000,90000,179000,202000,165000,167000,173000,159000,
or_pos: 210000,345000,269000,
and_neg: 218000,
and_pos: 99000,110000,
implies: 147000,703000,
not_and: 247000,
not_not: 226000,
parsing: 41260000,
aci_simp: 3159000,3643000,3919000,3726000,3217000,3221000,2371000,1217000,1207000,1103000,1073000,1048000,981000,1017000,1073000,1020000,
evaluate: 571000,213000,
onepoint: 1143000,
subproof: 1085000,
equiv_pos1: 82000,
equiv_pos2: 175000,211000,66000,746000,142000,416000,191000,
reordering: 251000,165000,371000,429000,955000,183000,259000,
resolution: 175000,160000,226000,135000,178000,227000,174000,168000,253000,285000,267000,189000,184000,217000,275000,556000,752000,592000,848000,275000,304000,510000,231000,302000,
contraction: 219000,
forall_inst: 721000,713000,1413000,785000,
implies_neg1: 196000,
implies_neg2: 191000,
__local_input: 39000,
connective_def: 558000,
miniscope_split: 1732000,
__normalized_input: 6915000,26040000,5633000,4274000,4200000,4405000,2977000,3184000,3676000,2985000,1125000,
rare_rewrite_eq-refl: 199000,109000,
rare_rewrite_eq-symm: 158000,282000,211000,280000,237000,168000,115000,101000,88000,
rare_rewrite_or-not-refl: 6728000,
rare_rewrite_bool-eq-false: 17207000,
rare_rewrite_bool-impl-elim: 16902000,24262000,
rare_rewrite_bool-impl-false1: 6485000,6809000,
rare_rewrite_bool-or-de-morgan: 6855000,
rare_rewrite_bool-and-de-morgan: 17700000,15998000,15932000,16198000,14940000,29430000,6800000,7131000,7212000,7108000,7962000,6926000,6179000,6398000,
rare_rewrite_bool-double-not-elim: 276000,184000,109000,121000,

