1; Draft.Scratch_smt_check_7_31397; 2026-04-10 13:46:41.548;
bind: 273000,295000,292000,295000,255000,270000,268000,258000,284000,284000,285000,287000,266000,267000,276000,250000,
cong: 190000,71000,102000,209000,189000,146000,132000,194000,77000,104000,207000,184000,140000,134000,
refl: 26000,30000,499000,25000,93000,35000,30000,77000,35000,31000,482000,33000,92000,38000,28000,146000,
symm: 241000,282000,232000,250000,281000,245000,
trans: 232000,249000,256000,262000,248000,253000,119000,292000,279000,325000,259000,253000,242000,260000,214000,233000,199000,213000,224000,238000,232000,242000,276000,243000,123000,288000,277000,338000,263000,260000,252000,261000,204000,219000,196000,216000,
or_pos: 242000,
implies: 212000,
parsing: 42385000,
aci_simp: 1019000,1232000,1166000,1012000,1028000,1214000,1151000,1015000,
evaluate: 205000,207000,
onepoint: 1311000,1286000,
qnt_join: 277000,285000,277000,290000,
subproof: 1135000,
equiv_pos2: 168000,318000,
reordering: 292000,
resolution: 281000,282000,272000,360000,422000,307000,284000,
contraction: 307000,
forall_inst: 1408000,
implies_neg1: 696000,
implies_neg2: 281000,
__local_input: 155000,
qnt_rm_unused: 353000,1040000,354000,1029000,
connective_def: 289000,634000,
miniscope_split: 371000,369000,
__normalized_input: 3709000,4232000,3656000,4018000,
rare_rewrite_eq-refl: 113000,115000,
rare_rewrite_or-not-refl: 7073000,6593000,
rare_rewrite_bool-impl-elim: 7065000,6533000,
rare_rewrite_bool-and-de-morgan: 6040000,6284000,6062000,25831000,
rare_rewrite_bool-double-not-elim: 238000,232000,

