1; Draft.Scratch_smt_check_7_18493; 2026-04-10 13:46:40.203;
bind: 149000,169000,177000,293000,281000,158000,337000,336000,149000,140000,171000,
cong: 67000,160000,83000,79000,376000,270000,161000,71000,78000,83000,387000,287000,173000,674000,458000,271000,110000,132000,129000,231000,588000,104000,382000,136000,126000,239000,126000,268000,130000,126000,122000,275000,128000,122000,124000,116000,425000,317000,89000,98000,60000,82000,73000,92000,59000,80000,80000,70000,
refl: 29000,178000,132000,69000,61000,62000,108000,
symm: 172000,161000,134000,175000,178000,220000,328000,280000,341000,280000,301000,288000,318000,240000,176000,150000,203000,
trans: 228000,183000,173000,194000,194000,321000,344000,232000,380000,347000,372000,434000,321000,233000,231000,530000,297000,194000,141000,212000,173000,137000,187000,
equiv1: 1079000,201000,
equiv2: 405000,369000,370000,
or_neg: 555000,518000,697000,420000,418000,476000,
and_neg: 939000,401000,271000,
and_pos: 231000,244000,459000,493000,511000,478000,456000,231000,219000,244000,418000,712000,807000,735000,901000,748000,700000,450000,520000,442000,569000,478000,249000,270000,
implies: 175000,390000,545000,383000,280000,12346000,1054000,603000,294000,541000,296000,422000,
not_and: 505000,
not_not: 311000,312000,
parsing: 37457000,
evaluate: 312000,
subproof: 1169000,1376000,1496000,1306000,1244000,2431000,2456000,2808000,2298000,2121000,2262000,2137000,1354000,
and_intro: 250000,773000,463000,
equiv_pos1: 388000,169000,
equiv_pos2: 187000,84000,150000,476000,141000,105000,98000,493000,163000,991000,281000,188000,51000,728000,372000,176000,326000,340000,91000,155000,108000,282000,219000,229000,539000,80000,81000,101000,
reordering: 594000,377000,575000,358000,802000,2483000,610000,312000,527000,1149000,582000,2180000,2651000,1349000,1124000,1196000,616000,1041000,596000,333000,663000,356000,
resolution: 174000,236000,182000,249000,285000,178000,272000,300000,300000,191000,198000,227000,256000,286000,201000,252000,279000,458000,551000,531000,310000,206000,240000,207000,781000,637000,519000,1786000,197000,196000,210000,233000,184000,249000,279000,464000,551000,517000,335000,357000,337000,501000,178000,262000,360000,806000,985000,906000,532000,361000,351000,424000,505000,541000,473000,985000,1207000,581000,607000,787000,633000,1489000,264000,331000,315000,437000,1294000,1161000,1779000,773000,965000,723000,678000,602000,934000,340000,314000,432000,505000,338000,471000,511000,486000,380000,370000,381000,815000,607000,934000,332000,381000,322000,426000,303000,445000,478000,290000,453000,508000,503000,364000,343000,305000,263000,294000,298000,471000,581000,556000,307000,315000,238000,237000,199000,175000,185000,216000,220000,214000,193000,172000,218000,159000,213000,199000,229000,197000,227000,236000,
contraction: 251000,559000,752000,912000,595000,389000,400000,1138000,1119000,952000,982000,1478000,1532000,938000,730000,757000,544000,746000,749000,472000,597000,
forall_inst: 1002000,774000,1009000,771000,779000,752000,817000,1002000,1859000,1335000,1581000,1915000,1816000,1507000,1774000,785000,1048000,831000,851000,732000,633000,670000,753000,796000,807000,738000,650000,641000,742000,836000,755000,785000,
implies_neg1: 217000,481000,486000,872000,662000,1614000,1185000,1610000,415000,406000,414000,405000,513000,
implies_neg2: 223000,569000,577000,573000,325000,1160000,650000,1576000,628000,405000,630000,379000,647000,
__local_input: 45000,93000,91000,200000,52000,60000,52000,81000,145000,67000,68000,62000,106000,69000,124000,60000,69000,81000,77000,40000,40000,52000,50000,89000,
equiv_simplify: 536000,512000,574000,299000,
implies_simplify: 1343000,
__normalized_input: 6570000,6258000,5955000,5727000,5896000,5809000,4550000,22408000,8847000,7389000,3060000,2598000,1924000,1313000,1129000,
rare_rewrite_eq-symm: 158000,123000,174000,239000,123000,114000,177000,249000,345000,448000,219000,364000,212000,345000,123000,223000,102000,110000,126000,107000,110000,125000,496000,281000,120000,121000,115000,
rare_rewrite_bool-eq-false: 6828000,6466000,
rare_rewrite_bool-double-not-elim: 380000,213000,

