1; Draft.Scratch_smt_check_7_3742; 2026-04-10 13:46:39.584;
and: 102000,112000,87000,78000,108000,130000,157000,190000,78000,96000,116000,140000,185000,88000,97000,127000,182000,168000,226000,208000,216000,371000,342000,195000,214000,146000,204000,228000,269000,331000,200000,
cong: 81000,52000,111000,89000,80000,70000,120000,112000,103000,70000,61000,87000,103000,72000,54000,223000,219000,130000,181000,180000,85000,103000,122000,102000,83000,92000,56000,63000,72000,43000,51000,249000,129000,93000,241000,193000,192000,136000,408000,407000,217000,276000,337000,155000,197000,216000,214000,92000,106000,493000,128000,204000,105000,115000,127000,80000,111000,161000,91000,117000,79000,
refl: 29000,17000,32000,
symm: 152000,140000,163000,376000,271000,203000,338000,
trans: 118000,130000,210000,178000,157000,155000,199000,355000,117000,249000,498000,334000,307000,683000,407000,236000,340000,
equiv1: 244000,513000,
equiv2: 110000,217000,
or_neg: 242000,251000,438000,440000,
and_neg: 805000,
and_pos: 737000,666000,813000,627000,
implies: 375000,
not_and: 238000,416000,
parsing: 18469000,
subproof: 2533000,
equiv_pos2: 47000,49000,69000,63000,84000,61000,185000,288000,117000,129000,404000,600000,119000,191000,125000,
reordering: 349000,563000,1503000,700000,
resolution: 240000,204000,182000,198000,190000,207000,209000,201000,259000,363000,406000,389000,222000,657000,470000,410000,14893000,325000,365000,256000,344000,402000,643000,738000,652000,427000,402000,415000,
contraction: 411000,488000,587000,807000,
implies_neg1: 1197000,
implies_neg2: 367000,
__local_input: 64000,59000,78000,96000,
equiv_simplify: 194000,321000,390000,632000,
__normalized_input: 4558000,3181000,8684000,2481000,
rare_rewrite_eq-symm: 93000,96000,167000,120000,194000,228000,327000,454000,388000,249000,
rare_rewrite_bool-double-not-elim: 237000,469000,

