1; Draft.Scratch_smt_check_7_29863; 2026-04-10 13:46:44.343;
bind: 259000,557000,561000,758000,826000,342000,555000,347000,1118000,1121000,795000,421000,225000,251000,214000,247000,152000,123000,129000,267000,
cong: 237000,248000,471000,374000,8630000,738000,340000,292000,318000,423000,238000,137000,193000,770000,698000,880000,346000,467000,221000,270000,140000,84000,125000,683000,469000,130000,124000,91000,149000,143000,60000,49000,56000,234000,127000,238000,
refl: 128000,114000,44000,180000,44000,34000,29000,32000,53000,60000,
symm: 78000,76000,
trans: 559000,549000,561000,671000,1041000,673000,593000,603000,520000,556000,606000,555000,394000,392000,1245000,1145000,1267000,1153000,1052000,811000,654000,646000,764000,333000,396000,321000,202000,162000,108000,83000,
choice: 51000,55000,60000,88000,
equiv1: 118000,
equiv2: 108000,
or_neg: 240000,291000,206000,399000,431000,192000,214000,188000,165000,195000,141000,201000,198000,198000,196000,219000,220000,230000,
or_pos: 601000,203000,
and_neg: 257000,
and_pos: 149000,162000,161000,200000,149000,158000,154000,173000,
implies: 463000,1212000,165000,166000,181000,181000,
not_not: 114000,
parsing: 106879000,
aci_simp: 1469000,2328000,2150000,2346000,3095000,3238000,2873000,1200000,1444000,1977000,
subproof: 1331000,4854000,1545000,1147000,1150000,1632000,
and_intro: 163000,
equiv_pos2: 153000,257000,265000,503000,1010000,487000,1007000,137000,166000,81000,75000,81000,195000,112000,237000,259000,
not_equiv1: 121000,
not_equiv2: 125000,
reordering: 374000,972000,201000,223000,307000,618000,635000,275000,
resolution: 201000,276000,212000,155000,601000,284000,251000,183000,397000,1267000,590000,1667000,781000,536000,465000,450000,459000,1243000,1751000,1772000,953000,823000,490000,256000,328000,267000,311000,153000,154000,226000,668000,2139000,506000,312000,290000,828000,173000,150000,171000,197000,290000,295000,855000,152000,144000,205000,163000,148000,242000,340000,371000,395000,358000,339000,324000,343000,216000,287000,
sko_forall: 4485000,1297000,
contraction: 431000,667000,654000,2219000,235000,247000,609000,240000,294000,246000,300000,311000,286000,279000,
forall_inst: 732000,1299000,836000,735000,824000,717000,683000,1098000,1422000,
implies_neg1: 512000,803000,263000,300000,249000,481000,
implies_neg2: 502000,1719000,220000,213000,243000,271000,
__local_input: 99000,150000,16000,18000,17000,21000,15000,17000,16000,41000,64000,124000,
equiv_simplify: 193000,195000,
__normalized_input: 5169000,2071000,1412000,1316000,1155000,
rare_rewrite_eq-symm: 178000,108000,113000,114000,123000,107000,
rare_rewrite_bool-impl-elim: 6330000,11903000,8087000,26515000,
rare_rewrite_bool-impl-false1: 12594000,13613000,16386000,7462000,7020000,8390000,
rare_rewrite_bool-and-de-morgan: 7000000,7436000,12475000,12610000,12460000,12280000,16073000,19054000,15030000,12907000,8252000,6415000,
rare_rewrite_bool-double-not-elim: 126000,378000,160000,134000,125000,212000,

