1; Draft.Scratch_smt_check_7_4577; 2026-04-10 13:48:28.190;
bind: 282000,701000,224000,289000,262000,1067000,1065000,975000,1045000,1057000,963000,1048000,1053000,1054000,341000,340000,369000,362000,799000,822000,767000,580000,559000,347000,251000,266000,252000,278000,269000,1076000,1061000,994000,1037000,1062000,981000,1067000,1053000,1119000,337000,343000,375000,386000,789000,810000,839000,592000,575000,335000,454000,484000,484000,472000,464000,465000,255000,544000,580000,591000,328000,531000,
cong: 266000,67000,109000,78000,106000,606000,603000,838000,577000,564000,101000,85000,81000,775000,60000,54000,578000,65000,854000,561000,327000,854000,557000,558000,556000,523000,864000,563000,453000,445000,175000,55000,187000,60000,437000,426000,421000,613000,292000,129000,233000,194000,137000,307000,295000,421000,422000,65000,107000,70000,106000,614000,618000,854000,570000,538000,96000,84000,84000,786000,64000,64000,577000,64000,852000,571000,339000,863000,571000,569000,570000,537000,896000,565000,460000,451000,175000,57000,340000,63000,442000,431000,391000,651000,287000,125000,235000,178000,142000,297000,314000,423000,416000,976000,491000,570000,531000,106000,219000,322000,228000,313000,240000,248000,246000,271000,65000,264000,56000,220000,225000,215000,311000,158000,237000,372000,262000,213000,206000,259000,258000,269000,121000,219000,169000,136000,64000,365000,264000,213000,219000,257000,315000,
refl: 34000,340000,28000,402000,50000,39000,30000,1752000,309000,26000,44000,1274000,306000,23000,30000,40000,29000,442000,94000,43000,38000,36000,29000,49000,651000,35000,27000,39000,32000,34000,33000,135000,109000,25000,35000,34000,336000,29000,417000,47000,37000,31000,1757000,313000,30000,45000,1249000,309000,24000,28000,37000,29000,462000,96000,57000,38000,35000,28000,46000,804000,38000,29000,44000,29000,38000,34000,134000,109000,25000,35000,46000,37000,69000,64000,60000,41000,801000,64000,58000,40000,29000,167000,130000,109000,234000,165000,
symm: 181000,146000,223000,900000,998000,986000,1036000,925000,338000,375000,156000,152000,212000,921000,991000,965000,1090000,939000,340000,379000,432000,462000,
trans: 202000,201000,241000,209000,176000,147000,252000,218000,267000,997000,991000,981000,966000,981000,970000,967000,955000,955000,1023000,989000,1037000,171000,1035000,1055000,1092000,952000,940000,107000,1008000,957000,988000,985000,993000,984000,955000,773000,710000,967000,778000,981000,942000,926000,873000,965000,735000,759000,737000,742000,763000,335000,320000,319000,318000,122000,363000,354000,356000,330000,363000,760000,749000,732000,717000,643000,737000,495000,438000,444000,238000,392000,292000,300000,255000,263000,697000,669000,952000,921000,169000,197000,203000,214000,185000,147000,262000,243000,242000,1004000,1012000,994000,984000,987000,1001000,991000,1062000,976000,1038000,999000,1047000,181000,1042000,1041000,1063000,947000,953000,120000,1038000,995000,999000,987000,1013000,1000000,984000,789000,728000,964000,785000,975000,973000,934000,881000,972000,754000,752000,759000,756000,774000,344000,334000,330000,326000,118000,376000,352000,372000,344000,374000,787000,746000,732000,708000,645000,823000,502000,439000,452000,251000,241000,285000,296000,249000,252000,693000,659000,938000,939000,495000,455000,429000,507000,404000,447000,389000,414000,439000,480000,459000,426000,425000,453000,127000,472000,676000,525000,438000,427000,425000,420000,441000,434000,471000,487000,445000,447000,411000,478000,478000,442000,243000,240000,270000,296000,251000,262000,275000,476000,488000,437000,435000,419000,
choice: 45000,90000,
equiv2: 457000,
or_neg: 321000,345000,278000,267000,345000,243000,267000,348000,261000,281000,356000,335000,
or_pos: 697000,369000,214000,612000,
and_neg: 270000,308000,268000,
and_pos: 791000,285000,222000,227000,
implies: 912000,445000,345000,435000,
parsing: 391848000,
aci_simp: 949000,982000,2000000,1949000,1876000,1957000,1918000,1624000,1127000,1127000,1135000,1970000,1657000,1430000,1023000,1049000,957000,1552000,1515000,1422000,1926000,10832000,1867000,985000,990000,2080000,2041000,1931000,2002000,2150000,1661000,1347000,1173000,1218000,1978000,1684000,1409000,1017000,1010000,971000,1523000,1524000,1438000,1895000,1879000,1813000,1303000,1380000,1268000,1246000,1184000,1213000,1281000,1139000,1438000,1028000,1031000,1073000,1288000,1130000,
evaluate: 239000,229000,221000,226000,328000,243000,274000,254000,245000,
onepoint: 1109000,7179000,8237000,1776000,1137000,7363000,8404000,2049000,9574000,
qnt_join: 257000,930000,972000,977000,378000,262000,926000,995000,999000,377000,470000,
subproof: 3109000,1338000,
equiv_pos2: 311000,132000,816000,133000,816000,1329000,318000,263000,452000,295000,288000,387000,438000,295000,384000,
reordering: 461000,1187000,1123000,508000,355000,421000,234000,433000,578000,444000,1084000,441000,550000,425000,584000,456000,
resolution: 230000,261000,490000,1392000,216000,464000,624000,1397000,503000,525000,245000,234000,194000,307000,700000,897000,1174000,1026000,497000,487000,217000,208000,201000,288000,715000,203000,223000,279000,324000,399000,218000,415000,1356000,244000,424000,323000,287000,497000,451000,1385000,332000,431000,372000,354000,318000,451000,254000,428000,335000,286000,493000,503000,1384000,250000,
sko_forall: 3391000,3410000,
contraction: 512000,1426000,459000,487000,416000,427000,500000,
forall_inst: 844000,835000,796000,798000,747000,768000,774000,1537000,1059000,809000,
implies_neg1: 1282000,344000,
implies_neg2: 1269000,306000,
__local_input: 241000,32000,55000,
qnt_rm_unused: 1185000,6701000,1269000,15684000,202000,467000,1216000,1197000,6478000,1303000,9713000,210000,503000,1225000,296000,215000,
connective_def: 1913000,1171000,389000,2005000,1197000,399000,640000,382000,605000,
miniscope_split: 1347000,936000,1476000,428000,1008000,1378000,929000,1495000,449000,1015000,609000,
__normalized_input: 11909000,7774000,6876000,6724000,1572000,1599000,925000,812000,1172000,716000,758000,1674000,
miniscope_distribute: 1033000,1029000,567000,
rare_rewrite_eq-refl: 181000,171000,108000,113000,152000,160000,120000,118000,118000,
rare_rewrite_eq-symm: 145000,241000,176000,128000,137000,120000,166000,148000,192000,178000,152000,140000,129000,169000,208000,129000,
rare_rewrite_or-not-refl: 5921000,8111000,7733000,6358000,6031000,10750000,8029000,7597000,6905000,
rare_rewrite_bool-impl-elim: 5944000,6625000,5947000,6378000,6856000,6817000,
rare_rewrite_bool-impl-false1: 6192000,6662000,
rare_rewrite_bool-or-de-morgan: 7068000,7399000,6501000,6533000,
rare_rewrite_bool-and-de-morgan: 7040000,7152000,7368000,7673000,5739000,6792000,7008000,7375000,5839000,5956000,5795000,6171000,7264000,7566000,17582000,7979000,5658000,6642000,6973000,7131000,5574000,5828000,5762000,6217000,7017000,6086000,6253000,6481000,5828000,6427000,6596000,5868000,6280000,5927000,6138000,5765000,6282000,6561000,
rare_rewrite_bool-double-not-elim: 197000,946000,690000,952000,714000,187000,230000,185000,135000,176000,21517000,

