1; Draft.Scratch_smt_check_7_29825; 2026-04-10 13:48:26.524;
bind: 253000,280000,190000,221000,247000,369000,485000,
cong: 109000,71000,115000,50000,54000,93000,70000,109000,66000,58000,53000,101000,74000,
refl: 26000,29000,35000,541000,
symm: 113000,117000,348000,442000,
trans: 237000,111000,183000,207000,195000,159000,115000,259000,321000,394000,413000,
or_pos: 493000,
parsing: 7341000,
aci_simp: 1042000,1902000,
evaluate: 271000,
onepoint: 2051000,
qnt_join: 411000,
equiv_pos2: 98000,131000,244000,
reordering: 712000,
resolution: 207000,232000,274000,308000,217000,271000,
forall_inst: 1116000,1417000,
qnt_rm_unused: 581000,1727000,
__normalized_input: 10449000,6424000,1067000,1177000,1079000,1063000,
rare_rewrite_eq-refl: 114000,
rare_rewrite_or-not-refl: 12333000,
rare_rewrite_bool-impl-elim: 7483000,12032000,

