1; Draft.Scratch_smt_check_7_15704; 2026-04-10 13:48:25.921;
bind: 398000,518000,456000,435000,428000,432000,597000,529000,365000,382000,771000,463000,467000,352000,314000,249000,247000,417000,261000,255000,
cong: 271000,173000,124000,146000,120000,179000,186000,203000,153000,145000,150000,115000,150000,192000,203000,306000,232000,137000,202000,202000,257000,393000,171000,141000,90000,122000,445000,178000,129000,76000,89000,205000,130000,127000,141000,142000,188000,101000,81000,51000,91000,231000,81000,75000,43000,61000,141000,152000,
refl: 47000,50000,44000,33000,29000,241000,25000,20000,18000,123000,
trans: 444000,417000,398000,397000,384000,390000,384000,400000,497000,410000,395000,670000,214000,308000,238000,218000,377000,
choice: 85000,
or_neg: 375000,358000,326000,184000,208000,166000,210000,229000,195000,
or_pos: 595000,233000,309000,
and_neg: 276000,
and_pos: 568000,185000,194000,297000,
implies: 378000,449000,268000,255000,
parsing: 34513000,
subproof: 2686000,2397000,1182000,1208000,
equiv_pos2: 279000,225000,221000,417000,1127000,462000,374000,299000,764000,142000,139000,329000,234000,118000,228000,238000,177000,160000,283000,65000,76000,151000,130000,147000,
reordering: 460000,658000,1290000,723000,791000,461000,324000,583000,450000,341000,660000,375000,451000,256000,
resolution: 356000,380000,550000,591000,368000,394000,470000,479000,521000,616000,653000,469000,570000,324000,530000,490000,534000,535000,361000,537000,523000,664000,370000,408000,473000,598000,695000,701000,377000,475000,423000,475000,444000,353000,313000,295000,419000,221000,217000,334000,286000,359000,361000,197000,311000,338000,362000,215000,221000,272000,344000,393000,372000,264000,302000,269000,316000,378000,
sko_forall: 2143000,1233000,
contraction: 532000,631000,693000,456000,333000,346000,407000,290000,
forall_inst: 1482000,1420000,1636000,1971000,1547000,804000,927000,1127000,901000,
implies_neg1: 514000,659000,354000,285000,
implies_neg2: 492000,614000,265000,333000,
__local_input: 132000,133000,123000,43000,66000,
connective_def: 522000,498000,
__normalized_input: 8212000,8409000,7645000,6659000,5199000,4182000,18892000,4076000,3979000,1974000,
rare_rewrite_eq-symm: 308000,294000,351000,305000,311000,504000,185000,172000,269000,
rare_rewrite_bool-impl-false1: 11851000,12354000,6479000,7071000,
rare_rewrite_bool-and-de-morgan: 12292000,12040000,11959000,11676000,6756000,6606000,
rare_rewrite_bool-double-not-elim: 303000,426000,514000,124000,185000,

