1; Draft.Scratch_smt_check_7_10544; 2026-04-10 13:48:25.949;
bind: 578000,541000,318000,317000,283000,306000,289000,279000,304000,321000,314000,317000,282000,297000,301000,262000,
cong: 327000,139000,103000,211000,187000,144000,139000,220000,76000,107000,223000,194000,153000,138000,
refl: 57000,51000,478000,24000,89000,40000,32000,80000,26000,31000,505000,23000,86000,38000,32000,81000,
symm: 282000,308000,256000,268000,300000,267000,
trans: 473000,493000,486000,480000,478000,487000,246000,599000,558000,606000,292000,279000,291000,281000,237000,243000,216000,232000,278000,262000,262000,259000,273000,272000,148000,311000,319000,352000,277000,325000,269000,282000,279000,416000,214000,243000,
or_pos: 279000,
implies: 263000,
parsing: 39437000,
aci_simp: 2027000,1289000,1193000,1158000,1127000,1266000,1239000,1134000,
evaluate: 364000,264000,
onepoint: 2444000,1510000,
qnt_join: 411000,401000,302000,316000,
subproof: 1271000,
equiv_pos2: 180000,168000,
reordering: 332000,
resolution: 489000,518000,294000,385000,456000,302000,324000,
contraction: 332000,
forall_inst: 818000,
implies_neg1: 326000,
implies_neg2: 302000,
__local_input: 93000,
qnt_rm_unused: 382000,1072000,370000,1057000,
connective_def: 307000,316000,
miniscope_split: 449000,397000,
__normalized_input: 2654000,2522000,2331000,2374000,
rare_rewrite_eq-refl: 234000,141000,
rare_rewrite_or-not-refl: 11172000,6979000,
rare_rewrite_bool-impl-elim: 6746000,6678000,
rare_rewrite_bool-and-de-morgan: 6049000,6584000,6204000,6332000,
rare_rewrite_bool-double-not-elim: 251000,264000,

