1; Draft.Scratch_smt_check_7_30910; 2026-04-10 13:42:51.509;
bind: 238000,376000,423000,374000,405000,
cong: 139000,236000,
refl: 39000,58000,
trans: 132000,148000,226000,254000,
or_pos: 518000,321000,309000,431000,491000,472000,288000,306000,467000,
parsing: 9823000,
aci_simp: 1001000,1914000,
equiv_pos2: 331000,272000,385000,275000,273000,
reordering: 752000,373000,376000,674000,727000,783000,381000,381000,678000,
resolution: 203000,227000,281000,265000,340000,475000,325000,410000,328000,253000,335000,254000,326000,392000,598000,422000,336000,427000,307000,274000,322000,384000,263000,347000,410000,
forall_inst: 1342000,1351000,1368000,1441000,1411000,1380000,1308000,1386000,1427000,1290000,1291000,
__normalized_input: 1377000,1409000,1183000,1098000,1019000,1048000,978000,935000,
rare_rewrite_bool-impl-elim: 20438000,11427000,11158000,11263000,12008000,
rare_rewrite_bool-and-de-morgan: 5805000,11347000,

