1; Draft.Scratch_smt_check_7_28918; 2026-04-10 13:45:02.131;
bind: 347000,308000,225000,196000,530000,551000,606000,421000,
cong: 393000,154000,133000,155000,91000,83000,413000,284000,207000,
refl: 51000,
symm: 84000,
trans: 109000,242000,188000,353000,371000,336000,
or_pos: 194000,195000,542000,333000,355000,591000,
and_neg: 343000,
and_pos: 261000,
implies: 329000,
parsing: 34876000,
aci_simp: 1857000,
subproof: 2366000,
equiv_pos1: 178000,
equiv_pos2: 487000,228000,125000,688000,442000,259000,163000,
reordering: 218000,211000,765000,679000,423000,597000,407000,385000,785000,768000,
resolution: 197000,254000,447000,511000,488000,282000,217000,182000,224000,168000,205000,312000,165000,202000,267000,228000,220000,268000,396000,312000,352000,553000,305000,334000,415000,
contraction: 529000,
forall_inst: 938000,782000,821000,1744000,1713000,1437000,
implies_neg1: 487000,
implies_neg2: 440000,
__local_input: 112000,
__normalized_input: 6084000,5137000,4197000,1288000,1313000,1122000,1049000,1211000,
rare_rewrite_eq-symm: 120000,112000,94000,345000,182000,
rare_rewrite_bool-impl-elim: 6290000,6349000,7512000,11695000,12068000,

