1; Draft.Scratch_smt_check_7_23806; 2026-04-10 13:51:35.270;
and: 155000,213000,251000,277000,
bind: 378000,407000,385000,254000,247000,516000,518000,344000,351000,792000,790000,655000,663000,657000,351000,249000,246000,264000,255000,
cong: 94000,144000,267000,232000,213000,234000,315000,160000,144000,88000,171000,360000,404000,330000,311000,356000,329000,503000,257000,236000,201000,182000,146000,471000,189000,155000,131000,113000,83000,118000,86000,69000,228000,127000,61000,60000,59000,52000,65000,955000,287000,72000,80000,69000,138000,101000,88000,74000,102000,190000,
refl: 133000,66000,98000,25000,40000,92000,107000,34000,25000,44000,47000,51000,46000,59000,97000,32000,37000,20000,31000,
symm: 294000,628000,301000,160000,159000,
trans: 342000,340000,337000,343000,301000,494000,457000,471000,465000,403000,458000,475000,348000,289000,296000,312000,320000,475000,726000,593000,611000,611000,563000,599000,593000,621000,633000,623000,515000,539000,531000,501000,428000,351000,321000,522000,514000,466000,420000,343000,260000,179000,330000,312000,316000,185000,170000,
equiv1: 443000,186000,298000,
equiv2: 296000,438000,150000,202000,179000,
or_neg: 561000,679000,524000,527000,660000,219000,227000,237000,247000,232000,244000,
or_pos: 458000,365000,
and_neg: 569000,232000,
and_pos: 183000,183000,189000,183000,228000,231000,255000,259000,235000,241000,
implies: 306000,199000,197000,305000,
not_and: 251000,
not_not: 169000,199000,
parsing: 65649000,
aci_simp: 1355000,1111000,1130000,1256000,1267000,1479000,1658000,1405000,1290000,1226000,1157000,1093000,1115000,1019000,1173000,
evaluate: 247000,282000,
qnt_join: 376000,
subproof: 1450000,1113000,1275000,1179000,1324000,
and_intro: 179000,250000,
equiv_pos1: 266000,
equiv_pos2: 236000,114000,341000,542000,83000,289000,64000,836000,72000,114000,115000,120000,72000,113000,31000,113000,156000,
reordering: 1007000,372000,971000,642000,281000,325000,324000,516000,531000,646000,
resolution: 248000,231000,340000,392000,421000,258000,234000,290000,376000,484000,462000,274000,394000,468000,452000,556000,318000,306000,364000,445000,474000,363000,305000,1047000,3353000,339000,387000,312000,434000,400000,380000,301000,302000,470000,231000,221000,289000,302000,310000,455000,230000,212000,243000,231000,324000,280000,443000,441000,273000,293000,328000,350000,630000,218000,234000,274000,225000,289000,221000,252000,440000,450000,700000,233000,228000,339000,
contraction: 412000,1566000,353000,248000,262000,240000,252000,379000,285000,331000,402000,415000,
forall_inst: 812000,1002000,830000,1112000,1455000,876000,787000,840000,776000,822000,795000,866000,
implies_neg1: 391000,249000,233000,334000,405000,
implies_neg2: 381000,231000,226000,241000,410000,
__local_input: 212000,40000,44000,40000,140000,38000,40000,133000,49000,42000,139000,
qnt_rm_unused: 766000,2655000,
connective_def: 797000,
equiv_simplify: 555000,568000,226000,264000,287000,248000,
miniscope_split: 422000,3076000,
implies_simplify: 379000,
__normalized_input: 17925000,25775000,28606000,18404000,8346000,5282000,5301000,3973000,3598000,3562000,3564000,3424000,3381000,
rare_rewrite_eq-refl: 168000,
rare_rewrite_eq-symm: 214000,169000,441000,191000,189000,184000,190000,
rare_rewrite_bool-impl-elim: 6068000,5996000,
rare_rewrite_bool-impl-false1: 6172000,6693000,
rare_rewrite_bool-or-de-morgan: 6349000,6738000,7271000,
rare_rewrite_bool-and-de-morgan: 6235000,6382000,6853000,6063000,6253000,6004000,14250000,6181000,6328000,6514000,6851000,
rare_rewrite_bool-double-not-elim: 249000,220000,217000,209000,193000,295000,313000,225000,154000,233000,

