1; Draft.Scratch_smt_check_7_1602; 2026-04-10 13:50:41.650;
bind: 256000,236000,257000,242000,365000,274000,539000,282000,294000,287000,364000,310000,251000,307000,306000,258000,315000,243000,346000,363000,256000,246000,325000,292000,252000,320000,261000,309000,242000,380000,350000,249000,305000,296000,254000,316000,254000,251000,393000,276000,287000,287000,332000,289000,198000,392000,
cong: 108000,98000,305000,235000,153000,105000,172000,86000,152000,136000,124000,155000,108000,111000,106000,271000,201000,143000,152000,130000,136000,77000,150000,190000,127000,130000,169000,119000,126000,272000,194000,183000,153000,178000,139000,78000,134000,103000,102000,338000,244000,169000,118000,178000,74000,150000,129000,98000,155000,109000,
refl: 45000,122000,43000,411000,48000,45000,118000,57000,34000,60000,46000,128000,45000,415000,52000,48000,109000,
symm: 248000,288000,378000,261000,302000,278000,290000,255000,
trans: 249000,239000,323000,245000,272000,190000,216000,239000,248000,267000,253000,163000,426000,287000,341000,219000,241000,313000,255000,263000,194000,204000,255000,262000,221000,247000,316000,287000,284000,233000,318000,456000,354000,383000,250000,263000,239000,234000,377000,276000,278000,256000,300000,267000,266000,315000,304000,268000,303000,222000,227000,234000,256000,285000,178000,285000,283000,314000,242000,241000,309000,299000,273000,190000,201000,
equiv1: 304000,319000,
equiv2: 242000,229000,
or_pos: 329000,309000,403000,336000,437000,222000,260000,256000,425000,263000,544000,217000,292000,265000,360000,270000,546000,367000,312000,396000,339000,524000,
and_neg: 1349000,
and_pos: 410000,1230000,1210000,1278000,1211000,1343000,1249000,1298000,448000,
implies: 373000,341000,1394000,330000,381000,
parsing: 62724000,
aci_simp: 1130000,982000,1079000,1122000,1114000,1196000,1008000,1149000,1079000,1136000,1097000,1255000,1534000,1156000,1246000,1276000,1215000,1146000,
evaluate: 301000,276000,
onepoint: 1390000,1349000,
qnt_join: 304000,321000,
subproof: 1713000,1631000,2485000,1640000,2176000,
equiv_pos2: 124000,124000,371000,211000,143000,210000,90000,122000,132000,324000,98000,157000,92000,216000,94000,122000,121000,78000,95000,125000,129000,329000,159000,89000,202000,156000,120000,81000,98000,121000,153000,373000,102000,209000,172000,93000,204000,90000,
reordering: 438000,431000,623000,437000,423000,716000,213000,316000,304000,521000,284000,395000,454000,884000,597000,1985000,9833000,220000,340000,318000,536000,297000,391000,471000,936000,562000,424000,433000,667000,483000,411000,725000,
resolution: 460000,364000,303000,342000,297000,433000,505000,564000,355000,313000,256000,328000,337000,441000,354000,343000,381000,349000,251000,267000,339000,451000,363000,302000,330000,344000,399000,488000,514000,335000,348000,236000,293000,316000,295000,356000,365000,234000,281000,314000,262000,377000,432000,370000,250000,217000,247000,265000,274000,256000,292000,309000,246000,278000,355000,1624000,1578000,1189000,5656000,385000,298000,403000,332000,419000,489000,511000,328000,357000,255000,285000,289000,340000,367000,248000,277000,335000,259000,396000,443000,391000,253000,224000,253000,283000,265000,259000,307000,251000,280000,348000,328000,373000,375000,457000,557000,588000,367000,360000,264000,337000,325000,335000,413000,606000,356000,361000,324000,247000,248000,260000,304000,417000,382000,
contraction: 552000,441000,510000,452000,1927000,11560000,438000,530000,439000,443000,
forall_inst: 1136000,943000,905000,970000,987000,862000,980000,943000,808000,845000,788000,1182000,925000,894000,864000,1171000,989000,811000,864000,848000,1147000,889000,882000,844000,1088000,950000,983000,1054000,880000,976000,
implies_neg1: 449000,389000,402000,439000,2503000,
implies_neg2: 557000,508000,1554000,459000,574000,
__local_input: 185000,207000,246000,267000,75000,70000,143000,120000,180000,70000,123000,
equiv_simplify: 321000,394000,312000,400000,
__normalized_input: 23691000,22918000,22253000,21715000,36529000,20245000,17299000,13262000,4185000,4177000,2414000,2381000,2126000,1749000,1801000,1426000,1089000,1198000,1766000,
rare_rewrite_eq-refl: 166000,168000,
rare_rewrite_eq-symm: 188000,184000,361000,155000,154000,192000,198000,305000,176000,237000,186000,190000,329000,221000,193000,198000,369000,159000,165000,195000,
rare_rewrite_or-not-refl: 12083000,6854000,
rare_rewrite_bool-impl-elim: 6416000,6436000,6899000,6568000,6766000,6735000,6890000,6610000,7038000,6716000,6758000,6741000,6751000,6869000,6700000,6797000,7333000,7359000,8331000,7196000,6787000,6589000,
rare_rewrite_bool-impl-false1: 6713000,6953000,6784000,7041000,
rare_rewrite_bool-and-de-morgan: 6389000,6668000,6350000,6452000,6611000,6781000,6942000,6783000,7006000,7096000,6882000,6286000,6290000,6470000,
rare_rewrite_bool-double-not-elim: 243000,262000,

