1; Draft.Scratch_smt_check_7_21277; 2026-04-10 13:48:49.890;
bind: 188000,279000,293000,338000,228000,542000,554000,490000,292000,326000,390000,297000,312000,306000,645000,391000,322000,147000,
cong: 664000,504000,293000,174000,117000,90000,70000,59000,359000,183000,166000,96000,165000,155000,94000,199000,165000,238000,111000,97000,123000,222000,154000,118000,109000,115000,87000,157000,89000,123000,140000,85000,244000,158000,90000,238000,150000,129000,175000,471000,260000,164000,329000,207000,91000,190000,98000,85000,50000,55000,
refl: 81000,76000,29000,75000,25000,27000,53000,61000,38000,97000,53000,99000,60000,118000,52000,91000,36000,40000,33000,40000,30000,28000,111000,42000,75000,60000,42000,36000,27000,
symm: 122000,80000,81000,143000,255000,166000,343000,121000,79000,86000,
trans: 255000,194000,128000,99000,145000,156000,151000,266000,272000,270000,489000,513000,332000,306000,295000,326000,274000,346000,409000,211000,225000,151000,184000,128000,100000,
equiv1: 249000,709000,147000,233000,
equiv2: 173000,334000,330000,142000,140000,
or_neg: 294000,284000,278000,323000,306000,448000,419000,390000,425000,168000,177000,190000,
or_pos: 358000,298000,244000,
and_neg: 328000,172000,305000,
and_pos: 228000,213000,249000,258000,209000,239000,218000,271000,511000,418000,467000,520000,471000,406000,431000,513000,147000,126000,124000,151000,204000,202000,226000,229000,200000,230000,207000,235000,
implies: 566000,305000,300000,253000,363000,767000,560000,150000,151000,272000,268000,
not_and: 459000,
not_not: 165000,323000,
parsing: 54930000,
aci_simp: 1105000,2252000,1114000,
evaluate: 331000,
ite_neg2: 341000,
subproof: 1514000,1291000,1301000,2166000,2149000,2294000,2516000,3434000,1129000,1157000,1286000,1308000,
and_intro: 225000,528000,128000,236000,
equiv_pos1: 224000,
equiv_pos2: 873000,365000,172000,177000,259000,142000,370000,191000,193000,323000,47000,523000,492000,246000,420000,40000,139000,78000,90000,
reordering: 965000,997000,370000,1780000,2161000,431000,314000,316000,204000,314000,880000,903000,478000,827000,
resolution: 224000,345000,661000,840000,739000,389000,321000,765000,2425000,607000,442000,413000,998000,229000,451000,430000,1079000,212000,192000,274000,285000,267000,233000,199000,280000,436000,511000,566000,411000,426000,286000,395000,367000,467000,498000,381000,313000,446000,448000,512000,474000,358000,439000,860000,327000,983000,2986000,476000,471000,631000,576000,1711000,306000,359000,359000,331000,434000,970000,848000,1946000,451000,613000,552000,711000,920000,958000,570000,370000,185000,322000,286000,301000,432000,176000,191000,269000,285000,446000,180000,188000,258000,382000,398000,574000,405000,379000,940000,204000,202000,253000,420000,392000,945000,203000,191000,176000,268000,
contraction: 868000,836000,418000,501000,413000,486000,422000,424000,1105000,604000,777000,1012000,1164000,920000,216000,238000,223000,229000,284000,419000,479000,387000,438000,
forall_inst: 1228000,1287000,1351000,1477000,1333000,1360000,1350000,1408000,940000,779000,795000,747000,713000,779000,
implies_neg1: 988000,456000,466000,321000,363000,705000,1023000,404000,206000,221000,439000,411000,
implies_neg2: 867000,408000,411000,340000,357000,458000,995000,760000,201000,198000,359000,366000,
__local_input: 128000,21000,34000,32000,37000,23000,30000,53000,43000,98000,111000,65000,30000,49000,95000,69000,80000,61000,73000,119000,34000,48000,39000,48000,22000,50000,61000,36000,26000,22000,54000,35000,
equiv_simplify: 262000,351000,500000,508000,211000,231000,225000,318000,
implies_simplify: 873000,
__normalized_input: 12032000,8861000,6628000,4925000,2956000,2662000,20015000,2139000,1032000,922000,1274000,
rare_rewrite_eq-refl: 102000,
rare_rewrite_eq-symm: 172000,188000,177000,193000,308000,304000,153000,278000,158000,147000,122000,109000,118000,
rare_rewrite_bool-impl-elim: 23042000,12338000,12186000,12564000,6827000,
rare_rewrite_bool-and-de-morgan: 12493000,6915000,
rare_rewrite_bool-double-not-elim: 121000,213000,456000,94000,

