1; Draft.Scratch_smt_check_7_25906; 2026-04-10 13:50:10.745;
and: 277000,301000,123000,121000,
bind: 880000,824000,461000,358000,347000,
cong: 490000,349000,229000,232000,454000,140000,116000,120000,98000,162000,
refl: 57000,49000,
symm: 364000,144000,138000,
trans: 336000,762000,720000,754000,673000,675000,456000,439000,161000,173000,285000,233000,284000,182000,181000,
or_pos: 429000,357000,312000,313000,430000,
and_pos: 184000,190000,163000,174000,
parsing: 6620000,
aci_simp: 2897000,2431000,2686000,1067000,
equiv_pos2: 595000,148000,222000,
reordering: 531000,280000,246000,272000,434000,259000,400000,233000,652000,
resolution: 762000,1134000,683000,368000,612000,376000,513000,509000,178000,187000,158000,244000,312000,186000,240000,277000,367000,
forall_inst: 2005000,1425000,866000,960000,907000,
__normalized_input: 13483000,12729000,9341000,719000,684000,533000,
rare_rewrite_eq-symm: 105000,125000,
rare_rewrite_bool-impl-elim: 13518000,11081000,
rare_rewrite_bool-impl-false1: 6247000,6333000,
rare_rewrite_bool-and-de-morgan: 12561000,12923000,14592000,13539000,6809000,
rare_rewrite_bool-double-not-elim: 194000,

