1; Draft.Scratch_smt_check_7_11189; 2026-04-10 13:49:16.679;
bind: 238000,194000,233000,191000,218000,186000,180000,249000,200000,240000,200000,218000,188000,177000,241000,193000,241000,199000,226000,227000,184000,253000,192000,241000,196000,215000,202000,169000,309000,200000,293000,203000,272000,300000,206000,214000,297000,214000,315000,208000,274000,280000,208000,206000,226000,214000,296000,316000,244000,304000,316000,239000,281000,294000,257000,298000,287000,239000,216000,241000,192000,237000,197000,219000,205000,170000,229000,189000,238000,190000,219000,198000,165000,234000,192000,295000,184000,212000,208000,172000,239000,197000,235000,194000,233000,208000,220000,323000,221000,295000,199000,267000,274000,209000,220000,301000,206000,324000,225000,274000,279000,190000,193000,216000,284000,280000,240000,279000,278000,231000,201000,236000,183000,235000,195000,229000,196000,166000,286000,189000,245000,186000,217000,200000,171000,249000,337000,425000,335000,466000,376000,386000,440000,331000,506000,345000,387000,350000,300000,533000,368000,538000,376000,490000,495000,336000,370000,558000,366000,554000,353000,496000,267000,188000,198000,213000,
cong: 165000,84000,144000,72000,67000,74000,60000,149000,71000,155000,83000,151000,70000,71000,87000,71000,146000,73000,232000,157000,163000,87000,142000,66000,65000,77000,57000,180000,76000,157000,81000,141000,67000,68000,83000,60000,147000,69000,231000,153000,145000,95000,162000,120000,95000,147000,116000,69000,74000,84000,63000,171000,126000,155000,92000,71000,72000,77000,91000,153000,107000,91000,158000,106000,70000,75000,94000,65000,176000,124000,161000,99000,75000,89000,81000,88000,274000,222000,122000,91000,60000,76000,45000,41000,47000,51000,46000,123000,117000,73000,75000,50000,65000,48000,50000,53000,140000,106000,121000,87000,67000,69000,141000,46000,45000,51000,47000,112000,98000,145000,111000,123000,102000,68000,70000,86000,47000,45000,50000,44000,105000,93000,284000,172000,140000,141000,107000,124000,113000,61000,64000,86000,58000,149000,100000,147000,113000,115000,82000,61000,63000,84000,61000,114000,95000,293000,164000,127000,83000,80000,146000,49000,67000,49000,79000,156000,82000,149000,65000,65000,77000,58000,164000,76000,154000,82000,139000,71000,65000,76000,58000,142000,73000,226000,154000,158000,84000,150000,64000,65000,77000,59000,143000,81000,155000,82000,144000,66000,67000,78000,60000,168000,90000,266000,164000,153000,94000,206000,117000,91000,174000,104000,69000,73000,81000,61000,158000,127000,163000,88000,69000,70000,84000,75000,163000,115000,106000,161000,110000,75000,87000,87000,57000,151000,129000,158000,86000,66000,65000,68000,77000,277000,176000,121000,96000,63000,77000,41000,34000,44000,46000,50000,127000,128000,149000,111000,124000,81000,62000,70000,88000,55000,110000,91000,136000,102000,120000,99000,65000,70000,83000,53000,108000,88000,282000,158000,132000,81000,69000,74000,51000,66000,54000,77000,160000,78000,142000,65000,67000,80000,59000,143000,77000,183000,80000,145000,63000,65000,75000,53000,149000,72000,234000,167000,19038000,140000,246000,115000,106000,115000,91000,226000,117000,256000,126000,251000,111000,113000,121000,104000,221000,113000,395000,326000,397000,150000,287000,183000,135000,276000,164000,110000,120000,124000,91000,275000,201000,266000,135000,109000,106000,112000,128000,260000,180000,133000,253000,187000,112000,117000,120000,92000,247000,125000,148000,103000,71000,69000,73000,74000,259000,169000,112000,90000,59000,73000,40000,34000,42000,49000,47000,117000,116000,236000,
refl: 17000,21000,20000,43000,64000,18000,24000,18000,21000,78000,22000,26000,84000,22000,27000,79000,17000,19000,20000,29000,19000,19000,29000,15000,16000,30000,15000,17000,29000,18000,18000,23000,17000,24000,64000,17000,23000,18000,24000,84000,22000,24000,74000,24000,25000,71000,17000,17000,29000,18000,19000,27000,18000,18000,26000,17000,22000,68000,28000,33000,32000,34000,117000,34000,41000,117000,36000,38000,116000,50000,46000,36000,
symm: 98000,99000,95000,99000,104000,99000,89000,89000,96000,91000,84000,89000,103000,90000,89000,99000,96000,99000,176000,134000,99000,102000,97000,101000,99000,106000,82000,89000,87000,95000,135000,96000,99000,170000,170000,205000,178000,83000,104000,
trans: 228000,235000,232000,170000,228000,230000,279000,177000,224000,234000,220000,235000,238000,235000,217000,228000,253000,233000,170000,218000,231000,231000,292000,305000,259000,257000,228000,190000,168000,164000,283000,275000,263000,224000,218000,190000,178000,177000,239000,248000,221000,241000,252000,225000,282000,229000,157000,161000,244000,266000,230000,296000,272000,240000,266000,228000,163000,195000,188000,239000,227000,229000,171000,222000,232000,227000,166000,215000,225000,217000,219000,224000,234000,186000,228000,241000,237000,175000,311000,287000,306000,281000,304000,257000,229000,221000,192000,187000,161000,275000,283000,265000,211000,223000,180000,153000,148000,243000,256000,226000,253000,269000,234000,260000,220000,151000,206000,188000,222000,228000,248000,168000,231000,232000,224000,171000,207000,221000,235000,229000,248000,235000,334000,431000,470000,410000,307000,389000,459000,369000,488000,579000,477000,443000,418000,330000,298000,289000,540000,534000,489000,444000,227000,174000,166000,163000,
choice: 73000,
equiv1: 298000,186000,
equiv2: 180000,131000,132000,
or_neg: 166000,173000,199000,158000,247000,245000,233000,257000,162000,167000,183000,165000,159000,191000,178000,159000,
or_pos: 286000,222000,285000,213000,272000,234000,
and_pos: 217000,233000,254000,242000,231000,241000,
implies: 210000,194000,233000,275000,250000,249000,218000,181000,226000,288000,349000,255000,213000,193000,388000,514000,
not_and: 295000,
not_not: 142000,147000,
parsing: 101717000,
evaluate: 242000,
subproof: 1237000,1819000,1587000,1344000,1395000,1279000,1323000,1252000,1548000,1239000,1705000,1396000,1296000,1311000,1540000,2214000,2445000,
and_intro: 239000,
equiv_pos2: 49000,149000,44000,146000,257000,44000,153000,44000,152000,268000,168000,45000,199000,46000,210000,349000,33000,60000,129000,116000,41000,109000,36000,46000,160000,33000,43000,167000,329000,43000,162000,44000,171000,306000,113000,51000,151000,44000,149000,257000,47000,146000,46000,163000,269000,179000,46000,203000,45000,200000,350000,34000,60000,132000,116000,27000,43000,158000,41000,162000,312000,105000,46000,145000,44000,147000,262000,76000,300000,81000,275000,530000,330000,81000,372000,80000,214000,345000,34000,61000,117000,111000,249000,
reordering: 388000,218000,249000,468000,385000,209000,278000,1026000,377000,202000,242000,
resolution: 229000,212000,210000,236000,211000,292000,237000,313000,395000,377000,227000,293000,262000,278000,353000,365000,263000,256000,303000,276000,315000,411000,375000,236000,329000,256000,177000,316000,277000,295000,362000,279000,376000,450000,470000,307000,342000,278000,250000,240000,277000,319000,188000,247000,255000,224000,335000,216000,247000,362000,481000,454000,247000,332000,214000,265000,591000,1599000,296000,248000,303000,295000,450000,184000,251000,225000,313000,248000,350000,457000,436000,253000,353000,257000,186000,211000,224000,183000,249000,195000,259000,230000,328000,242000,376000,393000,382000,231000,298000,269000,275000,321000,361000,238000,259000,989000,241000,336000,390000,376000,268000,318000,265000,182000,316000,305000,308000,378000,261000,400000,469000,528000,308000,328000,238000,249000,210000,276000,311000,472000,423000,1016000,207000,286000,215000,338000,459000,416000,245000,303000,253000,203000,179000,198000,221000,178000,247000,243000,231000,227000,307000,251000,321000,393000,389000,221000,321000,257000,276000,312000,334000,240000,213000,335000,436000,559000,710000,640000,392000,525000,475000,309000,542000,471000,505000,533000,414000,630000,822000,828000,484000,555000,435000,259000,213000,261000,316000,
sko_forall: 1173000,1147000,1118000,
contraction: 385000,280000,384000,433000,239000,454000,581000,312000,333000,432000,413000,264000,372000,445000,256000,474000,542000,423000,402000,266000,710000,970000,235000,
forall_inst: 899000,1261000,826000,893000,898000,1133000,922000,771000,813000,919000,862000,883000,868000,878000,809000,1441000,1379000,938000,
or_simplify: 581000,495000,510000,
implies_neg1: 329000,369000,229000,372000,397000,407000,322000,348000,246000,355000,299000,383000,298000,641000,436000,352000,463000,
implies_neg2: 317000,235000,343000,363000,444000,210000,439000,315000,240000,308000,377000,464000,439000,316000,220000,581000,685000,
__local_input: 195000,169000,136000,151000,188000,152000,139000,222000,146000,154000,43000,105000,142000,140000,181000,163000,149000,53000,46000,29000,85000,
equiv_simplify: 259000,212000,220000,274000,
implies_simplify: 362000,
__normalized_input: 3633000,1519000,1292000,1258000,1272000,1430000,1286000,612000,
rare_rewrite_eq-refl: 125000,99000,120000,104000,228000,
rare_rewrite_eq-symm: 212000,161000,126000,104000,110000,216000,130000,131000,121000,117000,183000,231000,222000,118000,167000,96000,121000,227000,117000,153000,96000,119000,211000,230000,129000,131000,175000,142000,144000,135000,147000,139000,317000,128000,162000,150000,112000,137000,229000,96000,102000,134000,147000,120000,119000,241000,89000,97000,144000,198000,200000,157000,141000,113000,112000,226000,90000,114000,138000,139000,112000,122000,237000,104000,111000,202000,185000,183000,152000,220000,119000,125000,93000,114000,215000,120000,146000,95000,121000,198000,226000,217000,113000,140000,97000,119000,213000,121000,125000,118000,130000,198000,248000,185000,142000,146000,134000,149000,136000,163000,118000,126000,128000,159000,143000,117000,109000,212000,90000,92000,133000,137000,105000,111000,216000,93000,94000,134000,185000,178000,151000,211000,115000,136000,98000,139000,212000,113000,128000,95000,113000,183000,243000,271000,289000,244000,201000,203000,412000,220000,243000,204000,225000,355000,452000,230000,246000,304000,224000,234000,389000,294000,120000,137000,125000,153000,
rare_rewrite_bool-eq-true: 7373000,7696000,7155000,7082000,6682000,21153000,6857000,6303000,11907000,
rare_rewrite_bool-impl-elim: 7027000,7158000,7953000,7114000,6616000,6563000,6874000,7377000,6637000,6349000,11630000,11499000,
rare_rewrite_bool-impl-false1: 7015000,7167000,6963000,8035000,7447000,7924000,6434000,6826000,11657000,12405000,6002000,6929000,
rare_rewrite_bool-and-de-morgan: 7313000,6915000,7254000,6987000,6759000,7007000,6806000,6482000,13031000,11955000,11687000,6291000,
rare_rewrite_bool-double-not-elim: 152000,161000,160000,154000,145000,137000,140000,145000,138000,130000,248000,270000,251000,124000,122000,147000,

