1; Draft.Scratch_smt_check_7_9312; 2026-04-10 13:51:49.859;
bind: 869000,466000,280000,275000,
cong: 360000,303000,264000,222000,165000,162000,372000,268000,101000,75000,54000,104000,
refl: 50000,296000,30000,166000,20000,
symm: 93000,
trans: 2217000,640000,648000,588000,599000,561000,379000,313000,329000,297000,289000,285000,
or_pos: 347000,
implies: 679000,116000,109000,240000,
parsing: 7919000,
aci_simp: 2574000,2211000,1233000,1182000,
subproof: 2371000,1112000,1106000,1194000,
equiv_pos1: 53000,
equiv_pos2: 173000,587000,299000,477000,169000,74000,169000,
reordering: 732000,257000,187000,502000,338000,
resolution: 382000,515000,417000,466000,749000,917000,707000,457000,605000,768000,489000,392000,176000,234000,209000,317000,227000,254000,189000,241000,284000,402000,378000,230000,336000,
contraction: 537000,153000,164000,355000,
forall_inst: 1638000,952000,770000,874000,
implies_neg1: 483000,138000,131000,328000,
implies_neg2: 471000,146000,146000,332000,
__local_input: 208000,110000,187000,155000,
__normalized_input: 2037000,1803000,1038000,516000,503000,485000,555000,603000,
rare_rewrite_eq-symm: 102000,145000,145000,
rare_rewrite_bool-impl-elim: 12889000,7130000,
rare_rewrite_bool-and-de-morgan: 12461000,12645000,13054000,6687000,6793000,6904000,

