1; Draft.Scratch_smt_check_7_12858; 2026-04-10 13:44:40.477;
bind: 301000,328000,292000,344000,350000,177000,
cong: 157000,57000,196000,186000,116000,113000,90000,116000,208000,92000,
refl: 29000,69000,477000,40000,31000,
symm: 279000,334000,116000,153000,186000,
trans: 264000,268000,271000,228000,85000,289000,249000,270000,289000,222000,244000,129000,150000,150000,226000,
choice: 71000,
equiv1: 139000,
equiv2: 139000,
or_neg: 146000,
or_pos: 277000,
and_neg: 408000,
and_pos: 331000,390000,357000,
implies: 131000,367000,
not_not: 137000,
parsing: 15457000,
aci_simp: 1079000,1100000,1139000,
evaluate: 197000,
onepoint: 1407000,
qnt_join: 329000,
subproof: 1905000,2148000,
poly_simp: 1678000,1798000,
equiv_pos2: 243000,74000,113000,256000,
reordering: 370000,558000,951000,
resolution: 210000,174000,280000,248000,289000,302000,177000,189000,162000,215000,215000,169000,168000,166000,231000,253000,403000,369000,687000,525000,447000,1039000,286000,298000,325000,
sko_forall: 1302000,
contraction: 214000,547000,522000,
forall_inst: 788000,720000,642000,712000,1264000,1150000,1253000,1212000,
implies_neg1: 317000,479000,
implies_neg2: 181000,395000,
__local_input: 75000,41000,40000,59000,
poly_simp_rel: 936000,975000,
qnt_rm_unused: 441000,2571000,
equiv_simplify: 217000,214000,
__normalized_input: 8481000,5026000,4953000,963000,961000,916000,
rare_rewrite_eq-refl: 113000,
rare_rewrite_eq-symm: 230000,
rare_rewrite_or-not-refl: 6180000,
rare_rewrite_bool-eq-false: 5855000,6112000,
rare_rewrite_bool-impl-elim: 5707000,5597000,
rare_rewrite_bool-and-de-morgan: 5619000,

