1; Draft.Scratch_smt_check_7_32696; 2026-04-10 13:49:54.763;
bind: 297000,253000,171000,285000,264000,206000,287000,242000,171000,263000,219000,208000,155000,237000,230000,227000,222000,222000,222000,280000,203000,150000,204000,214000,262000,200000,262000,269000,228000,229000,211000,155000,209000,214000,255000,211000,
cong: 390000,123000,83000,106000,71000,125000,93000,99000,72000,115000,79000,196000,117000,192000,438000,318000,92000,113000,86000,74000,79000,138000,161000,74000,74000,77000,129000,76000,86000,106000,81000,146000,157000,79000,76000,75000,129000,88000,84000,107000,86000,210000,119000,199000,712000,
refl: 32000,26000,34000,69000,37000,29000,29000,35000,74000,172000,107000,94000,
symm: 198000,142000,167000,144000,152000,170000,189000,150000,139000,211000,179000,145000,183000,186000,143000,135000,222000,126000,256000,213000,174000,271000,195000,
trans: 248000,249000,242000,190000,255000,252000,365000,628000,250000,156000,199000,294000,220000,199000,236000,149000,253000,299000,222000,200000,245000,150000,380000,162000,276000,288000,
equiv1: 1161000,
equiv2: 397000,404000,
or_neg: 548000,522000,510000,555000,
and_neg: 511000,981000,
and_pos: 464000,412000,438000,456000,301000,297000,875000,845000,818000,864000,853000,868000,834000,805000,810000,316000,319000,735000,757000,701000,681000,760000,712000,681000,752000,
implies: 361000,483000,326000,258000,473000,923000,360000,259000,1156000,
not_and: 543000,
not_not: 297000,
parsing: 62396000,
evaluate: 268000,
subproof: 1359000,1500000,1268000,1392000,1980000,1341000,1626000,2203000,
and_intro: 272000,304000,692000,
equiv_pos2: 468000,191000,62000,138000,61000,191000,137000,61000,186000,135000,192000,154000,540000,151000,100000,62000,109000,145000,140000,142000,122000,132000,136000,142000,109000,154000,59000,125000,154000,106000,137000,137000,145000,141000,109000,132000,59000,123000,152000,100000,199000,194000,35000,812000,
reordering: 315000,703000,1851000,317000,662000,312000,343000,649000,454000,310000,1463000,8896000,310000,445000,728000,309000,467000,345000,765000,2921000,3582000,
resolution: 293000,292000,303000,471000,565000,537000,360000,243000,292000,233000,291000,202000,218000,199000,237000,227000,308000,690000,625000,544000,1363000,242000,214000,238000,201000,250000,285000,300000,311000,247000,445000,404000,622000,228000,234000,222000,221000,192000,237000,293000,239000,324000,337000,321000,358000,961000,622000,605000,363000,214000,471000,258000,239000,267000,314000,198000,209000,226000,203000,243000,256000,220000,269000,214000,266000,222000,325000,206000,273000,207000,283000,1739000,1154000,852000,18991000,246000,214000,252000,235000,272000,239000,259000,190000,260000,247000,205000,215000,185000,201000,261000,237000,249000,290000,208000,222000,272000,455000,406000,583000,234000,218000,275000,218000,261000,219000,264000,242000,277000,190000,255000,248000,208000,213000,242000,208000,262000,239000,280000,329000,246000,336000,944000,2544000,615000,624000,831000,627000,1868000,182000,312000,273000,430000,1491000,1304000,2281000,
contraction: 543000,708000,787000,434000,468000,643000,1293000,2263000,488000,542000,1308000,904000,1126000,1622000,1741000,
forall_inst: 1030000,890000,764000,747000,893000,926000,816000,821000,942000,850000,849000,788000,811000,849000,723000,1017000,920000,1074000,936000,886000,716000,803000,724000,856000,844000,820000,849000,812000,842000,798000,825000,837000,736000,897000,785000,719000,790000,862000,777000,844000,804000,825000,832000,841000,850000,755000,874000,752000,725000,793000,889000,795000,
implies_neg1: 455000,448000,761000,509000,516000,1617000,1180000,1785000,
implies_neg2: 622000,555000,392000,682000,992000,399000,697000,1825000,
__local_input: 73000,50000,51000,53000,41000,68000,98000,71000,47000,49000,58000,45000,32000,61000,54000,49000,60000,67000,90000,68000,91000,102000,95000,85000,84000,88000,78000,
equiv_simplify: 487000,506000,
implies_simplify: 1314000,
__normalized_input: 38929000,37119000,36823000,36401000,38468000,31658000,14569000,12146000,6454000,6546000,5661000,5981000,3721000,2307000,2281000,1954000,1959000,1887000,1753000,2069000,
rare_rewrite_eq-symm: 513000,210000,150000,200000,136000,202000,139000,156000,556000,248000,125000,167000,131000,176000,181000,169000,179000,160000,172000,175000,126000,159000,150000,112000,162000,167000,168000,172000,225000,136000,155000,159000,119000,157000,160000,
rare_rewrite_bool-double-not-elim: 421000,

