1; Draft.Scratch_smt_check_7_6786; 2026-04-10 13:49:55.965;
bind: 273000,285000,272000,263000,233000,269000,204000,301000,276000,279000,281000,238000,275000,211000,705000,747000,370000,358000,318000,403000,333000,369000,340000,390000,180000,195000,203000,175000,195000,203000,194000,711000,763000,342000,360000,299000,402000,340000,410000,305000,413000,197000,196000,229000,175000,174000,216000,176000,352000,372000,238000,183000,187000,265000,310000,273000,285000,241000,297000,288000,271000,223000,274000,281000,287000,304000,237000,293000,301000,275000,225000,225000,242000,209000,286000,242000,256000,216000,187000,
cong: 139000,138000,129000,137000,226000,126000,123000,123000,69000,128000,99000,260000,272000,143000,142000,142000,138000,232000,127000,121000,116000,71000,129000,99000,265000,271000,171000,115000,68000,174000,81000,72000,47000,64000,172000,393000,485000,101000,106000,435000,674000,201000,167000,168000,62000,133000,139000,204000,184000,169000,65000,130000,139000,87000,91000,80000,51000,56000,108000,62000,104000,120000,98000,95000,96000,49000,53000,106000,61000,108000,107000,354000,389000,488000,103000,108000,442000,645000,192000,164000,171000,65000,133000,134000,200000,188000,180000,66000,132000,142000,93000,89000,74000,51000,59000,102000,67000,107000,119000,137000,93000,94000,50000,57000,101000,56000,104000,105000,353000,845000,459000,605000,195000,176000,60000,198000,185000,84000,210000,208000,166000,177000,59000,46000,65000,90000,61000,60000,131000,147000,146000,141000,255000,133000,130000,129000,81000,134000,153000,162000,278000,136000,138000,134000,137000,243000,127000,120000,126000,79000,135000,156000,166000,279000,172000,121000,75000,186000,292000,128000,184000,69000,345000,104000,74000,71000,62000,194000,280000,137000,204000,65000,344000,178000,63000,46000,66000,
refl: 41000,39000,37000,17000,25000,117000,147000,49000,29000,38000,465000,35000,28000,29000,29000,138000,30000,37000,416000,29000,28000,25000,43000,143000,248000,24000,29000,29000,247000,24000,28000,65000,22000,28000,109000,142000,36000,32000,42000,440000,31000,31000,33000,31000,145000,32000,39000,425000,32000,36000,26000,36000,172000,242000,21000,29000,26000,242000,21000,25000,71000,19000,28000,38000,43000,17000,21000,39000,43000,62000,44000,40000,36000,39000,39000,86000,34000,341000,39000,82000,20000,
symm: 173000,177000,131000,357000,360000,299000,355000,356000,370000,308000,368000,125000,118000,128000,213000,235000,113000,114000,
trans: 227000,227000,361000,241000,246000,199000,156000,124000,686000,142000,134000,615000,282000,291000,293000,311000,238000,316000,281000,297000,255000,333000,255000,241000,244000,289000,295000,301000,358000,244000,312000,277000,290000,260000,318000,238000,233000,226000,155000,172000,162000,161000,152000,126000,110000,157000,176000,147000,180000,149000,164000,144000,170000,160000,161000,168000,145000,132000,103000,159000,188000,154000,176000,153000,169000,141000,676000,722000,151000,135000,641000,280000,289000,294000,300000,241000,359000,272000,299000,264000,320000,245000,241000,264000,291000,303000,299000,301000,245000,332000,282000,298000,271000,342000,241000,245000,223000,148000,155000,167000,165000,131000,127000,102000,159000,174000,148000,494000,169000,168000,142000,155000,162000,150000,159000,145000,131000,103000,159000,181000,145000,184000,154000,163000,146000,663000,113000,132000,137000,117000,239000,231000,169000,187000,229000,227000,230000,173000,197000,232000,193000,206000,189000,159000,126000,238000,204000,232000,218000,111000,112000,
choice: 29000,31000,32000,29000,31000,36000,84000,
equiv1: 207000,203000,140000,140000,
equiv2: 174000,167000,136000,139000,
or_neg: 268000,255000,308000,264000,243000,305000,211000,248000,208000,209000,250000,201000,226000,250000,212000,209000,239000,186000,194000,233000,183000,210000,255000,209000,188000,267000,239000,326000,221000,269000,249000,313000,371000,359000,321000,370000,220000,244000,203000,
or_pos: 231000,235000,360000,293000,373000,296000,240000,634000,278000,
and_neg: 268000,282000,278000,262000,
and_pos: 193000,199000,197000,210000,190000,194000,189000,209000,190000,186000,196000,207000,179000,178000,196000,197000,194000,228000,215000,211000,191000,207000,202000,216000,135000,138000,190000,218000,195000,220000,181000,180000,184000,191000,
implies: 268000,260000,263000,245000,273000,202000,209000,688000,190000,197000,213000,208000,247000,264000,244000,319000,306000,194000,195000,
parsing: 108701000,
aci_simp: 1067000,1139000,1078000,1047000,1200000,1065000,939000,913000,997000,950000,974000,1091000,1032000,978000,1000000,1773000,1770000,1162000,1134000,1092000,1097000,1283000,1143000,915000,8598000,980000,964000,973000,908000,1110000,990000,1000000,1775000,1691000,1108000,1050000,958000,1025000,
evaluate: 223000,235000,261000,
onepoint: 1860000,1807000,1005000,1027000,1729000,1865000,995000,1024000,1147000,
qnt_join: 683000,348000,344000,347000,237000,
subproof: 1199000,1195000,1636000,1189000,1174000,1170000,1183000,1677000,1067000,1122000,1169000,1182000,1229000,1652000,1217000,1264000,1286000,1118000,1134000,
and_intro: 205000,193000,208000,209000,
equiv_pos1: 75000,84000,75000,84000,41000,82000,41000,82000,
equiv_pos2: 163000,169000,326000,175000,140000,311000,271000,166000,177000,305000,173000,129000,309000,269000,216000,182000,206000,646000,664000,1416000,234000,77000,323000,177000,169000,181000,111000,108000,109000,172000,167000,302000,166000,166000,162000,269000,161000,171000,355000,170000,170000,169000,274000,209000,202000,374000,368000,176000,176000,344000,370000,174000,110000,113000,114000,
reordering: 482000,347000,287000,351000,541000,358000,288000,364000,302000,726000,697000,277000,299000,343000,1122000,288000,277000,292000,688000,656000,708000,704000,589000,407000,206000,356000,586000,409000,208000,350000,269000,215000,196000,1043000,304000,683000,672000,278000,
resolution: 216000,248000,250000,225000,336000,361000,418000,370000,232000,329000,207000,232000,246000,253000,313000,211000,181000,204000,244000,226000,211000,352000,411000,390000,279000,483000,569000,303000,351000,381000,262000,235000,229000,339000,340000,402000,380000,227000,320000,229000,289000,239000,255000,347000,191000,186000,209000,254000,226000,217000,354000,413000,403000,272000,452000,582000,248000,193000,221000,404000,388000,186000,493000,328000,317000,815000,183000,181000,203000,322000,311000,811000,202000,208000,205000,218000,245000,189000,211000,339000,367000,202000,261000,438000,575000,429000,525000,808000,1077000,943000,422000,549000,211000,241000,213000,317000,394000,317000,1323000,316000,372000,326000,398000,355000,381000,178000,187000,487000,318000,307000,810000,198000,184000,198000,330000,327000,836000,238000,212000,185000,178000,246000,504000,335000,306000,826000,184000,185000,170000,247000,375000,300000,805000,174000,190000,193000,170000,276000,244000,241000,219000,334000,343000,396000,385000,254000,354000,215000,229000,264000,321000,324000,198000,321000,288000,326000,316000,217000,459000,580000,303000,346000,401000,247000,248000,233000,333000,344000,466000,387000,225000,348000,207000,194000,272000,334000,320000,215000,332000,282000,317000,313000,233000,502000,605000,474000,544000,388000,610000,463000,411000,219000,206000,195000,192000,282000,457000,523000,408000,617000,475000,427000,318000,389000,176000,245000,493000,310000,311000,809000,168000,183000,181000,285000,401000,304000,851000,198000,182000,290000,
sko_forall: 1436000,1419000,3780000,3640000,
contraction: 372000,397000,458000,370000,387000,395000,452000,324000,290000,353000,287000,337000,318000,1156000,346000,323000,306000,327000,260000,317000,270000,377000,287000,345000,288000,343000,390000,463000,339000,387000,462000,515000,489000,506000,486000,337000,261000,324000,266000,330000,
forall_inst: 828000,849000,689000,796000,757000,915000,838000,888000,739000,793000,800000,903000,764000,760000,756000,665000,818000,686000,735000,793000,1366000,894000,664000,756000,725000,784000,762000,743000,852000,852000,706000,751000,741000,744000,910000,800000,911000,989000,813000,872000,759000,885000,941000,803000,784000,933000,797000,770000,750000,771000,809000,777000,
implies_neg1: 327000,357000,334000,355000,256000,318000,323000,1039000,280000,308000,323000,350000,341000,327000,275000,420000,396000,274000,301000,
implies_neg2: 322000,373000,265000,340000,365000,254000,259000,1037000,221000,234000,256000,245000,325000,260000,323000,382000,384000,244000,224000,
__local_input: 141000,98000,145000,98000,160000,27000,28000,27000,30000,27000,37000,36000,84000,235000,27000,31000,28000,29000,26000,28000,31000,85000,27000,28000,28000,31000,27000,28000,34000,78000,234000,188000,138000,203000,124000,25000,27000,27000,29000,26000,25000,29000,88000,
qnt_rm_unused: 502000,2100000,459000,1948000,485000,1960000,478000,1999000,304000,1081000,
connective_def: 291000,301000,301000,295000,507000,504000,232000,250000,529000,511000,247000,237000,301000,292000,315000,302000,
equiv_simplify: 244000,308000,243000,287000,222000,226000,230000,233000,
miniscope_split: 292000,296000,281000,282000,
__normalized_input: 47674000,38084000,33033000,30688000,19753000,11718000,11591000,8801000,7121000,5757000,5475000,2971000,1763000,637000,770000,
rare_rewrite_eq-refl: 105000,97000,96000,100000,128000,
rare_rewrite_eq-symm: 143000,272000,133000,273000,128000,110000,111000,104000,107000,112000,97000,119000,111000,115000,120000,96000,126000,108000,93000,104000,114000,133000,142000,138000,139000,142000,145000,168000,138000,132000,111000,132000,144000,144000,133000,
rare_rewrite_or-not-refl: 6405000,6379000,6247000,6383000,6595000,6944000,6269000,6476000,6299000,
rare_rewrite_bool-impl-elim: 6082000,6103000,6239000,6519000,16737000,6399000,6739000,6361000,6215000,
rare_rewrite_bool-or-de-morgan: 5936000,6099000,6173000,6355000,
rare_rewrite_bool-and-de-morgan: 6208000,6410000,15781000,6308000,6069000,6051000,6460000,5952000,6279000,13247000,5840000,6260000,6360000,6386000,5799000,6192000,6456000,5944000,6075000,6327000,5978000,6134000,5960000,6303000,7105000,6748000,6388000,6473000,6670000,6310000,
rare_rewrite_bool-double-not-elim: 217000,211000,155000,135000,101000,126000,118000,125000,119000,144000,102000,135000,191000,139000,144000,164000,241000,262000,311000,311000,165000,

