1; Draft.Scratch_smt_check_7_10050; 2026-04-10 13:49:54.730;
bind: 354000,335000,258000,200000,368000,351000,257000,385000,1033000,842000,437000,1014000,768000,461000,806000,784000,341000,213000,238000,289000,
cong: 100000,178000,151000,115000,106000,61000,78000,54000,51000,160000,186000,184000,112000,106000,60000,76000,46000,60000,252000,722000,520000,529000,379000,328000,261000,239000,153000,209000,186000,111000,133000,79000,76000,137000,160000,532000,419000,337000,228000,162000,155000,183000,188000,105000,153000,74000,74000,134000,136000,1258000,824000,545000,419000,308000,364000,392000,89000,77000,68000,81000,50000,56000,139000,92000,161000,50000,52000,48000,43000,87000,97000,201000,94000,
refl: 30000,28000,20000,26000,28000,20000,141000,26000,26000,44000,54000,53000,25000,28000,47000,51000,85000,60000,20000,49000,43000,44000,
symm: 148000,141000,290000,268000,85000,
trans: 294000,298000,156000,210000,294000,321000,155000,217000,789000,727000,743000,907000,318000,712000,769000,911000,307000,1521000,735000,588000,626000,551000,606000,532000,190000,128000,
choice: 24000,56000,
or_neg: 151000,160000,148000,179000,160000,133000,134000,194000,205000,199000,214000,145000,158000,141000,
or_pos: 257000,346000,258000,
and_pos: 710000,135000,
implies: 385000,1234000,139000,153000,
parsing: 64527000,
aci_simp: 2520000,2138000,1098000,
subproof: 1346000,3088000,1117000,1090000,
equiv_pos1: 51000,
equiv_pos2: 87000,213000,398000,1026000,500000,487000,1759000,539000,459000,338000,95000,132000,174000,75000,136000,39000,55000,78000,151000,77000,52000,
reordering: 174000,1867000,989000,1090000,173000,201000,276000,316000,497000,173000,243000,282000,
resolution: 191000,169000,237000,270000,275000,245000,283000,348000,513000,564000,511000,275000,366000,394000,606000,688000,792000,1210000,1657000,1389000,692000,680000,485000,378000,346000,325000,380000,583000,701000,630000,224000,708000,230000,254000,200000,273000,232000,308000,324000,314000,334000,306000,308000,179000,235000,334000,324000,354000,312000,321000,248000,303000,
sko_forall: 986000,999000,
contraction: 205000,582000,1804000,204000,257000,242000,257000,241000,194000,
forall_inst: 1813000,2367000,1665000,1313000,1352000,1096000,740000,885000,
implies_neg1: 949000,1657000,185000,188000,
implies_neg2: 555000,1888000,183000,176000,
__local_input: 250000,320000,88000,86000,
__normalized_input: 5223000,4473000,2714000,2139000,1748000,1189000,1223000,1095000,1156000,1120000,657000,
rare_rewrite_eq-symm: 226000,252000,130000,257000,376000,237000,863000,429000,406000,431000,909000,166000,205000,434000,391000,409000,934000,171000,188000,1728000,510000,685000,1440000,219000,115000,
rare_rewrite_bool-impl-elim: 6243000,11611000,12146000,10591000,6081000,6226000,
rare_rewrite_bool-and-de-morgan: 11695000,11977000,
rare_rewrite_bool-double-not-elim: 115000,111000,178000,160000,107000,
rare_rewrite_bool-implies-de-morgan: 5931000,

