1; Draft.Scratch_smt_check_7_29026; 2026-04-10 13:49:55.643;
bind: 245000,281000,161000,331000,367000,277000,157000,219000,508000,474000,241000,246000,236000,459000,394000,268000,230000,439000,413000,267000,231000,163000,222000,157000,221000,209000,162000,321000,156000,234000,334000,317000,291000,301000,151000,204000,233000,366000,295000,158000,599000,612000,317000,379000,504000,285000,368000,
cong: 100000,96000,127000,79000,44000,39000,67000,81000,46000,50000,98000,115000,65000,83000,49000,55000,239000,137000,250000,138000,87000,77000,97000,118000,88000,127000,80000,48000,44000,73000,89000,50000,54000,100000,113000,59000,83000,45000,65000,126000,270000,221000,250000,276000,125000,102000,88000,75000,90000,51000,56000,223000,177000,135000,131000,85000,44000,39000,69000,81000,48000,53000,105000,118000,64000,87000,44000,51000,169000,216000,183000,146000,132000,82000,46000,40000,72000,92000,52000,56000,106000,120000,62000,77000,44000,50000,179000,512000,338000,124000,130000,157000,84000,110000,203000,80000,76000,53000,47000,55000,73000,44000,71000,98000,183000,73000,119000,95000,91000,132000,77000,45000,40000,73000,87000,59000,52000,107000,115000,63000,84000,43000,49000,207000,89000,158000,102000,253000,137000,86000,92000,237000,127000,72000,68000,49000,45000,107000,86000,201000,132000,94000,112000,85000,124000,77000,44000,40000,76000,82000,49000,50000,68000,45000,100000,115000,63000,80000,47000,68000,79000,101000,119000,88000,127000,84000,43000,38000,67000,81000,46000,50000,97000,110000,60000,79000,46000,60000,265000,189000,117000,126000,474000,238000,130000,136000,105000,92000,169000,189000,237000,136000,74000,65000,141000,139000,86000,83000,84000,91000,178000,189000,104000,130000,76000,78000,7949000,
refl: 20000,32000,23000,25000,17000,21000,31000,27000,39000,23000,27000,21000,37000,30000,40000,21000,32000,22000,114000,36000,54000,19000,47000,32000,21000,19000,19000,21000,16000,20000,55000,22000,18000,19000,31000,22000,27000,37000,35000,57000,38000,
symm: 157000,152000,162000,177000,178000,157000,203000,183000,96000,85000,156000,224000,154000,251000,169000,152000,87000,77000,154000,336000,92000,76000,159000,145000,112000,157000,178000,167000,190000,158000,309000,
trans: 266000,197000,107000,265000,220000,420000,345000,381000,333000,333000,314000,404000,366000,202000,235000,379000,368000,210000,232000,514000,529000,396000,259000,262000,183000,140000,189000,225000,274000,253000,200000,277000,102000,249000,208000,254000,205000,199000,475000,383000,
choice: 27000,59000,
equiv1: 328000,3171000,
equiv2: 141000,178000,118000,
or_neg: 171000,185000,159000,183000,197000,160000,166000,183000,164000,233000,255000,206000,233000,147000,1076000,1080000,1179000,1170000,1109000,1089000,1155000,1071000,1113000,1135000,1110000,1141000,18764000,1166000,1176000,
or_pos: 255000,277000,280000,377000,266000,256000,448000,471000,
and_neg: 455000,
and_pos: 252000,434000,450000,435000,418000,447000,407000,457000,420000,1599000,1655000,1672000,1781000,1611000,1582000,1597000,1598000,1863000,1672000,1568000,1612000,1587000,1544000,1549000,1569000,1551000,1793000,1800000,1601000,1608000,1622000,1619000,1644000,1642000,1557000,1618000,1546000,1538000,1563000,
implies: 262000,268000,405000,515000,524000,194000,200000,297000,248000,3118000,264000,534000,
not_and: 1335000,
not_not: 167000,
parsing: 105253000,
aci_simp: 1483000,1304000,1217000,
evaluate: 304000,
subproof: 1609000,1662000,1575000,1624000,1628000,1167000,1182000,2669000,1542000,1554000,4368000,1690000,2968000,
and_intro: 439000,1842000,
equiv_pos1: 63000,
equiv_pos2: 129000,114000,142000,302000,178000,195000,328000,55000,111000,155000,146000,99000,361000,124000,99000,125000,58000,119000,258000,116000,251000,605000,178000,88000,129000,97000,146000,128000,88000,97000,217000,40000,48000,50000,81000,156000,113000,144000,121000,327000,51000,188000,181000,301000,39000,46000,83000,44000,111000,137000,123000,126000,40000,136000,111000,176000,664000,88000,361000,357000,651000,82000,96000,153000,227000,83000,284000,262000,246000,4750000,
reordering: 336000,393000,195000,219000,217000,318000,414000,340000,739000,1785000,1770000,593000,329000,31903000,364000,329000,32882000,639000,728000,
resolution: 703000,221000,195000,250000,285000,263000,292000,265000,233000,218000,254000,348000,412000,440000,280000,227000,273000,317000,373000,452000,482000,287000,357000,234000,236000,308000,323000,231000,217000,253000,351000,322000,183000,257000,272000,242000,240000,206000,218000,356000,440000,410000,277000,3932000,285000,327000,285000,292000,210000,287000,293000,280000,395000,301000,540000,998000,701000,383000,385000,337000,341000,208000,276000,232000,305000,278000,726000,751000,586000,1416000,264000,239000,203000,250000,232000,292000,728000,626000,1378000,256000,193000,224000,314000,248000,212000,313000,357000,372000,415000,353000,337000,205000,200000,253000,332000,364000,360000,328000,341000,3941000,29992000,1359000,1424000,2057000,1377000,15353000,166000,180000,241000,240000,240000,295000,296000,208000,251000,326000,227000,220000,256000,340000,425000,446000,281000,208000,221000,250000,312000,336000,399000,416000,257000,321000,198000,208000,281000,16282000,316000,288000,224000,284000,206000,270000,189000,245000,205000,257000,190000,3801000,3204000,15999000,215000,252000,239000,346000,266000,308000,214000,254000,346000,408000,439000,307000,357000,385000,554000,544000,649000,772000,897000,452000,535000,483000,441000,456000,361000,423000,610000,492000,449000,470000,482000,505000,359000,487000,371000,464000,419000,
sko_forall: 1218000,1058000,
contraction: 376000,405000,234000,249000,271000,868000,711000,799000,719000,827000,317000,329000,279000,272000,14650000,2402000,6332000,398000,382000,4407000,8107000,410000,784000,
forall_inst: 770000,794000,949000,887000,821000,838000,923000,908000,822000,918000,1092000,1122000,1060000,1082000,808000,1240000,1011000,1312000,808000,894000,955000,867000,795000,974000,851000,1080000,849000,809000,911000,724000,998000,773000,858000,840000,698000,1011000,952000,848000,753000,869000,843000,896000,1076000,851000,1636000,1523000,1319000,1961000,1680000,1535000,1689000,1405000,1525000,
implies_neg1: 328000,356000,764000,792000,801000,243000,202000,351000,333000,3152000,383000,673000,9177000,
implies_neg2: 334000,388000,995000,639000,661000,251000,204000,1741000,357000,333000,4758000,340000,705000,
__local_input: 128000,160000,418000,54000,42000,63000,43000,40000,70000,83000,102000,107000,98000,152000,143000,25000,44000,55000,96000,35000,38000,47000,40000,99000,78000,46000,62000,45000,46000,101000,156000,212000,66000,43000,191000,248000,82000,87000,114000,76000,115000,156000,70000,80000,82000,60000,128000,
equiv_simplify: 224000,462000,264000,190000,
implies_simplify: 3453000,
__normalized_input: 12589000,8179000,8242000,8116000,7958000,7776000,3884000,3859000,3280000,2600000,2484000,2504000,1987000,2273000,1199000,1174000,1205000,1242000,1126000,1121000,1119000,1136000,647000,
rare_rewrite_eq-refl: 250000,
rare_rewrite_eq-symm: 154000,184000,179000,203000,133000,159000,140000,308000,242000,160000,292000,242000,156000,326000,641000,139000,162000,135000,162000,164000,143000,115000,134000,170000,192000,189000,124000,120000,142000,153000,155000,132000,26305000,378000,302000,279000,236000,281000,
rare_rewrite_bool-eq-true: 7779000,
rare_rewrite_bool-impl-elim: 6921000,8911000,7583000,6695000,6982000,7222000,7741000,6138000,6083000,12030000,12448000,
rare_rewrite_bool-and-de-morgan: 7002000,7139000,
rare_rewrite_bool-double-not-elim: 145000,156000,110000,219000,197000,401000,

