1; Draft.Scratch_smt_check_7_1169; 2026-04-10 13:43:44.822;
bind: 296000,313000,350000,323000,371000,316000,
cong: 188000,164000,159000,109000,122000,188000,169000,143000,107000,121000,161000,141000,105000,125000,402000,206000,
refl: 36000,32000,155000,177000,29000,132000,155000,
symm: 268000,283000,
trans: 310000,331000,311000,329000,283000,
choice: 66000,
or_pos: 403000,
implies: 398000,
parsing: 16038000,
subproof: 2723000,
equiv_pos2: 195000,214000,235000,243000,496000,
reordering: 585000,
resolution: 289000,370000,403000,225000,343000,434000,496000,587000,643000,392000,411000,
sko_forall: 1992000,
contraction: 564000,
forall_inst: 1167000,1439000,
implies_neg1: 536000,
implies_neg2: 535000,
__local_input: 81000,
__normalized_input: 1099000,1081000,4164000,875000,913000,
rare_rewrite_eq-symm: 282000,257000,
rare_rewrite_bool-impl-elim: 11706000,13149000,

