1; Draft.Scratch_smt_check_7_19920; 2026-04-10 13:51:35.129;
bind: 255000,236000,350000,370000,376000,373000,348000,362000,392000,431000,667000,712000,675000,691000,681000,693000,690000,672000,270000,220000,
cong: 105000,153000,155000,78000,157000,112000,152000,98000,71000,61000,159000,151000,79000,164000,116000,152000,99000,74000,59000,299000,160000,63000,57000,69000,112000,293000,245000,120000,275000,178000,268000,152000,106000,95000,267000,270000,123000,272000,212000,238000,150000,102000,92000,451000,257000,79000,117000,72000,103000,
refl: 49000,36000,48000,39000,23000,51000,40000,50000,48000,35000,50000,30000,21000,52000,41000,53000,85000,53000,85000,55000,36000,95000,73000,101000,131000,54000,87000,56000,37000,94000,68000,91000,
symm: 121000,136000,112000,114000,345000,291000,274000,252000,119000,
trans: 235000,309000,303000,316000,255000,253000,160000,120000,133000,133000,325000,301000,315000,251000,274000,169000,120000,128000,145000,120000,131000,134000,358000,587000,628000,622000,486000,523000,351000,279000,337000,293000,587000,613000,612000,523000,525000,325000,303000,258000,289000,239000,134000,143000,223000,
or_pos: 326000,338000,306000,311000,
and_neg: 322000,
and_pos: 441000,489000,
implies: 267000,9041000,552000,
parsing: 10690000,
aci_simp: 1129000,1226000,2289000,2238000,
subproof: 1292000,2345000,2439000,
poly_simp: 2592000,2615000,2345000,4423000,4717000,2832000,
equiv_pos2: 131000,214000,216000,344000,46000,52000,397000,406000,649000,66000,42000,126000,
reordering: 431000,508000,389000,907000,378000,427000,
resolution: 229000,291000,341000,350000,306000,339000,357000,399000,494000,528000,344000,393000,259000,266000,529000,720000,632000,916000,519000,560000,603000,727000,864000,949000,571000,643000,473000,456000,247000,301000,320000,
contraction: 410000,656000,835000,825000,
forall_inst: 877000,888000,1609000,861000,
implies_neg1: 376000,694000,328000,
implies_neg2: 386000,555000,803000,
__local_input: 240000,325000,56000,160000,
poly_simp_rel: 977000,1004000,979000,2846000,1908000,966000,
__normalized_input: 3957000,2595000,2302000,938000,517000,591000,693000,
rare_rewrite_eq-symm: 174000,135000,124000,151000,141000,184000,264000,312000,265000,244000,366000,155000,
rare_rewrite_arith-elim-lt: 6891000,6775000,6722000,11654000,11678000,6104000,
rare_rewrite_bool-impl-elim: 6680000,6659000,7429000,12291000,13095000,6487000,
rare_rewrite_arith-geq-tighten: 6450000,6456000,6446000,11661000,11858000,6009000,
rare_rewrite_bool-and-de-morgan: 6480000,7416000,11880000,12457000,
rare_rewrite_bool-double-not-elim: 145000,136000,198000,132000,142000,303000,267000,311000,307000,134000,

