1; Draft.Scratch_smt_check_7_7857; 2026-04-10 13:45:44.133;
bind: 402000,323000,333000,199000,231000,377000,413000,
cong: 164000,111000,250000,179000,211000,226000,214000,256000,175000,82000,193000,176000,211000,223000,
refl: 42000,78000,27000,
symm: 104000,
trans: 189000,200000,297000,239000,278000,262000,246000,240000,172000,323000,328000,344000,342000,
choice: 71000,
or_neg: 135000,142000,116000,256000,286000,189000,
or_pos: 239000,304000,461000,327000,
implies: 284000,
parsing: 35960000,
aci_simp: 1073000,1113000,2048000,
subproof: 2501000,
equiv_pos2: 279000,106000,509000,250000,78000,190000,195000,265000,
reordering: 170000,306000,378000,689000,294000,395000,
resolution: 201000,192000,224000,282000,323000,162000,228000,250000,150000,267000,266000,315000,316000,288000,367000,408000,301000,377000,443000,530000,592000,396000,424000,
sko_forall: 1896000,
contraction: 190000,347000,485000,
forall_inst: 964000,1499000,1269000,1377000,
implies_neg1: 422000,
implies_neg2: 385000,
__local_input: 77000,
connective_def: 513000,528000,
__normalized_input: 6493000,2288000,802000,788000,756000,1064000,
rare_rewrite_bool-impl-elim: 6811000,
rare_rewrite_bool-impl-false1: 25127000,11622000,12427000,
rare_rewrite_bool-and-de-morgan: 6594000,6534000,6756000,6703000,11842000,21979000,
rare_rewrite_bool-double-not-elim: 93000,112000,328000,149000,408000,

