1; Draft.Scratch_smt_check_7_323; 2026-04-10 13:45:45.313;
bind: 585000,240000,269000,238000,129000,369000,197000,230000,226000,257000,291000,264000,324000,732000,648000,417000,644000,892000,468000,427000,382000,400000,398000,463000,397000,183000,210000,216000,247000,271000,249000,297000,158000,177000,195000,192000,238000,
cong: 285000,320000,168000,192000,128000,57000,162000,68000,60000,95000,64000,133000,133000,151000,126000,54000,143000,92000,137000,55000,169000,61000,131000,132000,279000,118000,289000,142000,368000,292000,240000,407000,421000,303000,263000,255000,236000,82000,255000,90000,252000,209000,304000,318000,195000,202000,191000,111000,207000,212000,231000,128000,134000,57000,133000,56000,157000,60000,133000,121000,104000,94000,55000,107000,52000,111000,59000,125000,62000,113000,
refl: 33000,38000,394000,32000,31000,35000,168000,29000,143000,141000,34000,35000,321000,45000,28000,29000,30000,27000,27000,395000,32000,30000,31000,28000,122000,178000,55000,48000,66000,92000,654000,154000,55000,43000,171000,29000,38000,322000,26000,30000,26000,27000,32000,29000,415000,28000,31000,24000,29000,110000,33000,256000,28000,25000,28000,34000,384000,27000,21000,27000,81000,
symm: 245000,287000,365000,211000,244000,288000,388000,427000,214000,237000,273000,180000,214000,
trans: 235000,247000,251000,239000,253000,220000,181000,92000,255000,225000,244000,205000,258000,92000,86000,133000,187000,104000,325000,303000,209000,207000,199000,208000,221000,215000,234000,203000,198000,176000,83000,214000,209000,221000,189000,197000,77000,257000,232000,262000,221000,258000,205000,201000,193000,583000,480000,497000,343000,605000,502000,514000,470000,330000,385000,371000,356000,314000,133000,408000,405000,431000,398000,425000,341000,370000,340000,203000,381000,206000,205000,196000,196000,168000,201000,195000,217000,193000,205000,78000,257000,271000,235000,201000,249000,188000,196000,180000,136000,134000,152000,145000,153000,142000,125000,114000,81000,153000,176000,133000,147000,82000,201000,185000,193000,163000,194000,181000,169000,
choice: 24000,24000,25000,28000,76000,
or_neg: 252000,265000,215000,141000,151000,120000,290000,301000,235000,154000,175000,161000,340000,433000,309000,273000,286000,220000,147000,163000,126000,158000,
or_pos: 226000,358000,614000,537000,507000,
and_pos: 120000,
parsing: 103336000,
aci_simp: 1014000,970000,1114000,1023000,1040000,962000,976000,997000,1059000,1019000,2180000,2367000,1848000,1969000,1843000,987000,983000,981000,1077000,1006000,897000,937000,990000,1050000,974000,
evaluate: 223000,233000,203000,310000,191000,202000,
onepoint: 1123000,939000,1117000,1371000,2073000,1075000,1359000,963000,1212000,
qnt_join: 282000,244000,275000,416000,262000,297000,234000,
equiv_pos1: 151000,99000,
equiv_pos2: 481000,304000,109000,376000,221000,571000,607000,384000,433000,235000,229000,128000,112000,335000,
reordering: 325000,182000,247000,180000,514000,433000,185000,430000,1043000,501000,800000,371000,808000,213000,226000,378000,
resolution: 219000,180000,222000,215000,354000,278000,411000,154000,185000,217000,227000,338000,413000,157000,235000,278000,383000,462000,159000,249000,302000,305000,250000,474000,535000,548000,284000,447000,463000,564000,555000,258000,565000,544000,572000,551000,599000,673000,464000,516000,236000,279000,207000,332000,
sko_forall: 3503000,3268000,2552000,
contraction: 372000,200000,442000,218000,591000,418000,211000,
forall_inst: 979000,761000,801000,1553000,1660000,1681000,836000,
qnt_rm_unused: 381000,1225000,464000,1679000,371000,1374000,583000,1936000,358000,1383000,275000,970000,
connective_def: 459000,392000,539000,693000,372000,288000,
miniscope_split: 1755000,
__normalized_input: 1886000,1402000,957000,901000,388000,426000,528000,
rare_rewrite_eq-refl: 77000,87000,74000,71000,121000,77000,74000,78000,
rare_rewrite_eq-symm: 100000,87000,84000,87000,147000,81000,92000,80000,92000,
rare_rewrite_or-not-refl: 7121000,7541000,6189000,6339000,12470000,6429000,6335000,6146000,6405000,
rare_rewrite_bool-impl-elim: 11725000,12746000,12891000,
rare_rewrite_bool-or-de-morgan: 11638000,
rare_rewrite_bool-and-de-morgan: 6593000,7517000,7157000,5761000,5985000,6183000,11284000,11512000,11997000,13874000,12233000,5906000,5974000,6219000,5933000,6195000,
rare_rewrite_bool-double-not-elim: 198000,94000,196000,177000,208000,236000,103000,113000,

