1; Draft.Scratch_smt_check_7_29205; 2026-04-10 13:51:19.955;
bind: 528000,438000,868000,808000,861000,797000,873000,804000,495000,429000,
cong: 163000,277000,182000,104000,271000,273000,351000,293000,270000,125000,209000,234000,302000,302000,109000,109000,75000,157000,268000,
refl: 44000,134000,21000,63000,39000,48000,
symm: 362000,355000,177000,180000,
trans: 394000,731000,453000,752000,602000,627000,624000,780000,267000,388000,
equiv1: 245000,
equiv2: 162000,
or_neg: 570000,519000,541000,564000,
or_pos: 320000,310000,582000,589000,581000,655000,614000,604000,328000,308000,
and_neg: 570000,327000,
and_pos: 459000,489000,510000,431000,493000,444000,460000,459000,450000,447000,456000,455000,
implies: 308000,579000,817000,720000,
not_not: 164000,
parsing: 11442000,
subproof: 2460000,2510000,2452000,1684000,
and_intro: 485000,513000,
equiv_pos2: 257000,647000,513000,476000,488000,260000,270000,
not_equiv1: 536000,
not_equiv2: 239000,
reordering: 437000,425000,422000,681000,891000,854000,1304000,899000,884000,861000,1304000,868000,867000,1319000,439000,515000,
resolution: 257000,219000,297000,250000,363000,260000,303000,399000,540000,412000,392000,13534000,431000,457000,743000,448000,638000,682000,818000,727000,1241000,470000,784000,559000,573000,691000,679000,1123000,4377000,977000,782000,753000,1403000,473000,520000,576000,462000,558000,753000,829000,795000,1388000,247000,209000,241000,246000,415000,241000,317000,422000,
contraction: 398000,414000,857000,841000,1279000,787000,924000,894000,974000,
forall_inst: 1159000,1109000,1820000,1838000,1888000,1783000,1898000,1833000,1324000,1028000,
implies_neg1: 734000,707000,382000,363000,
implies_neg2: 467000,742000,692000,705000,
__local_input: 163000,71000,71000,79000,74000,212000,45000,62000,64000,42000,46000,210000,
equiv_simplify: 236000,347000,
__normalized_input: 2693000,2381000,942000,934000,829000,
rare_rewrite_eq-symm: 218000,357000,362000,478000,316000,602000,283000,505000,472000,184000,
rare_rewrite_bool-impl-elim: 6997000,12993000,13001000,12996000,7310000,
rare_rewrite_bool-double-not-elim: 175000,

