1; Draft.Scratch_smt_check_7_23047; 2026-04-10 13:44:10.769;
bind: 169000,678000,455000,639000,432000,173000,
cong: 277000,208000,194000,91000,280000,203000,201000,
symm: 185000,149000,
trans: 254000,
choice: 36000,78000,
or_neg: 213000,237000,281000,214000,223000,256000,204000,
and_neg: 376000,
and_pos: 155000,184000,
implies: 306000,
parsing: 25210000,
subproof: 2091000,
equiv_pos1: 173000,168000,
equiv_pos2: 152000,607000,277000,214000,64000,519000,273000,243000,71000,182000,
reordering: 675000,305000,320000,385000,499000,772000,338000,364000,
resolution: 269000,275000,297000,316000,249000,248000,237000,487000,401000,415000,532000,412000,490000,449000,382000,380000,638000,237000,247000,234000,469000,392000,385000,564000,393000,572000,231000,348000,
sko_forall: 3618000,3597000,
contraction: 363000,330000,403000,395000,
forall_inst: 1146000,1276000,1541000,1233000,1535000,1228000,
implies_neg1: 258000,
implies_neg2: 247000,
__local_input: 18000,34000,
__normalized_input: 1419000,1354000,815000,1006000,
rare_rewrite_eq-symm: 133000,145000,
rare_rewrite_bool-impl-elim: 12555000,12489000,
rare_rewrite_bool-double-not-elim: 158000,242000,

