1; Draft.Scratch_smt_check_7_32724; 2026-04-10 13:44:10.525;
bind: 392000,343000,327000,303000,393000,394000,664000,599000,599000,
cong: 322000,312000,267000,252000,186000,141000,124000,203000,91000,363000,318000,504000,435000,417000,290000,227000,202000,325000,131000,
refl: 153000,105000,23000,31000,22000,162000,27000,200000,35000,58000,
trans: 331000,379000,376000,278000,274000,315000,179000,216000,188000,92000,344000,374000,393000,365000,391000,377000,493000,519000,577000,324000,357000,308000,178000,
parsing: 39756000,
aci_simp: 1204000,1367000,1398000,2225000,
poly_simp: 1851000,1572000,1695000,3366000,3012000,3300000,
equiv_pos2: 298000,594000,
resolution: 134000,381000,271000,438000,
poly_simp_rel: 1069000,956000,1969000,1852000,
connective_def: 516000,
miniscope_split: 561000,
__normalized_input: 1722000,1843000,967000,
rare_rewrite_ite-not-cond: 5803000,11470000,
rare_rewrite_arith-elim-lt: 5529000,5802000,5787000,11571000,12200000,11834000,
rare_rewrite_bool-impl-elim: 6166000,18767000,11966000,
rare_rewrite_bool-and-de-morgan: 6406000,5664000,6487000,11096000,
rare_rewrite_bool-double-not-elim: 107000,116000,

