1; Draft.Scratch_smt_check_7_10698; 2026-04-10 13:42:25.265;
bind: 498000,514000,515000,466000,243000,222000,266000,221000,428000,231000,225000,419000,399000,765000,445000,381000,454000,380000,388000,397000,598000,662000,385000,494000,527000,520000,480000,263000,242000,286000,242000,
cong: 421000,366000,222000,407000,394000,342000,341000,367000,169000,149000,116000,118000,125000,161000,149000,248000,272000,170000,146000,120000,119000,207000,443000,481000,278000,238000,214000,189000,221000,974000,482000,548000,315000,233000,197000,220000,212000,207000,408000,378000,279000,216000,244000,127000,133000,379000,361000,256000,413000,396000,342000,354000,424000,173000,164000,120000,125000,141000,
refl: 263000,230000,106000,22000,21000,42000,43000,90000,67000,259000,233000,112000,24000,25000,
symm: 74000,427000,66000,433000,
trans: 452000,514000,446000,488000,526000,470000,502000,445000,496000,468000,472000,435000,461000,466000,407000,200000,227000,207000,166000,210000,161000,192000,221000,203000,165000,361000,281000,354000,424000,368000,281000,358000,284000,557000,568000,557000,331000,325000,450000,530000,446000,494000,489000,485000,478000,449000,487000,490000,480000,473000,465000,478000,406000,196000,227000,212000,170000,207000,170000,
choice: 26000,40000,56000,
or_neg: 160000,159000,194000,138000,249000,243000,183000,139000,161000,125000,
or_pos: 591000,425000,
and_pos: 278000,602000,
implies: 790000,457000,
parsing: 140467000,
aci_simp: 1389000,1509000,1564000,1285000,1177000,2402000,1363000,1604000,1613000,1365000,1300000,
qnt_join: 499000,492000,
subproof: 2631000,2294000,
poly_simp: 2274000,1781000,14770000,3970000,3084000,3919000,2789000,2973000,2508000,1963000,
equiv_pos2: 35000,386000,158000,163000,701000,670000,1452000,232000,362000,528000,124000,127000,34000,406000,
reordering: 400000,196000,326000,1068000,792000,872000,178000,708000,
resolution: 345000,399000,196000,405000,182000,136000,301000,228000,253000,411000,199000,292000,283000,407000,972000,1256000,1066000,477000,621000,223000,356000,429000,228000,440000,442000,521000,505000,231000,270000,792000,805000,452000,409000,193000,
sko_forall: 1283000,1754000,
contraction: 233000,1305000,377000,384000,735000,
forall_inst: 1773000,1530000,1094000,
implies_neg1: 1133000,708000,
implies_neg2: 1217000,660000,
__local_input: 187000,105000,
poly_simp_rel: 1034000,1017000,1034000,1938000,1970000,1871000,1080000,1195000,
connective_def: 295000,300000,576000,485000,317000,
miniscope_split: 607000,953000,622000,904000,
__normalized_input: 1067000,683000,545000,798000,783000,462000,
rare_rewrite_arith-elim-lt: 5516000,10861000,10879000,6143000,
rare_rewrite_bool-eq-false: 5879000,6099000,
rare_rewrite_arith-elim-leq: 5791000,11281000,10922000,6547000,
rare_rewrite_bool-impl-elim: 6741000,5754000,11360000,11323000,11325000,7388000,6504000,
rare_rewrite_bool-and-de-morgan: 6286000,6480000,5922000,5953000,11661000,10975000,11021000,6815000,7041000,6907000,
rare_rewrite_bool-double-not-elim: 220000,179000,72000,182000,357000,140000,336000,110000,223000,203000,

