1; Draft.Scratch_smt_check_7_18575; 2026-04-10 13:50:13.415;
bind: 1117000,843000,370000,383000,1071000,844000,386000,385000,
cong: 638000,20135000,454000,191000,247000,315000,249000,234000,269000,182000,147000,65000,124000,112000,218000,251000,192000,186000,220000,134000,109000,72000,106000,82000,65000,39000,59000,102000,179000,90000,174000,173000,150000,233000,110000,213000,229000,318000,237000,247000,261000,415000,273000,171000,150000,84000,77000,43000,82000,60000,82000,171000,97000,78000,56000,84000,83000,59000,75000,66000,621000,335000,488000,197000,245000,325000,241000,233000,268000,165000,154000,67000,76000,139000,95000,88000,61000,105000,212000,246000,186000,188000,215000,128000,94000,72000,44000,107000,77000,64000,42000,64000,107000,188000,84000,83000,59000,77000,54000,177000,183000,162000,229000,107000,1228000,847000,417000,1458000,1113000,323000,399000,211000,203000,193000,197000,109000,104000,95000,76000,65000,50000,55000,
refl: 42000,30000,33000,23000,22000,44000,44000,20000,19000,35000,33000,34000,23000,20000,20000,23000,34000,192000,185000,18000,16000,48000,28000,
symm: 372000,151000,370000,154000,157000,
trans: 871000,859000,513000,373000,360000,346000,323000,342000,323000,352000,373000,665000,763000,190000,196000,773000,808000,527000,194000,188000,363000,379000,362000,326000,340000,334000,338000,361000,1956000,707000,728000,
or_pos: 800000,
implies: 1291000,
parsing: 37975000,
aci_simp: 1106000,1099000,1156000,1133000,1139000,1076000,1124000,1158000,2371000,
evaluate: 299000,
subproof: 3614000,
equiv_pos2: 247000,420000,304000,63000,362000,254000,66000,450000,2084000,1786000,
reordering: 1715000,
resolution: 360000,608000,415000,624000,4066000,538000,433000,1108000,1527000,2057000,1932000,953000,611000,434000,320000,
contraction: 2461000,
forall_inst: 2671000,
implies_neg1: 2303000,
implies_neg2: 3045000,
__local_input: 270000,
connective_def: 422000,438000,
__normalized_input: 39855000,30327000,19489000,19374000,19311000,18899000,14771000,6243000,6213000,6449000,
rare_rewrite_eq-refl: 170000,150000,729000,
rare_rewrite_eq-symm: 799000,192000,732000,190000,1206000,
rare_rewrite_bool-and-de-morgan: 5894000,6298000,6217000,6774000,
rare_rewrite_bool-double-not-elim: 346000,335000,

