1; Draft.Scratch_smt_check_7_14470; 2026-04-10 13:46:36.032;
bind: 278000,168000,198000,172000,145000,137000,139000,
cong: 162000,147000,78000,76000,288000,150000,78000,94000,285000,150000,55000,246000,71000,83000,106000,50000,66000,447000,266000,197000,570000,266000,208000,669000,442000,245000,181000,567000,246000,201000,671000,190000,202000,169000,302000,253000,250000,223000,303000,245000,187000,166000,289000,276000,225000,291000,251000,235000,168000,287000,318000,222000,303000,245000,244000,191000,192000,287000,261000,227000,297000,256000,53000,54000,51000,49000,56000,100000,93000,169000,143000,132000,167000,162000,169000,102000,91000,148000,153000,134000,165000,159000,
ite1: 159000,170000,214000,217000,
ite2: 179000,155000,185000,321000,
refl: 102000,49000,92000,45000,22000,66000,59000,103000,153000,106000,110000,169000,139000,147000,56000,143000,72000,48000,44000,144000,55000,48000,43000,166000,55000,52000,43000,75000,27000,26000,26000,74000,27000,27000,26000,
symm: 233000,204000,151000,103000,152000,80000,322000,73000,85000,66000,207000,113000,157000,
true: 54000,60000,97000,92000,
trans: 236000,180000,205000,237000,287000,93000,89000,210000,150000,161000,106000,1089000,802000,340000,1083000,710000,351000,699000,488000,644000,474000,560000,1761000,399000,470000,564000,453000,110000,91000,84000,102000,296000,241000,245000,293000,291000,240000,
equiv1: 677000,563000,864000,797000,765000,805000,379000,388000,
equiv2: 258000,250000,740000,639000,
or_neg: 217000,211000,238000,
or_pos: 199000,202000,190000,285000,
and_neg: 718000,191000,798000,192000,855000,
and_pos: 633000,697000,650000,638000,698000,686000,696000,632000,620000,724000,137000,140000,143000,134000,151000,155000,115000,849000,878000,883000,874000,843000,865000,150000,139000,164000,141000,142000,146000,671000,683000,746000,709000,684000,747000,707000,776000,693000,662000,691000,743000,
implies: 699000,697000,150000,138000,907000,905000,316000,144000,752000,852000,
parsing: 65624000,
aci_simp: 1119000,
subproof: 1773000,1791000,1072000,1072000,2807000,2861000,1072000,1141000,1756000,1739000,
and_intro: 645000,148000,768000,138000,737000,
equiv_pos2: 175000,263000,259000,262000,272000,78000,205000,101000,88000,46000,782000,779000,781000,774000,356000,337000,326000,350000,45000,80000,83000,41000,167000,165000,
reordering: 242000,226000,1020000,3704000,3673000,253000,413000,414000,240000,370000,193000,281000,486000,1392000,2667000,2661000,573000,799000,416000,237000,225000,390000,1110000,4757000,4719000,
resolution: 345000,321000,211000,257000,336000,296000,143000,193000,194000,211000,225000,240000,170000,387000,320000,298000,284000,305000,296000,284000,238000,247000,984000,924000,715000,2505000,265000,924000,718000,2403000,380000,249000,236000,516000,153000,164000,259000,243000,528000,167000,388000,458000,174000,200000,200000,224000,258000,212000,147000,199000,175000,301000,586000,641000,580000,464000,619000,634000,633000,404000,488000,454000,448000,529000,1038000,1213000,875000,1779000,391000,453000,521000,1226000,892000,1801000,465000,477000,662000,459000,388000,1033000,142000,170000,154000,206000,260000,246000,532000,197000,214000,201000,1115000,971000,744000,3034000,264000,264000,293000,974000,761000,3084000,271000,331000,
contraction: 989000,1263000,990000,1271000,201000,242000,202000,244000,358000,1272000,1388000,1336000,1371000,371000,460000,208000,288000,1068000,1453000,1056000,1469000,
forall_inst: 807000,746000,751000,704000,661000,715000,725000,704000,823000,674000,709000,
implies_neg1: 1245000,1291000,207000,208000,1564000,1520000,213000,251000,1513000,1384000,
implies_neg2: 884000,841000,170000,173000,1139000,1274000,307000,168000,897000,904000,
__local_input: 45000,58000,37000,45000,69000,39000,61000,56000,47000,84000,19000,20000,20000,21000,18000,44000,95000,93000,94000,91000,91000,118000,19000,21000,28000,23000,23000,45000,45000,57000,39000,32000,43000,72000,27000,37000,57000,47000,40000,77000,
equiv_simplify: 738000,759000,975000,976000,972000,955000,481000,495000,
__normalized_input: 27838000,7475000,5750000,4611000,3117000,3134000,1492000,1774000,1944000,
rare_rewrite_ite-eq: 7067000,7304000,12447000,12534000,
rare_rewrite_eq-refl: 338000,336000,444000,422000,425000,437000,223000,217000,
rare_rewrite_eq-symm: 249000,207000,211000,217000,93000,107000,96000,648000,640000,502000,727000,614000,489000,153000,160000,150000,181000,152000,172000,90000,109000,109000,93000,85000,101000,95000,107000,
rare_rewrite_bool-impl-elim: 7052000,6276000,
rare_rewrite_bool-and-de-morgan: 6539000,
rare_rewrite_bool-double-not-elim: 110000,

