1; Draft.Scratch_smt_check_7_20488; 2026-04-10 13:45:24.229;
bind: 397000,420000,347000,465000,393000,391000,631000,491000,395000,512000,
cong: 158000,97000,229000,205000,258000,242000,94000,219000,
refl: 47000,38000,1035000,97000,59000,49000,627000,63000,
symm: 845000,368000,397000,516000,
trans: 297000,328000,246000,133000,453000,283000,434000,329000,273000,275000,434000,449000,360000,156000,433000,341000,375000,403000,302000,317000,
choice: 85000,
implies: 427000,
parsing: 20932000,
aci_simp: 2719000,2812000,2868000,2066000,1958000,2015000,
evaluate: 415000,305000,
onepoint: 2502000,2143000,
qnt_join: 416000,440000,
subproof: 4388000,
equiv_pos1: 228000,
equiv_pos2: 268000,534000,243000,371000,
reordering: 878000,
resolution: 290000,476000,358000,287000,285000,543000,696000,734000,403000,653000,
sko_forall: 2951000,
contraction: 715000,
forall_inst: 2282000,1961000,
implies_neg1: 568000,
implies_neg2: 487000,
__local_input: 236000,
qnt_rm_unused: 523000,1864000,691000,2063000,
__normalized_input: 3516000,3381000,1160000,
rare_rewrite_eq-refl: 151000,139000,
rare_rewrite_or-not-refl: 14067000,11900000,
rare_rewrite_bool-impl-elim: 15988000,53324000,15340000,
rare_rewrite_bool-and-de-morgan: 13481000,12371000,

