1; Draft.Scratch_smt_check_7_22262; 2026-04-10 13:48:29.523;
bind: 257000,247000,256000,392000,358000,275000,305000,246000,257000,280000,236000,
cong: 122000,137000,110000,160000,192000,179000,188000,147000,154000,102000,94000,142000,118000,116000,79000,116000,103000,108000,159000,243000,
refl: 27000,52000,70000,28000,47000,28000,48000,
symm: 156000,109000,120000,
trans: 237000,399000,297000,194000,358000,282000,171000,256000,257000,275000,238000,187000,225000,
equiv1: 182000,
equiv2: 180000,
or_pos: 378000,
implies: 235000,
not_not: 194000,
parsing: 14947000,
not_symm: 155000,
subproof: 2235000,
equiv_pos1: 83000,71000,
equiv_pos2: 164000,273000,185000,77000,172000,309000,
reordering: 399000,382000,379000,
resolution: 252000,370000,313000,278000,345000,425000,344000,252000,404000,286000,286000,269000,399000,307000,426000,469000,466000,294000,384000,
contraction: 385000,
forall_inst: 1323000,1235000,1378000,1231000,
implies_neg1: 323000,
implies_neg2: 309000,
__local_input: 141000,
equiv_simplify: 312000,354000,
__normalized_input: 9825000,10560000,9823000,5964000,1328000,789000,949000,
rare_rewrite_eq-symm: 148000,187000,126000,207000,190000,147000,147000,144000,183000,114000,196000,249000,
rare_rewrite_bool-impl-elim: 11870000,
rare_rewrite_bool-double-not-elim: 206000,

