1; Draft.Scratch_smt_check_7_24205; 2026-04-10 13:48:30.592;
bind: 284000,284000,231000,232000,419000,203000,210000,408000,403000,377000,349000,216000,201000,181000,410000,353000,691000,350000,303000,451000,525000,467000,399000,353000,330000,421000,427000,173000,
cong: 152000,112000,156000,76000,99000,55000,54000,128000,118000,123000,66000,190000,114000,118000,147000,139000,93000,68000,209000,118000,203000,114000,345000,252000,101000,123000,203000,112000,159000,125000,115000,119000,93000,85000,94000,180000,313000,182000,92000,142000,212000,234000,84000,101000,92000,144000,224000,127000,70000,
refl: 52000,18000,49000,22000,45000,150000,81000,40000,19000,62000,139000,67000,149000,94000,20000,250000,276000,189000,137000,70000,41000,
symm: 105000,107000,90000,152000,101000,115000,397000,163000,
trans: 208000,191000,211000,264000,191000,217000,245000,193000,108000,340000,251000,272000,205000,216000,194000,267000,181000,194000,182000,188000,153000,176000,154000,338000,289000,322000,181000,194000,343000,278000,303000,170000,184000,171000,306000,269000,304000,155000,163000,190000,183000,181000,364000,616000,519000,524000,313000,350000,175000,247000,436000,445000,465000,446000,397000,334000,259000,302000,395000,290000,292000,
choice: 27000,59000,
equiv1: 131000,161000,113000,175000,364000,109000,
equiv2: 147000,114000,100000,132000,165000,99000,
or_neg: 167000,170000,144000,153000,172000,135000,155000,164000,135000,
or_pos: 256000,234000,317000,328000,238000,210000,364000,336000,334000,607000,413000,327000,319000,154000,206000,218000,564000,
implies: 316000,
not_not: 128000,
parsing: 88201000,
aci_simp: 1047000,1078000,1189000,1011000,997000,1007000,1078000,1345000,976000,1161000,965000,1172000,945000,905000,2204000,1882000,1946000,1101000,
qnt_join: 462000,
subproof: 22071000,
equiv_pos2: 176000,172000,122000,119000,124000,276000,33000,113000,264000,268000,436000,111000,55000,255000,122000,124000,110000,230000,505000,222000,164000,376000,198000,283000,163000,79000,
reordering: 392000,305000,203000,190000,442000,265000,468000,203000,329000,275000,474000,412000,354000,922000,557000,451000,366000,164000,249000,277000,698000,
resolution: 350000,170000,161000,247000,290000,308000,175000,154000,222000,283000,316000,176000,288000,305000,278000,281000,159000,213000,495000,362000,191000,166000,300000,248000,242000,229000,182000,283000,397000,351000,415000,541000,716000,381000,365000,170000,253000,290000,160000,269000,311000,392000,331000,256000,277000,231000,180000,209000,258000,183000,230000,334000,549000,672000,592000,336000,351000,436000,271000,281000,300000,355000,423000,399000,584000,492000,310000,364000,411000,261000,266000,503000,460000,466000,295000,351000,361000,474000,445000,166000,200000,245000,
sko_forall: 1144000,1105000,
contraction: 229000,500000,280000,223000,
forall_inst: 862000,809000,1035000,787000,909000,881000,725000,1433000,1649000,1345000,1232000,1401000,1285000,1383000,1348000,752000,689000,
implies_neg1: 452000,
implies_neg2: 464000,
__local_input: 114000,
connective_def: 254000,
equiv_simplify: 219000,222000,195000,238000,168000,188000,216000,296000,320000,491000,172000,180000,
miniscope_split: 308000,604000,
__normalized_input: 7211000,6885000,6691000,6565000,4469000,3420000,2912000,2864000,2804000,2863000,2490000,1250000,1111000,941000,901000,834000,829000,798000,904000,492000,491000,503000,460000,465000,542000,521000,
rare_rewrite_eq-symm: 111000,184000,115000,242000,305000,
rare_rewrite_bool-eq-false: 5842000,
rare_rewrite_bool-impl-elim: 6153000,6323000,6481000,6158000,6488000,6380000,6169000,5961000,11403000,12028000,11412000,11203000,11532000,12157000,11483000,11424000,6179000,6037000,
rare_rewrite_bool-impl-false1: 16220000,6287000,
rare_rewrite_bool-and-de-morgan: 5900000,6028000,6375000,5765000,5955000,6082000,6043000,5819000,5995000,5783000,5948000,5822000,5915000,6021000,10896000,11092000,11395000,6275000,
rare_rewrite_bool-double-not-elim: 123000,105000,126000,

