1; Draft.Scratch_smt_check_7_24757; 2026-04-10 13:43:45.953;
and: 84000,86000,139000,127000,
bind: 174000,186000,173000,183000,186000,320000,301000,300000,302000,374000,306000,296000,
cong: 137000,49000,77000,205000,107000,119000,92000,69000,200000,46000,74000,121000,138000,198000,146000,86000,298000,247000,88000,107000,224000,77000,122000,208000,173000,216000,147000,91000,224000,77000,121000,217000,156000,200000,141000,91000,302000,264000,92000,
refl: 30000,20000,75000,37000,40000,70000,36000,30000,20000,72000,34000,48000,126000,60000,58000,55000,34000,126000,63000,56000,136000,62000,59000,35000,133000,57000,89000,127000,61000,67000,
symm: 53000,148000,51000,144000,107000,273000,92000,280000,
trans: 161000,159000,203000,139000,155000,114000,173000,145000,163000,139000,158000,113000,231000,141000,314000,284000,515000,241000,264000,182000,326000,265000,282000,269000,261000,180000,238000,126000,
or_pos: 274000,288000,
implies: 137000,189000,269000,
parsing: 41583000,
aci_simp: 1124000,1388000,1812000,1968000,1970000,1838000,
evaluate: 244000,274000,
subproof: 1136000,1950000,2170000,
equiv_pos2: 157000,263000,407000,231000,236000,398000,
reordering: 486000,310000,327000,
resolution: 127000,158000,180000,264000,248000,321000,390000,259000,255000,392000,401000,348000,299000,375000,412000,562000,670000,430000,466000,
contraction: 236000,284000,473000,
forall_inst: 1282000,1304000,
implies_neg1: 373000,376000,245000,
implies_neg2: 207000,245000,376000,
__local_input: 77000,74000,35000,
__normalized_input: 805000,955000,791000,953000,
rare_rewrite_eq-refl: 109000,96000,
rare_rewrite_eq-symm: 70000,71000,146000,123000,110000,115000,115000,113000,131000,167000,
rare_rewrite_bool-impl-elim: 6755000,24156000,12335000,11750000,
rare_rewrite_bool-and-de-morgan: 6491000,6598000,11816000,11406000,
rare_rewrite_bool-double-not-elim: 99000,98000,162000,144000,

