1; Draft.Scratch_smt_check_7_26376; 2026-04-10 13:52:09.681;
bind: 369000,404000,343000,421000,420000,238000,381000,405000,339000,431000,417000,228000,244000,193000,447000,479000,361000,476000,451000,197000,441000,494000,359000,479000,458000,874000,874000,716000,894000,907000,406000,
cong: 179000,55000,208000,189000,157000,181000,61000,209000,201000,153000,315000,203000,127000,101000,245000,77000,179000,132000,164000,148000,100000,57000,55000,90000,237000,73000,181000,130000,171000,144000,375000,116000,279000,201000,292000,235000,378000,212000,350000,228000,199000,
refl: 37000,77000,426000,46000,42000,35000,76000,422000,45000,42000,46000,567000,35000,33000,45000,565000,34000,34000,79000,939000,56000,54000,93000,54000,116000,100000,
symm: 338000,393000,332000,393000,360000,111000,144000,184000,356000,699000,
trans: 331000,354000,332000,302000,121000,371000,335000,331000,367000,296000,318000,331000,332000,340000,298000,120000,368000,320000,345000,382000,296000,315000,348000,357000,363000,324000,175000,407000,354000,383000,279000,295000,252000,258000,238000,178000,346000,356000,361000,314000,162000,407000,355000,372000,298000,291000,246000,257000,246000,662000,685000,675000,620000,326000,768000,692000,716000,623000,588000,483000,490000,483000,
choice: 23000,57000,
equiv1: 359000,
equiv2: 175000,180000,
or_neg: 256000,242000,272000,262000,510000,500000,360000,468000,368000,393000,403000,427000,433000,
or_pos: 290000,281000,582000,596000,
and_pos: 260000,243000,267000,264000,263000,242000,258000,267000,
implies: 317000,375000,431000,
not_and: 262000,
not_not: 170000,
parsing: 28234000,
aci_simp: 1149000,1189000,1220000,1105000,1154000,1209000,1111000,1180000,1112000,1050000,1035000,1104000,1188000,1130000,1036000,1035000,2013000,2337000,2153000,1968000,2118000,
evaluate: 227000,224000,231000,231000,226000,453000,
onepoint: 1423000,1417000,1530000,1526000,2896000,
qnt_join: 380000,378000,418000,403000,752000,
subproof: 9055000,1179000,1318000,2100000,
and_intro: 280000,
equiv_neg1: 64000,
equiv_neg2: 36000,
equiv_pos1: 63000,62000,
equiv_pos2: 258000,258000,396000,100000,265000,120000,260000,28000,510000,190000,504000,204000,462000,62000,208000,391000,76000,
reordering: 228000,386000,850000,385000,986000,784000,862000,435000,458000,404000,481000,
resolution: 201000,230000,204000,376000,204000,232000,288000,303000,340000,410000,497000,528000,304000,340000,268000,193000,252000,271000,328000,347000,557000,1543000,279000,289000,341000,301000,900000,193000,202000,253000,191000,260000,210000,272000,331000,349000,525000,456000,972000,261000,353000,589000,465000,520000,720000,748000,763000,639000,598000,392000,466000,677000,674000,662000,711000,
sko_forall: 2139000,
contraction: 485000,550000,324000,394000,495000,549000,680000,635000,590000,643000,
forall_inst: 877000,694000,934000,706000,899000,1670000,1337000,1304000,1370000,
implies_neg1: 421000,373000,958000,527000,
implies_neg2: 429000,253000,496000,538000,
__local_input: 224000,42000,37000,91000,59000,100000,130000,136000,129000,222000,
qnt_rm_unused: 516000,3163000,521000,3118000,
equiv_simplify: 244000,256000,
implies_simplify: 442000,
__normalized_input: 10851000,8627000,3554000,3469000,3186000,1854000,773000,596000,
rare_rewrite_eq-refl: 118000,118000,158000,157000,326000,
rare_rewrite_eq-symm: 127000,119000,181000,161000,141000,168000,142000,168000,337000,293000,
rare_rewrite_or-not-refl: 6255000,6278000,6466000,6393000,12209000,
rare_rewrite_bool-impl-elim: 6032000,5938000,5941000,5841000,6067000,6077000,11936000,
rare_rewrite_bool-and-de-morgan: 5791000,5772000,5684000,5810000,5704000,5745000,10836000,11137000,
rare_rewrite_bool-double-not-elim: 368000,498000,299000,

