1; Draft.Scratch_smt_check_7_19443; 2026-04-10 13:46:49.699;
bind: 303000,169000,183000,192000,178000,191000,177000,320000,170000,179000,194000,179000,228000,188000,
cong: 181000,146000,122000,142000,57000,112000,142000,54000,189000,110000,151000,60000,164000,109000,115000,143000,63000,115000,145000,81000,372000,169000,205000,90000,
refl: 50000,54000,92000,95000,
equiv1: 110000,218000,
or_pos: 286000,
and_neg: 172000,281000,
and_pos: 115000,210000,
implies: 167000,230000,184000,
parsing: 21798000,
subproof: 1102000,1334000,1105000,
equiv_pos1: 110000,183000,
equiv_pos2: 236000,137000,142000,223000,63000,235000,134000,279000,467000,172000,
reordering: 239000,189000,184000,228000,337000,193000,566000,352000,331000,429000,653000,
resolution: 189000,188000,204000,314000,177000,143000,154000,185000,177000,280000,282000,361000,304000,211000,272000,202000,255000,294000,195000,188000,195000,305000,170000,138000,152000,191000,176000,288000,269000,320000,316000,172000,271000,
contraction: 278000,212000,271000,
forall_inst: 819000,737000,846000,1263000,1166000,
implies_neg1: 226000,402000,330000,
implies_neg2: 215000,163000,220000,
__local_input: 62000,118000,90000,
__normalized_input: 10471000,1223000,1398000,736000,704000,828000,
rare_rewrite_eq-symm: 76000,75000,71000,76000,131000,124000,
rare_rewrite_bool-impl-elim: 5885000,6337000,6062000,6400000,5924000,5935000,6112000,18214000,

