1; Draft.Scratch_smt_check_7_7362; 2026-04-10 13:44:11.134;
bind: 278000,417000,383000,344000,380000,364000,296000,
cong: 103000,131000,204000,173000,116000,167000,229000,
refl: 29000,49000,
symm: 120000,
trans: 162000,166000,350000,324000,
choice: 63000,
equiv1: 155000,166000,
equiv2: 139000,128000,
or_neg: 228000,279000,
or_pos: 342000,344000,283000,302000,
implies: 169000,226000,
not_not: 166000,
parsing: 24440000,
subproof: 1850000,2310000,
equiv_pos2: 192000,86000,317000,291000,294000,174000,193000,183000,176000,
reordering: 390000,461000,447000,357000,329000,
resolution: 345000,362000,327000,240000,269000,220000,247000,284000,331000,395000,256000,300000,266000,211000,469000,384000,412000,383000,384000,336000,433000,383000,296000,297000,388000,401000,438000,482000,293000,350000,
sko_forall: 1547000,
contraction: 321000,330000,367000,
forall_inst: 1268000,1344000,1289000,1234000,1327000,
implies_neg1: 234000,325000,
implies_neg2: 195000,305000,
__local_input: 47000,80000,
connective_def: 276000,268000,
equiv_simplify: 254000,292000,279000,277000,
__normalized_input: 1645000,3244000,991000,756000,855000,899000,
rare_rewrite_bool-impl-elim: 11199000,11414000,11628000,11202000,12726000,
rare_rewrite_bool-double-not-elim: 142000,198000,

