1; Draft.Scratch_smt_check_7_23854; 2026-04-10 13:44:11.294;
bind: 575000,607000,395000,628000,623000,241000,380000,
cong: 316000,66000,325000,231000,212000,283000,274000,140000,118000,249000,234000,165000,115000,
refl: 32000,97000,29000,689000,40000,38000,30000,174000,38000,173000,177000,
symm: 418000,515000,
trans: 417000,439000,434000,361000,84000,476000,390000,423000,455000,341000,359000,315000,315000,281000,286000,190000,159000,166000,143000,155000,508000,348000,286000,347000,240000,283000,
equiv1: 348000,
or_neg: 195000,173000,
or_pos: 642000,
and_pos: 78000,114000,
not_and: 191000,
parsing: 83746000,
aci_simp: 1168000,1531000,1439000,1138000,1320000,1151000,2046000,2068000,2129000,1815000,
evaluate: 188000,
onepoint: 2508000,
qnt_join: 450000,
equiv_pos2: 852000,286000,128000,
reordering: 135000,993000,220000,177000,
resolution: 123000,125000,138000,246000,400000,395000,319000,413000,363000,354000,
contraction: 225000,
forall_inst: 1772000,
qnt_rm_unused: 705000,7935000,
__normalized_input: 2025000,1036000,706000,883000,892000,
rare_rewrite_eq-refl: 88000,
rare_rewrite_or-not-refl: 6647000,
rare_rewrite_bool-impl-elim: 6771000,11321000,11501000,
rare_rewrite_bool-and-de-morgan: 6070000,6616000,6454000,6110000,18144000,11466000,11361000,
rare_rewrite_bool-double-not-elim: 126000,

