1; Draft.Scratch_smt_check_7_21428; 2026-04-10 13:50:54.510;
bind: 364000,676000,746000,526000,553000,546000,532000,587000,575000,733000,533000,488000,477000,456000,494000,480000,423000,
cong: 165000,251000,517000,324000,173000,222000,204000,240000,258000,226000,139000,257000,222000,184000,237000,219000,110000,430000,324000,161000,132000,139000,115000,153000,119000,112000,165000,124000,134000,111000,141000,130000,113000,189000,121000,99000,
refl: 48000,73000,75000,66000,49000,81000,72000,74000,93000,59000,92000,70000,107000,50000,46000,
symm: 427000,400000,329000,295000,284000,
false: 15000,
trans: 414000,240000,261000,490000,631000,550000,531000,527000,496000,536000,558000,602000,519000,459000,471000,377000,474000,593000,381000,
equiv2: 437000,233000,
or_pos: 646000,567000,394000,
and_pos: 354000,
implies: 318000,604000,503000,
not_not: 395000,
parsing: 9521000,
aci_simp: 1332000,2343000,
evaluate: 338000,
not_symm: 299000,
subproof: 2243000,2702000,2587000,
equiv_pos2: 185000,402000,688000,125000,386000,256000,258000,555000,221000,118000,244000,69000,43000,
reordering: 671000,453000,1052000,681000,348000,441000,
resolution: 180000,241000,301000,356000,394000,389000,464000,541000,615000,634000,644000,404000,485000,544000,564000,538000,583000,686000,457000,535000,596000,621000,780000,883000,950000,628000,643000,505000,500000,597000,659000,762000,712000,517000,652000,
contraction: 484000,855000,830000,
forall_inst: 1741000,1908000,1697000,1775000,906000,
implies_neg1: 776000,734000,322000,
implies_neg2: 449000,803000,655000,
__local_input: 454000,437000,579000,
equiv_simplify: 621000,330000,
__normalized_input: 4252000,3749000,3019000,2999000,2923000,2920000,2700000,2653000,2660000,
rare_rewrite_eq-symm: 361000,360000,320000,359000,324000,356000,300000,389000,461000,309000,195000,201000,
rare_rewrite_bool-impl-elim: 7249000,13533000,13566000,13475000,13616000,
rare_rewrite_bool-and-de-morgan: 7261000,13615000,
rare_rewrite_bool-double-not-elim: 429000,426000,

