1; Draft.Scratch_smt_check_7_430; 2026-04-10 13:51:51.094;
and: 164000,192000,136000,133000,134000,140000,142000,138000,129000,160000,136000,144000,146000,147000,133000,145000,134000,150000,130000,148000,122000,126000,140000,180000,116000,122000,141000,175000,119000,131000,144000,217000,123000,132000,173000,140000,112000,132000,168000,117000,147000,245000,141000,136000,175000,132000,121000,140000,182000,127000,132000,137000,173000,126000,135000,178000,
bind: 215000,181000,306000,595000,592000,610000,479000,682000,634000,306000,274000,309000,270000,306000,335000,227000,209000,177000,216000,219000,198000,381000,266000,208000,172000,229000,221000,182000,218000,211000,183000,393000,238000,215000,179000,226000,209000,186000,436000,209000,178000,226000,193000,169000,258000,261000,213000,176000,225000,263000,279000,395000,402000,373000,311000,288000,244000,310000,285000,252000,316000,307000,208000,180000,272000,267000,234000,389000,397000,387000,384000,385000,373000,199000,177000,240000,260000,270000,315000,
cong: 262000,82000,75000,63000,227000,118000,155000,294000,71000,276000,194000,132000,243000,226000,133000,66000,53000,85000,160000,48000,69000,87000,49000,73000,82000,49000,106000,102000,81000,45000,76000,83000,50000,87000,56000,61000,66000,84000,52000,122000,100000,98000,46000,84000,84000,53000,71000,90000,56000,69000,59000,50000,82000,48000,77000,96000,83000,49000,77000,73000,114000,91000,67000,59000,91000,116000,125000,77000,68000,90000,217000,175000,153000,98000,86000,78000,75000,111000,113000,68000,60000,100000,109000,90000,67000,61000,91000,221000,176000,160000,97000,128000,78000,106000,116000,92000,72000,60000,93000,114000,91000,67000,59000,100000,216000,175000,159000,90000,68000,73000,94000,96000,48000,66000,88000,78000,56000,86000,69000,96000,79000,94000,109000,68000,81000,76000,80000,91000,80000,90000,61000,83000,65000,78000,95000,86000,106000,135000,104000,125000,115000,127000,137000,125000,151000,112000,119000,87000,63000,71000,88000,80000,85000,148000,110000,116000,86000,66000,65000,88000,83000,104000,347000,207000,177000,137000,350000,233000,92000,63000,87000,98000,84000,101000,135000,104000,117000,117000,136000,137000,134000,149000,101000,80000,91000,127000,101000,124000,109000,132000,139000,128000,101000,80000,86000,59000,67000,63000,72000,103000,82000,97000,956000,
refl: 18000,21000,31000,35000,65000,27000,662000,30000,25000,31000,30000,38000,18000,18000,38000,23000,21000,18000,19000,19000,28000,22000,21000,23000,18000,25000,21000,115000,37000,18000,29000,34000,19000,29000,56000,54000,19000,35000,17000,29000,34000,17000,30000,55000,54000,118000,119000,34000,19000,27000,36000,17000,39000,53000,59000,57000,19000,21000,23000,23000,31000,24000,40000,23000,42000,17000,20000,29000,41000,15000,16000,33000,70000,95000,26000,40000,25000,24000,19000,39000,26000,24000,92000,62000,51000,48000,60000,
symm: 819000,567000,124000,132000,122000,126000,195000,170000,290000,118000,126000,269000,210000,214000,145000,165000,182000,160000,179000,135000,126000,183000,173000,129000,121000,124000,217000,226000,126000,132000,176000,144000,198000,114000,158000,126000,181000,
trans: 201000,515000,481000,514000,489000,400000,132000,525000,454000,448000,537000,420000,404000,386000,393000,246000,367000,366000,171000,261000,196000,146000,266000,135000,200000,141000,209000,253000,142000,202000,192000,195000,148000,200000,269000,143000,200000,208000,201000,140000,147000,201000,230000,196000,137000,147000,293000,225000,234000,251000,201000,209000,215000,233000,156000,166000,199000,219000,196000,146000,149000,286000,224000,234000,259000,309000,172000,252000,274000,211000,204000,208000,193000,146000,164000,205000,211000,204000,136000,149000,288000,231000,234000,258000,173000,180000,194000,154000,158000,204000,272000,181000,202000,215000,195000,236000,176000,197000,190000,231000,189000,207000,349000,352000,211000,210000,259000,288000,246000,262000,259000,272000,244000,261000,217000,146000,204000,229000,197000,207000,352000,338000,269000,213000,313000,187000,224000,260000,341000,338000,219000,208000,198000,203000,177000,232000,197000,198000,
equiv1: 198000,196000,198000,260000,536000,313000,
equiv2: 280000,207000,197000,281000,289000,200000,10181000,314000,312000,190000,
or_neg: 334000,342000,325000,522000,508000,466000,468000,473000,483000,472000,484000,472000,
or_pos: 272000,333000,356000,280000,275000,284000,262000,287000,272000,380000,310000,296000,298000,259000,305000,248000,256000,310000,310000,264000,243000,
and_neg: 389000,968000,252000,336000,260000,
and_pos: 205000,379000,181000,162000,313000,318000,296000,341000,317000,167000,169000,323000,312000,280000,307000,348000,186000,177000,810000,789000,836000,894000,789000,788000,790000,844000,765000,760000,752000,787000,790000,783000,761000,767000,746000,764000,737000,758000,835000,866000,208000,341000,314000,342000,314000,403000,411000,634000,596000,579000,570000,590000,566000,574000,554000,553000,206000,465000,470000,478000,454000,435000,453000,490000,464000,210000,
implies: 267000,358000,347000,259000,927000,264000,906000,268000,366000,340000,349000,878000,251000,625000,
not_and: 527000,
not_not: 237000,244000,183000,
parsing: 77087000,
aci_simp: 1264000,1540000,1428000,1296000,1164000,1025000,1086000,1083000,1113000,982000,989000,1028000,
evaluate: 263000,264000,
onepoint: 3528000,
qnt_join: 542000,
subproof: 1232000,1277000,1290000,1207000,1902000,1203000,1857000,1226000,1366000,1238000,1287000,1253000,1810000,1135000,1579000,
and_intro: 367000,957000,277000,419000,590000,
equiv_pos1: 130000,69000,
equiv_pos2: 307000,68000,67000,101000,129000,403000,50000,65000,66000,52000,75000,156000,55000,76000,54000,81000,64000,67000,153000,54000,76000,55000,75000,61000,69000,152000,51000,74000,52000,103000,104000,256000,260000,107000,125000,97000,106000,104000,252000,231000,82000,101000,219000,260000,226000,81000,104000,124000,89000,137000,61000,95000,50000,127000,149000,237000,66000,164000,162000,421000,366000,183000,185000,30000,276000,97000,50000,146000,127000,235000,73000,236000,66000,50000,99000,125000,144000,186000,708000,
reordering: 345000,403000,359000,586000,315000,264000,398000,340000,230000,392000,354000,220000,355000,560000,1400000,352000,252000,348000,354000,223000,347000,1438000,350000,227000,373000,344000,261000,363000,619000,414000,436000,12986000,9895000,407000,412000,9698000,407000,397000,316000,299000,382000,314000,262000,423000,537000,658000,664000,312000,337000,1015000,696000,5780000,302000,310000,378000,336000,278000,3804000,388000,312000,295000,298000,309000,
resolution: 449000,243000,311000,251000,247000,364000,433000,406000,259000,319000,354000,3587000,335000,433000,334000,370000,273000,314000,227000,327000,381000,443000,471000,320000,251000,272000,235000,248000,281000,188000,260000,249000,260000,247000,286000,347000,189000,240000,255000,259000,682000,449000,398000,1293000,220000,237000,280000,196000,236000,259000,237000,232000,250000,246000,286000,314000,182000,228000,246000,260000,440000,394000,1278000,245000,333000,202000,270000,257000,276000,251000,232000,291000,281000,322000,190000,230000,254000,269000,237000,274000,251000,251000,217000,229000,248000,321000,354000,389000,383000,237000,311000,222000,211000,275000,343000,389000,254000,2086000,1094000,862000,5722000,288000,213000,277000,223000,274000,229000,248000,317000,395000,390000,382000,246000,306000,220000,207000,278000,335000,352000,215000,221000,255000,279000,279000,1041000,817000,10668000,276000,264000,261000,226000,238000,262000,295000,342000,392000,405000,239000,298000,225000,253000,271000,343000,378000,241000,234000,280000,219000,294000,293000,218000,255000,237000,221000,222000,290000,228000,259000,233000,247000,270000,236000,259000,321000,195000,230000,257000,294000,372000,211000,278000,334000,442000,532000,497000,279000,341000,249000,538000,674000,464000,491000,423000,620000,254000,269000,468000,423000,607000,233000,225000,318000,298000,262000,348000,2052000,7346000,491000,351000,444000,369000,574000,196000,246000,254000,307000,243000,360000,990000,843000,3853000,295000,234000,276000,221000,350000,411000,378000,257000,204000,275000,229000,238000,264000,336000,214000,277000,204000,230000,251000,300000,367000,227000,732000,646000,2830000,262000,217000,291000,195000,224000,258000,326000,622000,213000,221000,246000,266000,232000,229000,277000,223000,282000,233000,269000,322000,258000,341000,
contraction: 383000,514000,574000,467000,595000,362000,1263000,2334000,367000,1269000,2334000,361000,521000,584000,481000,456000,450000,458000,3005000,439000,479000,1133000,1733000,371000,819000,1169000,
forall_inst: 1105000,956000,898000,3950000,1057000,3922000,871000,1128000,804000,879000,824000,961000,791000,890000,812000,893000,825000,929000,793000,913000,881000,836000,790000,857000,919000,788000,796000,792000,833000,878000,720000,721000,856000,991000,926000,858000,805000,845000,893000,773000,746000,823000,848000,711000,847000,796000,760000,792000,1151000,871000,724000,937000,898000,890000,932000,909000,938000,818000,843000,773000,823000,794000,888000,754000,851000,703000,718000,797000,791000,791000,809000,936000,
implies_neg1: 395000,515000,520000,311000,311000,322000,1521000,1518000,466000,504000,515000,551000,373000,928000,1231000,
implies_neg2: 359000,359000,353000,366000,971000,369000,953000,353000,533000,427000,431000,345000,1014000,340000,703000,
__local_input: 131000,44000,42000,34000,42000,48000,46000,46000,36000,43000,129000,181000,200000,169000,49000,51000,50000,49000,53000,46000,51000,46000,51000,68000,82000,42000,46000,61000,78000,48000,53000,46000,47000,45000,44000,119000,185000,97000,55000,64000,135000,118000,157000,94000,49000,40000,49000,45000,39000,40000,46000,83000,64000,48000,43000,41000,43000,51000,41000,44000,126000,
qnt_rm_unused: 805000,4006000,
equiv_simplify: 283000,276000,276000,272000,270000,276000,498000,345000,382000,399000,276000,418000,
implies_simplify: 614000,
__normalized_input: 22849000,22592000,17564000,17248000,12740000,12161000,11734000,39993000,19789000,14506000,11514000,11272000,8182000,8331000,8433000,7626000,6122000,6106000,5885000,5775000,4158000,3671000,2222000,2196000,1362000,1488000,1376000,1164000,885000,1105000,
rare_rewrite_eq-refl: 128000,
rare_rewrite_eq-symm: 265000,154000,4871000,250000,163000,8977000,199000,189000,171000,188000,175000,181000,202000,177000,136000,213000,147000,112000,154000,134000,191000,144000,117000,152000,286000,211000,166000,151000,139000,189000,148000,119000,156000,133000,186000,141000,116000,155000,267000,221000,132000,188000,143000,106000,157000,136000,223000,140000,186000,8925000,303000,210000,147000,180000,150000,135000,193000,161000,176000,201000,176000,237000,130000,143000,240000,107000,122000,236000,130000,133000,235000,114000,113000,182000,189000,224000,234000,237000,153000,198000,221000,181000,211000,179000,161000,170000,218000,
rare_rewrite_or-not-refl: 6803000,
rare_rewrite_bool-impl-elim: 6859000,6075000,6185000,6338000,6220000,6147000,6173000,6168000,6194000,6117000,
rare_rewrite_bool-impl-false1: 5690000,6104000,5701000,6074000,5650000,6011000,
rare_rewrite_bool-and-de-morgan: 6078000,6281000,6598000,5914000,5813000,5935000,6017000,5876000,5827000,
rare_rewrite_bool-double-not-elim: 164000,279000,167000,161000,198000,

