1; Draft.Scratch_smt_check_7_7013; 2026-04-10 13:51:44.889;
bind: 535000,545000,491000,585000,554000,475000,
cong: 138000,146000,142000,135000,155000,143000,316000,253000,114000,76000,118000,82000,
refl: 48000,154000,141000,45000,154000,137000,
symm: 6521000,466000,467000,262000,266000,342000,
false: 14000,
trans: 162000,239000,365000,556000,457000,484000,513000,476000,485000,330000,310000,1059000,
equiv2: 364000,390000,
or_pos: 504000,506000,
implies: 511000,
not_not: 387000,
parsing: 2649000,
evaluate: 464000,
subproof: 2873000,
equiv_pos2: 365000,275000,427000,80000,78000,58000,
reordering: 636000,638000,
resolution: 165000,207000,268000,471000,514000,668000,707000,761000,919000,568000,623000,429000,489000,475000,471000,431000,578000,
contraction: 738000,
forall_inst: 1519000,1464000,
implies_neg1: 690000,
implies_neg2: 638000,
__local_input: 354000,
equiv_simplify: 507000,515000,
__normalized_input: 61039000,46603000,16619000,16518000,16330000,3806000,2519000,2566000,2589000,
rare_rewrite_eq-symm: 343000,344000,365000,400000,429000,286000,
rare_rewrite_bool-impl-elim: 12741000,11965000,

