1; Draft.Scratch_smt_check_7_15676; 2026-04-10 13:51:49.965;
bind: 781000,687000,692000,812000,685000,363000,
cong: 383000,132000,162000,303000,191000,269000,176000,418000,132000,165000,306000,204000,155000,111000,333000,256000,85000,
refl: 87000,50000,89000,87000,86000,47000,91000,51000,59000,
symm: 305000,303000,
trans: 686000,682000,552000,606000,400000,453000,408000,702000,647000,557000,668000,400000,428000,197000,342000,198000,
or_pos: 808000,
implies: 658000,
parsing: 5114000,
aci_simp: 2434000,1953000,1943000,2341000,1985000,981000,1152000,
evaluate: 276000,
subproof: 3581000,
equiv_pos2: 420000,222000,390000,
reordering: 795000,
resolution: 608000,770000,661000,791000,1067000,1276000,806000,680000,
contraction: 1080000,
forall_inst: 958000,
implies_neg1: 511000,
implies_neg2: 996000,
__local_input: 286000,
__normalized_input: 10396000,3704000,3620000,3626000,3948000,
rare_rewrite_eq-refl: 178000,
rare_rewrite_eq-symm: 333000,176000,
rare_rewrite_bool-impl-elim: 12161000,8501000,
rare_rewrite_bool-and-de-morgan: 11568000,11801000,11410000,11458000,

