1; Draft.Scratch_smt_check_7_28265; 2026-04-10 13:51:49.552;
bind: 484000,318000,262000,401000,350000,263000,312000,262000,513000,510000,248000,248000,355000,
cong: 165000,130000,172000,161000,135000,174000,409000,258000,105000,140000,271000,209000,250000,255000,115000,148000,143000,445000,162000,313000,97000,96000,120000,89000,168000,348000,219000,
refl: 32000,33000,102000,38000,49000,93000,87000,88000,
symm: 210000,203000,347000,
trans: 363000,264000,357000,275000,433000,431000,327000,438000,362000,434000,345000,351000,339000,255000,402000,
choice: 27000,72000,
equiv1: 391000,
equiv2: 397000,
or_neg: 204000,204000,179000,205000,216000,179000,175000,279000,261000,282000,484000,547000,483000,544000,569000,448000,428000,
or_pos: 311000,822000,565000,746000,
and_neg: 541000,
and_pos: 173000,228000,263000,507000,491000,
implies: 376000,256000,489000,405000,405000,
not_not: 368000,
parsing: 16737000,
aci_simp: 1350000,1172000,1177000,
subproof: 1463000,1240000,2384000,2460000,2496000,
and_intro: 305000,
equiv_pos1: 51000,
equiv_pos2: 233000,227000,495000,88000,53000,191000,112000,382000,93000,200000,446000,177000,322000,86000,93000,174000,344000,209000,
reordering: 213000,310000,480000,225000,238000,329000,374000,650000,985000,1162000,479000,749000,854000,
resolution: 245000,308000,267000,415000,455000,682000,679000,336000,418000,232000,238000,211000,280000,309000,235000,268000,265000,270000,382000,236000,209000,239000,369000,445000,422000,257000,902000,286000,324000,257000,305000,356000,245000,468000,503000,429000,396000,380000,514000,290000,461000,733000,655000,945000,444000,472000,618000,480000,679000,751000,819000,698000,710000,500000,521000,854000,818000,818000,695000,704000,593000,706000,
sko_forall: 2218000,2146000,
contraction: 691000,259000,261000,439000,339000,370000,751000,683000,654000,632000,733000,655000,539000,
forall_inst: 1174000,836000,862000,866000,740000,824000,1071000,843000,944000,833000,1595000,1525000,
implies_neg1: 618000,710000,682000,517000,537000,
implies_neg2: 708000,298000,565000,473000,503000,
__local_input: 317000,186000,203000,209000,262000,324000,338000,
equiv_simplify: 594000,572000,
__normalized_input: 47519000,44769000,14318000,8283000,3381000,2779000,2048000,2104000,1946000,2435000,991000,
rare_rewrite_eq-refl: 230000,
rare_rewrite_eq-symm: 258000,172000,280000,177000,293000,517000,155000,
rare_rewrite_bool-eq-true: 6380000,
rare_rewrite_bool-impl-elim: 7445000,6276000,6039000,6689000,5984000,6703000,6589000,
rare_rewrite_bool-and-de-morgan: 6289000,6420000,
rare_rewrite_bool-double-not-elim: 148000,181000,428000,451000,503000,385000,
rare_rewrite_bool-implies-de-morgan: 6385000,

