1; Draft.Scratch_smt_check_7_23350; 2026-04-10 13:46:21.237;
bind: 351000,351000,434000,443000,432000,773000,809000,822000,244000,616000,602000,290000,273000,635000,616000,299000,277000,
cong: 105000,97000,103000,95000,270000,105000,129000,84000,81000,238000,399000,190000,134000,119000,120000,241000,378000,189000,142000,118000,117000,379000,336000,221000,268000,647000,344000,245000,217000,181000,410000,350000,220000,154000,129000,377000,649000,317000,244000,198000,191000,396000,343000,121000,84000,72000,387000,351000,91000,67000,130000,55000,48000,205000,239000,179000,151000,247000,221000,184000,151000,207000,577000,321000,127000,211000,439000,
refl: 19000,25000,22000,26000,26000,28000,173000,26000,178000,24000,77000,41000,44000,40000,43000,40000,50000,40000,37000,36000,60000,38000,43000,50000,24000,21000,21000,21000,27000,39000,41000,34000,141000,
symm: 116000,118000,93000,
trans: 113000,111000,105000,136000,110000,112000,358000,278000,294000,263000,287000,286000,198000,183000,152000,378000,276000,302000,261000,275000,285000,193000,168000,155000,358000,271000,309000,486000,540000,534000,359000,325000,265000,524000,493000,345000,288000,646000,600000,533000,501000,535000,636000,358000,317000,270000,491000,501000,185000,164000,144000,151000,141000,131000,440000,246000,248000,217000,220000,206000,438000,271000,261000,217000,238000,200000,
choice: 49000,84000,
equiv1: 98000,102000,97000,
equiv2: 78000,72000,71000,
or_neg: 196000,239000,196000,179000,227000,173000,216000,402000,338000,
or_pos: 351000,207000,212000,389000,648000,
and_neg: 238000,
and_pos: 84000,86000,85000,97000,
implies: 202000,307000,580000,440000,
not_not: 103000,89000,89000,
parsing: 99587000,
aci_simp: 887000,863000,907000,1382000,1159000,1376000,1138000,1427000,2371000,2009000,1855000,1774000,1745000,2693000,2184000,1838000,919000,955000,908000,1042000,1032000,1020000,1135000,
not_symm: 62000,206000,
subproof: 1093000,2970000,5336000,2545000,
equiv_pos1: 54000,
equiv_pos2: 256000,259000,351000,62000,323000,323000,502000,242000,620000,325000,508000,166000,216000,445000,457000,798000,250000,501000,
reordering: 232000,133000,138000,312000,539000,233000,142000,270000,242000,154000,617000,288000,1080000,295000,
resolution: 162000,181000,164000,288000,437000,390000,336000,175000,290000,140000,163000,135000,207000,476000,480000,344000,420000,555000,796000,477000,348000,135000,143000,189000,362000,411000,464000,482000,352000,709000,999000,1379000,855000,582000,130000,165000,195000,146000,128000,170000,137000,175000,195000,265000,151000,135000,209000,176000,321000,380000,174000,173000,339000,285000,341000,402000,537000,723000,674000,343000,401000,329000,435000,
sko_forall: 3184000,
contraction: 364000,498000,332000,998000,304000,741000,353000,
forall_inst: 741000,945000,870000,749000,752000,708000,1271000,
implies_neg1: 315000,463000,497000,689000,
implies_neg2: 280000,436000,796000,635000,
__local_input: 84000,95000,98000,143000,
connective_def: 347000,346000,
equiv_simplify: 151000,184000,137000,210000,139000,172000,
__normalized_input: 3598000,1856000,2070000,2477000,1746000,1597000,1705000,1644000,802000,789000,756000,853000,745000,748000,891000,
rare_rewrite_eq-refl: 48000,
rare_rewrite_eq-symm: 67000,71000,67000,106000,236000,235000,64000,136000,94000,117000,95000,120000,204000,
rare_rewrite_bool-eq-false: 5618000,5833000,
rare_rewrite_bool-impl-elim: 6452000,6467000,12214000,12062000,5876000,6238000,6692000,
rare_rewrite_bool-and-de-morgan: 5928000,6007000,6021000,6253000,6132000,5688000,5863000,5750000,5989000,6242000,11460000,11441000,11499000,11632000,12159000,11674000,11750000,13210000,11563000,11789000,5698000,6070000,5701000,6194000,
rare_rewrite_bool-double-not-elim: 66000,79000,72000,91000,83000,65000,71000,72000,74000,88000,136000,124000,133000,139000,137000,151000,126000,132000,153000,140000,154000,95000,259000,
rare_rewrite_bool-implies-de-morgan: 5482000,

