1; Draft.Scratch_smt_check_7_71; 2026-04-10 13:46:20.977;
bind: 435000,433000,482000,438000,461000,473000,
cong: 322000,133000,311000,130000,134000,63000,125000,553000,238000,220000,109000,202000,614000,
refl: 128000,146000,93000,
symm: 128000,124000,79000,199000,252000,148000,368000,
trans: 96000,149000,195000,191000,250000,392000,376000,
equiv1: 297000,344000,
equiv2: 173000,336000,308000,
or_neg: 273000,265000,250000,277000,
or_pos: 214000,220000,405000,
and_pos: 212000,232000,309000,323000,288000,315000,
implies: 263000,262000,400000,269000,
not_and: 282000,
not_not: 196000,273000,
parsing: 37617000,
evaluate: 181000,
subproof: 1543000,1275000,1561000,1355000,1659000,
and_intro: 196000,
equiv_pos2: 294000,310000,444000,292000,303000,433000,127000,28000,292000,589000,844000,236000,774000,
reordering: 305000,469000,297000,1405000,592000,
resolution: 205000,153000,191000,194000,241000,323000,366000,463000,430000,231000,330000,584000,1725000,284000,230000,295000,272000,441000,144000,172000,194000,230000,328000,357000,463000,423000,235000,326000,212000,192000,244000,184000,209000,572000,500000,1199000,199000,230000,334000,372000,465000,452000,241000,353000,299000,381000,320000,405000,342000,305000,
contraction: 439000,654000,312000,301000,445000,558000,717000,466000,
forall_inst: 624000,748000,852000,854000,687000,729000,1580000,1394000,1241000,
implies_neg1: 381000,376000,299000,686000,1201000,
implies_neg2: 350000,207000,342000,543000,357000,
__local_input: 101000,108000,30000,50000,191000,62000,75000,52000,91000,
equiv_simplify: 251000,265000,480000,505000,
implies_simplify: 378000,
__normalized_input: 11522000,1870000,858000,1131000,
rare_rewrite_eq-symm: 177000,182000,375000,
rare_rewrite_bool-eq-false: 6298000,6968000,12094000,12248000,
rare_rewrite_bool-impl-elim: 6021000,6051000,6117000,6744000,6306000,23787000,
rare_rewrite_bool-double-not-elim: 444000,

