1; Draft.Scratch_smt_check_7_25464; 2026-04-10 13:48:10.054;
bind: 250000,229000,125000,148000,240000,261000,
cong: 345000,375000,593000,371000,373000,646000,97000,354000,401000,209000,145000,133000,110000,72000,52000,219000,224000,386000,219000,219000,400000,60000,210000,245000,164000,225000,280000,100000,122000,71000,35000,40000,48000,83000,86000,114000,71000,125000,82000,38000,44000,49000,213000,230000,616000,389000,385000,623000,102000,402000,379000,210000,75000,141000,148000,194000,109000,633000,
refl: 40000,42000,92000,110000,31000,152000,42000,45000,29000,21000,46000,58000,21000,57000,42000,25000,26000,40000,27000,37000,88000,114000,37000,100000,45000,56000,71000,
symm: 71000,68000,75000,281000,233000,142000,189000,
trans: 522000,558000,542000,531000,552000,362000,315000,192000,213000,111000,92000,267000,313000,295000,289000,308000,201000,180000,314000,313000,302000,106000,296000,102000,109000,106000,287000,307000,306000,515000,609000,347000,385000,183000,197000,200000,1266000,
equiv1: 439000,246000,89000,
or_neg: 249000,279000,219000,
and_pos: 304000,332000,268000,189000,288000,196000,
implies: 229000,124000,117000,382000,215000,
not_and: 232000,
parsing: 28063000,
evaluate: 567000,274000,294000,158000,196000,242000,299000,467000,
subproof: 1872000,1213000,1122000,1026000,1464000,1931000,
and_intro: 91000,290000,
poly_simp: 3245000,6278000,3782000,2974000,3005000,1917000,3493000,2122000,1606000,1736000,3499000,5901000,2468000,18694000,6384000,3928000,2970000,3066000,
equiv_pos2: 522000,140000,165000,125000,37000,203000,218000,245000,74000,80000,132000,35000,172000,434000,146000,155000,247000,63000,567000,
la_generic: 7611000,
reordering: 167000,304000,915000,174000,915000,392000,
resolution: 331000,538000,264000,290000,339000,389000,429000,384000,260000,395000,450000,564000,269000,332000,456000,371000,898000,130000,246000,305000,273000,191000,457000,170000,160000,285000,368000,269000,148000,144000,190000,285000,240000,242000,153000,240000,681000,629000,894000,346000,289000,250000,357000,373000,427000,428000,295000,387000,
contraction: 1578000,402000,383000,460000,256000,174000,553000,575000,320000,
forall_inst: 1003000,874000,1298000,
la_mult_neg: 253000,
implies_neg1: 138000,280000,144000,464000,263000,1040000,
implies_neg2: 258000,295000,188000,142000,607000,276000,
__local_input: 71000,83000,74000,43000,56000,48000,166000,32000,150000,133000,
poly_simp_rel: 2208000,1209000,1080000,2183000,
equiv_simplify: 174000,
implies_simplify: 539000,330000,
__normalized_input: 5074000,1368000,1003000,5375000,
rare_rewrite_eq-symm: 120000,193000,135000,182000,62000,102000,64000,108000,64000,98000,66000,109000,134000,192000,133000,205000,148000,192000,
rare_rewrite_arith-elim-lt: 6467000,7212000,
rare_rewrite_arith-elim-leq: 11680000,6209000,11892000,
rare_rewrite_bool-double-not-elim: 581000,

