1; Draft.Scratch_smt_check_7_16983; 2026-04-10 13:48:11.179;
bind: 668000,283000,171000,223000,205000,209000,211000,151000,164000,157000,180000,187000,182000,213000,183000,181000,363000,359000,241000,242000,165000,173000,179000,209000,212000,154000,160000,239000,260000,152000,154000,211000,218000,237000,231000,209000,216000,234000,280000,140000,146000,
cong: 141000,107000,112000,1053000,1036000,779000,123000,273000,147000,125000,108000,472000,351000,230000,175000,381000,1123000,84000,100000,97000,53000,103000,148000,85000,99000,153000,157000,69000,76000,177000,98000,109000,172000,97000,111000,186000,95000,107000,174000,133000,169000,122000,1000000,929000,787000,149000,147000,401000,295000,93000,94000,101000,53000,104000,150000,92000,94000,149000,132000,131000,276000,164000,100000,87000,80000,156000,108000,541000,323000,273000,337000,111000,239000,261000,70000,216000,126000,60000,68000,66000,40000,55000,146000,53000,60000,67000,72000,78000,79000,152000,96000,143000,131000,262000,180000,106000,534000,326000,280000,368000,103000,228000,197000,69000,141000,139000,55000,75000,63000,38000,53000,109000,100000,58000,68000,71000,320000,279000,333000,102000,231000,194000,69000,140000,117000,62000,71000,74000,43000,74000,144000,48000,53000,55000,57000,412000,251000,130000,131000,257000,162000,103000,106000,305000,237000,530000,328000,79000,85000,170000,144000,420000,4145000,
ite1: 137000,
refl: 51000,63000,39000,64000,42000,113000,140000,209000,160000,75000,88000,23000,29000,51000,59000,62000,50000,52000,62000,50000,57000,61000,62000,56000,46000,55000,52000,47000,48000,56000,34000,40000,17000,22000,32000,47000,49000,97000,36000,16000,21000,36000,18000,23000,69000,48000,58000,36000,23000,55000,437000,521000,321000,337000,101000,55000,481000,505000,
symm: 135000,137000,258000,138000,143000,96000,91000,313000,160000,133000,151000,128000,89000,106000,107000,93000,82000,89000,73000,141000,86000,778000,725000,449000,361000,
true: 62000,
trans: 204000,221000,148000,143000,152000,161000,142000,333000,211000,401000,271000,136000,124000,144000,149000,125000,149000,149000,160000,101000,125000,170000,162000,354000,169000,196000,239000,126000,221000,220000,119000,1225000,172000,167000,132000,124000,139000,147000,143000,149000,150000,169000,112000,129000,141000,134000,215000,195000,125000,99000,109000,142000,490000,101000,106000,107000,124000,149000,142000,225000,197000,126000,490000,97000,433000,497000,100000,476000,134000,134000,140000,218000,198000,131000,397000,115000,119000,119000,495000,407000,
equiv1: 544000,197000,129000,94000,222000,233000,233000,213000,123000,95000,1096000,
equiv2: 464000,218000,483000,
or_neg: 206000,220000,264000,757000,737000,664000,673000,774000,185000,173000,181000,193000,1426000,1460000,1370000,1363000,1332000,1263000,1433000,1476000,1440000,
or_pos: 690000,888000,927000,258000,464000,537000,782000,370000,
and_neg: 785000,591000,3681000,1016000,
and_pos: 702000,638000,628000,762000,699000,641000,605000,749000,203000,154000,157000,158000,583000,524000,458000,462000,439000,595000,162000,159000,160000,172000,1758000,1591000,1648000,1499000,1496000,1741000,1719000,1655000,1730000,1773000,1489000,1531000,1725000,1641000,1604000,1677000,1960000,1938000,1822000,910000,968000,1009000,
implies: 805000,199000,363000,255000,826000,821000,168000,209000,109000,203000,683000,202000,669000,207000,720000,317000,167000,196000,113000,186000,114000,428000,1823000,107000,173000,438000,1907000,174000,425000,112000,1985000,1945000,
not_and: 177000,171000,
not_not: 346000,348000,
parsing: 192489000,
aci_simp: 987000,988000,1014000,9306000,1140000,2082000,
evaluate: 266000,142000,230000,232000,269000,406000,304000,146000,218000,219000,322000,431000,392000,434000,
subproof: 1749000,1092000,1277000,1135000,1842000,1793000,1004000,1007000,1103000,1027000,1129000,1587000,1101000,1594000,1108000,1670000,1355000,1039000,1065000,1138000,1041000,1149000,1087000,1423000,3978000,1022000,1159000,1344000,2815000,1293000,1364000,1204000,3633000,2014000,
and_intro: 626000,116000,142000,457000,125000,176000,1664000,1652000,
poly_simp: 4731000,2413000,2299000,1848000,1692000,1761000,1793000,2235000,1704000,1783000,1772000,3010000,1781000,1782000,3028000,1848000,1779000,3065000,2114000,2120000,2132000,1817000,1831000,1910000,2486000,1836000,1849000,1861000,1895000,2097000,2215000,2176000,1849000,1827000,1984000,1810000,2215000,2142000,2112000,1863000,1819000,1911000,1908000,2226000,
equiv_pos1: 212000,823000,
equiv_pos2: 351000,192000,480000,1320000,113000,157000,307000,87000,174000,146000,278000,153000,158000,547000,396000,123000,350000,1293000,96000,106000,86000,90000,101000,147000,275000,115000,119000,277000,118000,121000,275000,116000,120000,278000,447000,255000,264000,1172000,153000,169000,500000,96000,94000,85000,102000,97000,152000,141000,147000,271000,89000,90000,132000,149000,153000,652000,343000,85000,116000,131000,149000,148000,275000,150000,155000,631000,334000,337000,142000,149000,271000,150000,155000,631000,87000,98000,252000,5847000,
la_generic: 4756000,5868000,
reordering: 1184000,1167000,2106000,1549000,1716000,302000,547000,346000,874000,712000,431000,1120000,1151000,3026000,3030000,731000,7442000,312000,392000,906000,1763000,1764000,1389000,1431000,314000,396000,630000,16185000,16240000,2604000,2646000,6203000,6252000,
resolution: 288000,369000,502000,505000,352000,1868000,613000,586000,297000,408000,635000,680000,946000,1294000,1335000,731000,394000,368000,404000,245000,354000,407000,281000,209000,196000,320000,405000,394000,247000,2033000,292000,368000,254000,310000,237000,495000,615000,600000,326000,279000,242000,389000,495000,502000,302000,474000,1310000,4098000,1071000,1223000,988000,2141000,374000,1178000,954000,2125000,338000,306000,519000,177000,181000,184000,229000,270000,281000,207000,214000,248000,224000,390000,130000,171000,192000,200000,158000,210000,176000,186000,186000,249000,181000,354000,336000,449000,182000,239000,151000,240000,251000,283000,288000,210000,247000,294000,365000,360000,210000,244000,246000,778000,963000,816000,1323000,346000,208000,258000,299000,367000,360000,213000,254000,243000,967000,862000,1310000,207000,245000,317000,372000,358000,210000,261000,269000,435000,570000,553000,341000,837000,1150000,1153000,602000,333000,650000,386000,302000,323000,296000,439000,553000,558000,316000,305000,180000,188000,271000,292000,285000,206000,217000,265000,237000,388000,138000,177000,190000,211000,162000,222000,182000,196000,193000,263000,190000,365000,340000,461000,188000,268000,168000,238000,268000,282000,179000,271000,296000,412000,383000,217000,267000,159000,213000,222000,255000,261000,158000,257000,374000,358000,267000,541000,715000,657000,359000,277000,430000,3690000,15811000,2472000,2542000,1896000,9442000,476000,356000,373000,153000,209000,216000,260000,252000,163000,247000,180000,281000,373000,11813000,413000,216000,274000,365000,264000,574000,679000,658000,361000,273000,303000,432000,2522000,1804000,9102000,343000,315000,424000,505000,394000,224000,263000,301000,414000,408000,216000,273000,399000,358000,272000,523000,681000,645000,360000,273000,150000,200000,226000,276000,267000,156000,262000,670000,540000,1981000,2623000,1888000,3680000,665000,2573000,2355000,3164000,
contraction: 1261000,321000,544000,413000,1950000,1175000,1409000,1166000,1364000,223000,184000,205000,155000,271000,288000,167000,306000,943000,984000,305000,925000,977000,323000,1079000,476000,226000,193000,231000,137000,282000,313000,177000,337000,198000,657000,7158000,2624000,4379000,184000,417000,638000,2647000,4407000,354000,634000,196000,2938000,3186000,2891000,3805000,
forall_inst: 1211000,995000,1683000,1594000,1016000,930000,760000,880000,1223000,1021000,841000,1217000,686000,696000,683000,749000,739000,758000,1447000,1136000,930000,748000,714000,681000,935000,811000,682000,1086000,1065000,998000,1086000,676000,796000,1080000,990000,1079000,825000,1111000,1093000,848000,2015000,1757000,
la_mult_neg: 251000,302000,
or_simplify: 489000,566000,477000,
implies_neg1: 1033000,293000,460000,358000,1363000,1398000,118000,205000,140000,280000,261000,258000,268000,1068000,1046000,885000,416000,122000,208000,144000,282000,289000,161000,526000,169000,292000,510000,281000,517000,182000,6589000,6489000,1825000,1860000,
implies_neg2: 1520000,320000,625000,439000,1125000,1122000,152000,106000,277000,155000,308000,942000,303000,947000,303000,1307000,566000,157000,111000,289000,182000,321000,152000,765000,2186000,147000,473000,735000,2246000,336000,726000,160000,2562000,2556000,
__local_input: 120000,91000,93000,93000,72000,41000,39000,89000,72000,38000,42000,116000,28000,33000,53000,27000,30000,57000,74000,76000,80000,43000,34000,94000,89000,47000,72000,110000,91000,31000,31000,61000,25000,32000,57000,98000,90000,97000,82000,95000,94000,84000,100000,100000,231000,269000,35000,61000,239000,184000,139000,244000,246000,143000,160000,59000,57000,237000,321000,234000,85000,99000,131000,107000,115000,128000,
poly_simp_rel: 7253000,1561000,1535000,925000,957000,975000,1026000,981000,970000,987000,1091000,1012000,966000,1076000,972000,980000,1087000,1403000,1474000,1343000,1065000,1039000,1069000,1068000,954000,1007000,1014000,1032000,1509000,1400000,949000,959000,1017000,1007000,1595000,1391000,1435000,983000,941000,996000,1092000,1596000,
equiv_simplify: 565000,655000,163000,313000,320000,381000,168000,594000,1412000,
implies_simplify: 265000,188000,283000,192000,
__normalized_input: 10056000,9272000,5751000,5420000,5331000,5804000,5843000,4139000,3706000,2959000,2649000,2495000,2312000,1868000,1460000,1353000,1070000,1192000,509000,1061000,
rare_rewrite_ite-eq: 6104000,
rare_rewrite_eq-refl: 160000,148000,159000,66000,67000,124000,
rare_rewrite_eq-symm: 141000,149000,148000,527000,305000,133000,143000,352000,88000,87000,97000,131000,85000,88000,93000,112000,140000,138000,170000,131000,142000,168000,84000,91000,191000,208000,
rare_rewrite_bool-eq-true: 19241000,6101000,6067000,6270000,6107000,39873000,
rare_rewrite_arith-elim-gt: 6068000,6351000,
rare_rewrite_arith-elim-lt: 5683000,5858000,6127000,5752000,6394000,6165000,6722000,6331000,
rare_rewrite_arith-elim-leq: 6051000,6188000,
rare_rewrite_bool-impl-elim: 14749000,5841000,6194000,6369000,6352000,6328000,6290000,
rare_rewrite_bool-and-de-morgan: 6015000,5946000,
rare_rewrite_bool-double-not-elim: 123000,98000,147000,86000,119000,90000,111000,115000,113000,155000,949000,

