1; Draft.Scratch_smt_check_7_16657; 2026-04-10 13:48:14.419;
bind: 136000,332000,
cong: 80000,97000,73000,190000,92000,143000,
symm: 92000,142000,
trans: 116000,128000,92000,101000,106000,147000,156000,159000,224000,
parsing: 4897000,
poly_simp: 1797000,2243000,4119000,3227000,
equiv_pos1: 126000,
equiv_pos2: 93000,127000,210000,
reordering: 481000,
resolution: 176000,242000,145000,232000,342000,426000,
forall_inst: 1156000,1285000,
poly_simp_rel: 1050000,979000,1784000,1965000,
__normalized_input: 1142000,906000,1114000,
rare_rewrite_arith-elim-lt: 6111000,23029000,11183000,11344000,
rare_rewrite_arith-geq-tighten: 5854000,11352000,
rare_rewrite_bool-double-not-elim: 132000,101000,167000,

