1; Draft.Scratch_smt_check_7_32554; 2026-04-10 13:48:10.318;
bind: 172000,248000,256000,446000,420000,
cong: 78000,48000,42000,184000,110000,47000,97000,167000,146000,172000,140000,93000,140000,35000,82000,73000,74000,66000,45000,62000,112000,84000,83000,143000,311000,225000,277000,194000,132000,218000,48000,116000,134000,132000,116000,71000,114000,179000,130000,126000,235000,250000,143000,109000,62000,165000,210000,193000,324000,357000,34000,79000,46000,42000,63000,184000,171000,220000,207000,358000,156000,368000,
ite1: 90000,89000,
refl: 28000,38000,56000,53000,25000,34000,41000,22000,58000,93000,97000,40000,61000,66000,40000,27000,30000,25000,34000,47000,36000,37000,89000,
symm: 196000,300000,317000,130000,125000,85000,123000,193000,224000,
true: 48000,50000,
trans: 83000,108000,204000,170000,180000,145000,109000,103000,149000,110000,156000,151000,123000,385000,308000,349000,255000,183000,180000,300000,925000,302000,269000,235000,337000,313000,327000,134000,144000,126000,220000,208000,230000,116000,190000,107000,283000,275000,293000,164000,329000,220000,
equiv1: 131000,293000,257000,88000,178000,100000,137000,76000,
equiv2: 128000,137000,
or_neg: 238000,225000,250000,186000,192000,215000,
or_pos: 251000,495000,
and_pos: 370000,335000,416000,131000,235000,167000,
implies: 115000,217000,191000,155000,137000,
not_and: 235000,180000,
parsing: 17886000,
aci_simp: 1064000,1901000,
evaluate: 221000,252000,151000,195000,266000,296000,234000,264000,276000,367000,343000,
subproof: 1010000,2093000,1862000,1004000,978000,
and_intro: 232000,108000,94000,
poly_simp: 1988000,1615000,1717000,1757000,1738000,2288000,1806000,1542000,2996000,3086000,4132000,3141000,2874000,3274000,1798000,2840000,2121000,2188000,1941000,1565000,2347000,4539000,3394000,
equiv_pos1: 42000,70000,
equiv_pos2: 134000,143000,108000,177000,100000,87000,156000,37000,52000,103000,318000,160000,176000,267000,66000,99000,98000,192000,121000,92000,165000,246000,91000,37000,36000,134000,137000,77000,257000,124000,128000,120000,321000,
la_generic: 7072000,4126000,24932000,
reordering: 181000,290000,268000,3664000,369000,581000,281000,391000,
resolution: 179000,160000,224000,210000,222000,195000,201000,240000,220000,252000,276000,286000,181000,155000,181000,239000,260000,258000,161000,200000,195000,229000,248000,210000,422000,1159000,268000,349000,288000,1270000,298000,563000,316000,446000,465000,447000,338000,271000,302000,429000,435000,430000,271000,311000,295000,371000,345000,395000,408000,381000,189000,242000,181000,356000,405000,214000,256000,232000,572000,125000,188000,208000,167000,203000,198000,161000,255000,141000,199000,163000,177000,171000,166000,240000,226000,214000,211000,169000,394000,
contraction: 180000,373000,270000,324000,341000,270000,180000,214000,126000,
forall_inst: 705000,729000,634000,1282000,1199000,
la_mult_neg: 288000,251000,217000,
implies_neg1: 150000,276000,307000,208000,358000,
implies_neg2: 146000,199000,252000,141000,136000,
__local_input: 73000,91000,36000,195000,64000,131000,62000,70000,64000,
poly_simp_rel: 883000,881000,1010000,991000,968000,902000,1050000,1810000,1750000,1789000,1858000,1985000,1032000,899000,910000,872000,926000,
equiv_simplify: 204000,409000,159000,222000,143000,
implies_simplify: 366000,254000,171000,
__normalized_input: 12312000,1314000,1294000,842000,1061000,1085000,
rare_rewrite_ite-eq: 5787000,5844000,
rare_rewrite_eq-refl: 101000,201000,102000,
rare_rewrite_eq-symm: 112000,203000,
rare_rewrite_ite-not-cond: 5550000,11248000,
rare_rewrite_arith-elim-gt: 6008000,5857000,
rare_rewrite_arith-elim-lt: 5591000,5763000,5970000,5734000,5748000,10342000,10352000,10570000,10971000,11102000,11027000,6731000,5515000,12051000,11261000,
rare_rewrite_arith-elim-leq: 5740000,5704000,5485000,10491000,10944000,6081000,5798000,5753000,
rare_rewrite_arith-leq-norm: 5593000,
rare_rewrite_bool-impl-elim: 5968000,10782000,
rare_rewrite_bool-and-de-morgan: 5902000,10551000,
rare_rewrite_bool-double-not-elim: 85000,113000,156000,201000,138000,92000,167000,221000,174000,

