1; Draft.Scratch_smt_check_7_21629; 2026-04-10 13:43:22.238;
bind: 596000,548000,387000,208000,177000,226000,161000,322000,550000,354000,
cong: 863000,703000,281000,177000,303000,165000,903000,810000,218000,509000,484000,135000,158000,173000,105000,289000,165000,813000,680000,
refl: 94000,246000,95000,235000,66000,40000,24000,51000,125000,94000,225000,
symm: 236000,
trans: 476000,398000,399000,232000,235000,498000,384000,436000,242000,253000,256000,285000,233000,136000,160000,260000,208000,224000,131000,139000,471000,397000,397000,233000,268000,
or_pos: 748000,165000,189000,307000,167000,487000,293000,170000,479000,304000,330000,856000,
and_neg: 741000,
and_pos: 410000,456000,
implies: 717000,818000,490000,424000,379000,
parsing: 63352000,
aci_simp: 2173000,1697000,2068000,1718000,1871000,1014000,1096000,918000,2045000,1796000,
subproof: 3595000,3783000,1403000,1990000,2013000,
equiv_pos2: 1136000,512000,490000,1356000,150000,129000,104000,667000,146000,97000,243000,451000,1148000,245000,
reordering: 1456000,200000,247000,469000,197000,817000,681000,1054000,456000,197000,823000,392000,465000,1362000,
resolution: 333000,550000,719000,784000,1101000,1298000,763000,595000,773000,490000,862000,1206000,1408000,782000,483000,382000,511000,399000,160000,200000,161000,194000,248000,159000,197000,232000,525000,673000,576000,718000,341000,441000,507000,938000,776000,483000,390000,314000,247000,157000,189000,216000,322000,416000,301000,461000,617000,806000,478000,14246000,289000,436000,306000,338000,417000,
contraction: 1093000,1232000,696000,699000,634000,579000,
forall_inst: 1736000,1859000,789000,716000,719000,727000,1049000,804000,638000,1760000,1396000,1257000,
implies_neg1: 953000,1050000,569000,977000,1482000,
implies_neg2: 1137000,1392000,670000,703000,615000,
__local_input: 121000,121000,68000,159000,105000,136000,
__normalized_input: 1629000,1571000,1669000,1596000,1229000,1488000,1651000,
rare_rewrite_eq-symm: 555000,652000,351000,547000,
rare_rewrite_bool-impl-elim: 11286000,12557000,6050000,6161000,6242000,5787000,6056000,6283000,12025000,11736000,
rare_rewrite_bool-and-de-morgan: 10682000,11026000,11159000,11138000,10538000,5743000,5763000,5954000,11630000,11696000,

