1; Draft.Scratch_smt_check_7_1479; 2026-04-10 13:51:19.531;
bind: 188000,196000,250000,258000,205000,236000,352000,434000,
cong: 155000,82000,93000,115000,118000,108000,130000,75000,114000,86000,94000,120000,102000,103000,143000,87000,115000,240000,385000,608000,472000,853000,133000,97000,143000,102000,106000,180000,75000,115000,390000,
refl: 65000,29000,25000,33000,65000,28000,24000,31000,47000,60000,86000,68000,30000,25000,40000,
symm: 159000,408000,
trans: 181000,191000,201000,170000,265000,188000,189000,196000,156000,192000,167000,192000,185000,605000,608000,618000,356000,518000,516000,403000,488000,395000,161000,263000,179000,182000,
equiv1: 381000,211000,275000,
or_neg: 345000,290000,305000,329000,
or_pos: 254000,275000,316000,
and_pos: 280000,255000,270000,263000,517000,669000,793000,567000,
implies: 159000,241000,157000,413000,550000,756000,
not_and: 307000,
parsing: 6560000,
evaluate: 383000,504000,595000,357000,461000,860000,668000,591000,627000,
subproof: 1225000,1271000,1360000,1666000,2642000,
and_intro: 188000,160000,374000,563000,
poly_simp: 3169000,2655000,1935000,1929000,2086000,1849000,1994000,1810000,2034000,2872000,2146000,3533000,3785000,7422000,3500000,3567000,4549000,4979000,3702000,4717000,2137000,2469000,
equiv_pos2: 88000,118000,81000,82000,177000,116000,69000,116000,70000,57000,87000,82000,162000,264000,193000,440000,246000,244000,217000,242000,151000,177000,130000,67000,325000,
la_generic: 21332000,
reordering: 258000,1026000,269000,2378000,277000,
resolution: 259000,294000,299000,216000,256000,276000,296000,307000,206000,283000,238000,261000,339000,295000,659000,1722000,329000,335000,464000,394000,1164000,166000,273000,267000,287000,284000,277000,227000,450000,212000,234000,257000,313000,297000,264000,310000,225000,202000,293000,266000,327000,305000,210000,311000,487000,520000,389000,517000,1371000,1115000,2245000,563000,383000,499000,564000,493000,522000,738000,348000,
contraction: 240000,625000,353000,439000,267000,228000,1146000,1227000,
forall_inst: 859000,817000,772000,1495000,1430000,1132000,
la_mult_neg: 339000,665000,681000,
implies_neg1: 188000,381000,417000,765000,563000,
implies_neg2: 199000,284000,173000,252000,1075000,
__local_input: 199000,293000,205000,101000,72000,108000,168000,75000,45000,97000,207000,
poly_simp_rel: 1055000,1060000,1130000,1028000,1110000,1143000,1269000,1170000,1068000,9621000,2061000,2065000,2121000,2026000,2343000,1360000,
equiv_simplify: 426000,
implies_simplify: 474000,301000,
__normalized_input: 34429000,12245000,11172000,9622000,650000,819000,
rare_rewrite_arith-elim-lt: 6390000,13840000,12158000,
rare_rewrite_arith-elim-leq: 6290000,6293000,6759000,6616000,6734000,11826000,12695000,12565000,6897000,
rare_rewrite_bool-impl-elim: 6420000,6383000,7718000,
rare_rewrite_bool-double-not-elim: 187000,

