1; Draft.Scratch_smt_check_7_927; 2026-04-10 13:48:55.465;
bind: 280000,479000,
cong: 203000,153000,
refl: 58000,293000,
trans: 363000,271000,280000,197000,216000,
or_pos: 669000,401000,
and_pos: 150000,266000,
not_and: 250000,
parsing: 9299000,
aci_simp: 1938000,1556000,
equiv_pos2: 131000,607000,
reordering: 242000,1097000,354000,429000,
resolution: 223000,242000,330000,179000,176000,177000,330000,532000,444000,
forall_inst: 1558000,2138000,
__normalized_input: 2288000,2637000,999000,820000,873000,1126000,
rare_rewrite_bool-impl-elim: 9769000,14670000,
rare_rewrite_bool-and-de-morgan: 33087000,13037000,

