1; Draft.Scratch_smt_check_7_23103; 2026-04-10 13:48:55.264;
bind: 415000,400000,239000,225000,186000,218000,214000,274000,
cong: 70000,248000,179000,220000,190000,60000,92000,76000,76000,135000,113000,112000,323000,151000,226000,86000,99000,120000,112000,85000,
refl: 48000,50000,65000,22000,20000,20000,68000,28000,31000,26000,31000,
symm: 156000,196000,
trans: 165000,154000,358000,306000,324000,261000,272000,242000,197000,203000,188000,
equiv1: 134000,157000,229000,
equiv2: 104000,90000,
or_pos: 360000,
and_pos: 104000,105000,
implies: 164000,
not_and: 283000,
parsing: 16630000,
aci_simp: 1482000,1112000,1040000,
subproof: 1176000,
equiv_pos2: 288000,101000,110000,224000,339000,240000,
reordering: 177000,486000,174000,
resolution: 172000,177000,177000,167000,157000,148000,206000,347000,423000,399000,197000,277000,182000,246000,265000,306000,298000,190000,342000,519000,
contraction: 263000,
forall_inst: 925000,1356000,
implies_neg1: 410000,
implies_neg2: 212000,
__local_input: 209000,
equiv_simplify: 169000,208000,169000,382000,
__normalized_input: 18804000,3681000,1491000,1481000,1179000,1757000,1027000,1300000,
rare_rewrite_eq-symm: 144000,176000,334000,
rare_rewrite_bool-impl-elim: 7556000,6618000,6673000,
rare_rewrite_bool-and-de-morgan: 7016000,7624000,

