1; Draft.Scratch_smt_check_7_21973; 2026-04-10 13:48:54.784;
and: 141000,151000,78000,98000,80000,97000,
bind: 414000,323000,304000,476000,436000,344000,428000,666000,593000,293000,280000,204000,
cong: 70000,95000,213000,146000,140000,270000,237000,152000,95000,172000,340000,237000,204000,248000,313000,344000,137000,148000,147000,282000,126000,312000,46000,48000,39000,55000,74000,71000,59000,59000,
refl: 43000,70000,55000,43000,54000,49000,20000,29000,80000,20000,25000,
symm: 150000,
trans: 333000,393000,530000,449000,480000,420000,464000,350000,359000,365000,269000,232000,179000,164000,155000,
choice: 43000,35000,70000,
or_neg: 245000,255000,202000,205000,328000,323000,239000,265000,207000,221000,183000,207000,172000,220000,150000,332000,271000,288000,
or_pos: 358000,406000,404000,239000,348000,483000,
and_neg: 204000,
and_pos: 163000,97000,123000,88000,93000,108000,
implies: 239000,142000,239000,
not_and: 227000,
parsing: 41000000,
aci_simp: 1844000,1716000,1013000,1414000,912000,1111000,893000,946000,
subproof: 2474000,1167000,1204000,
equiv_pos2: 55000,68000,240000,149000,138000,246000,309000,177000,226000,78000,147000,422000,153000,106000,140000,279000,147000,
reordering: 304000,447000,277000,500000,326000,421000,148000,290000,202000,227000,216000,140000,195000,291000,739000,170000,
resolution: 451000,279000,315000,317000,400000,460000,322000,548000,372000,473000,386000,519000,522000,566000,1057000,505000,300000,421000,469000,325000,489000,392000,496000,355000,410000,307000,301000,339000,304000,303000,153000,160000,420000,601000,448000,245000,779000,271000,320000,218000,259000,382000,423000,444000,383000,348000,313000,
sko_forall: 1686000,1004000,1365000,
contraction: 351000,465000,421000,377000,254000,238000,265000,381000,374000,
forall_inst: 1250000,1256000,1406000,1278000,1112000,708000,
implies_neg1: 297000,215000,328000,
implies_neg2: 326000,193000,322000,
__local_input: 90000,66000,73000,
__normalized_input: 1431000,1028000,978000,584000,605000,607000,524000,496000,698000,854000,839000,1015000,1113000,
rare_rewrite_bool-impl-elim: 12589000,11090000,11855000,11603000,11490000,7019000,6194000,6048000,
rare_rewrite_bool-and-de-morgan: 6213000,6634000,6551000,6848000,
rare_rewrite_bool-double-not-elim: 201000,331000,208000,151000,99000,246000,

