1; Draft.Scratch_smt_check_7_29492; 2026-04-10 13:48:55.106;
and: 137000,94000,119000,84000,136000,97000,
bind: 199000,240000,145000,361000,175000,187000,
cong: 77000,85000,314000,150000,129000,132000,56000,130000,51000,72000,96000,182000,49000,53000,62000,62000,
refl: 144000,16000,17000,25000,13000,17000,22000,23000,
symm: 79000,
trans: 163000,154000,190000,202000,162000,
equiv1: 119000,108000,
equiv2: 168000,152000,
or_pos: 196000,178000,
and_neg: 194000,160000,
and_pos: 131000,122000,137000,143000,
implies: 266000,144000,
not_and: 203000,
parsing: 23072000,
aci_simp: 977000,1058000,894000,910000,
subproof: 1202000,1076000,
equiv_pos1: 84000,32000,66000,36000,
equiv_pos2: 123000,131000,265000,57000,71000,82000,398000,246000,48000,79000,89000,104000,114000,
reordering: 196000,217000,297000,175000,252000,402000,231000,195000,320000,214000,210000,208000,320000,197000,
resolution: 186000,222000,195000,153000,211000,168000,188000,286000,322000,217000,186000,237000,288000,142000,190000,199000,284000,232000,160000,154000,208000,163000,152000,167000,197000,203000,375000,509000,458000,263000,191000,152000,210000,233000,298000,201000,177000,200000,256000,200000,282000,272000,263000,170000,306000,
contraction: 524000,231000,
forall_inst: 880000,721000,895000,943000,871000,1114000,656000,780000,717000,
implies_neg1: 421000,210000,
implies_neg2: 448000,186000,
__local_input: 127000,88000,
equiv_simplify: 236000,205000,250000,177000,
__normalized_input: 6793000,5829000,1256000,1428000,1170000,993000,980000,583000,506000,532000,455000,443000,643000,
rare_rewrite_eq-refl: 136000,
rare_rewrite_eq-symm: 139000,121000,152000,
rare_rewrite_bool-impl-elim: 6480000,5933000,

