1; Draft.Scratch_smt_check_7_4593; 2026-04-10 13:50:29.488;
bind: 531000,483000,333000,368000,342000,349000,332000,383000,262000,
cong: 167000,205000,136000,84000,122000,119000,122000,85000,283000,79000,101000,85000,79000,86000,120000,88000,128000,71000,81000,89000,110000,157000,112000,
refl: 62000,70000,34000,20000,22000,37000,19000,21000,18000,19000,24000,35000,20000,22000,35000,
trans: 322000,370000,408000,516000,328000,315000,201000,
equiv1: 210000,
equiv2: 250000,
or_pos: 296000,
implies: 373000,206000,
not_not: 230000,
parsing: 6176000,
not_symm: 132000,
subproof: 1426000,1218000,
equiv_pos1: 100000,43000,
equiv_pos2: 239000,272000,155000,161000,370000,85000,170000,123000,214000,
reordering: 510000,352000,277000,
resolution: 423000,570000,426000,407000,464000,551000,395000,418000,505000,498000,574000,638000,492000,518000,282000,363000,342000,326000,317000,369000,316000,342000,336000,227000,356000,
contraction: 510000,299000,
forall_inst: 1561000,1010000,953000,825000,
implies_neg1: 450000,256000,
implies_neg2: 507000,255000,
__local_input: 191000,159000,
equiv_simplify: 349000,288000,
__normalized_input: 7662000,4167000,3418000,3269000,3314000,3314000,3065000,3296000,
rare_rewrite_eq-symm: 248000,350000,273000,266000,455000,280000,129000,180000,157000,160000,
rare_rewrite_bool-impl-elim: 11811000,
rare_rewrite_bool-double-not-elim: 295000,

