1; Draft.Scratch_smt_check_7_19084; 2026-04-10 13:43:16.953;
bind: 341000,359000,319000,404000,413000,335000,299000,210000,205000,193000,208000,210000,200000,286000,300000,253000,350000,333000,193000,287000,335000,243000,335000,325000,180000,275000,
cong: 278000,331000,226000,229000,150000,133000,312000,280000,259000,217000,177000,130000,100000,433000,219000,193000,198000,158000,88000,95000,76000,107000,104000,97000,103000,86000,107000,73000,114000,95000,103000,201000,162000,307000,42000,43000,57000,42000,40000,52000,41000,39000,48000,54000,166000,135000,265000,150000,217000,57000,229000,184000,132000,202000,53000,204000,166000,122000,465000,265000,177000,194000,208000,206000,171000,399000,98000,82000,
refl: 187000,28000,29000,174000,30000,35000,90000,25000,30000,34000,66000,73000,459000,45000,36000,69000,422000,43000,33000,60000,88000,
symm: 138000,58000,256000,304000,246000,303000,
trans: 311000,349000,310000,323000,323000,302000,297000,273000,163000,391000,424000,340000,321000,283000,159000,189000,211000,160000,183000,212000,160000,89000,77000,77000,76000,65000,229000,239000,248000,235000,74000,260000,222000,258000,310000,204000,234000,244000,269000,246000,208000,64000,288000,227000,251000,268000,203000,222000,141000,
choice: 35000,36000,91000,
equiv1: 82000,129000,
equiv2: 68000,145000,
or_neg: 255000,228000,245000,231000,228000,239000,305000,210000,309000,321000,353000,157000,156000,168000,233000,245000,156000,186000,144000,225000,220000,262000,222000,231000,343000,197000,314000,431000,
or_pos: 231000,251000,425000,362000,
and_neg: 184000,243000,
and_pos: 111000,117000,115000,109000,112000,114000,167000,205000,179000,180000,
implies: 347000,186000,235000,118000,112000,169000,215000,239000,188000,171000,
not_not: 89000,
parsing: 95492000,
aci_simp: 1975000,2185000,2019000,1406000,1173000,1208000,1047000,1081000,1131000,
evaluate: 187000,174000,
onepoint: 1348000,1345000,
qnt_join: 298000,302000,
subproof: 2819000,1861000,2008000,1069000,1057000,1069000,1595000,1967000,1995000,2020000,
and_intro: 105000,151000,
poly_simp: 3214000,3115000,3061000,2980000,3055000,3139000,
equiv_neg1: 53000,58000,
equiv_neg2: 50000,53000,
equiv_pos1: 57000,69000,61000,60000,
equiv_pos2: 57000,228000,339000,705000,59000,198000,193000,147000,149000,252000,63000,165000,331000,41000,45000,42000,149000,134000,246000,162000,233000,435000,653000,64000,232000,190000,66000,192000,321000,
reordering: 271000,255000,231000,314000,270000,564000,228000,361000,361000,338000,188000,272000,293000,251000,268000,292000,540000,417000,425000,441000,
resolution: 333000,343000,428000,363000,264000,267000,232000,341000,385000,412000,466000,332000,271000,368000,527000,668000,644000,398000,264000,266000,638000,612000,515000,538000,256000,524000,524000,223000,333000,358000,376000,360000,244000,387000,533000,511000,636000,498000,527000,178000,458000,1383000,395000,235000,241000,550000,148000,172000,243000,238000,544000,136000,126000,177000,180000,354000,380000,392000,343000,287000,244000,284000,163000,225000,286000,313000,387000,398000,236000,296000,280000,254000,637000,568000,522000,705000,239000,529000,533000,248000,497000,792000,567000,485000,499000,444000,367000,432000,595000,210000,376000,337000,584000,220000,269000,
sko_forall: 1854000,1143000,1925000,
contraction: 647000,383000,397000,286000,443000,389000,372000,181000,211000,168000,212000,302000,284000,221000,356000,417000,391000,457000,431000,255000,312000,260000,286000,
forall_inst: 1225000,1481000,1333000,1126000,1226000,1378000,1205000,1246000,
implies_neg1: 499000,247000,317000,183000,178000,244000,539000,313000,246000,281000,
implies_neg2: 470000,211000,280000,147000,152000,243000,289000,321000,214000,290000,
__local_input: 129000,54000,59000,14000,14000,15000,15000,16000,28000,41000,111000,61000,29000,27000,24000,32000,
poly_simp_rel: 1788000,1778000,1638000,1612000,1703000,1673000,
qnt_rm_unused: 437000,3273000,413000,3107000,
connective_def: 442000,
equiv_simplify: 134000,153000,265000,255000,
miniscope_split: 531000,
__normalized_input: 1892000,1131000,1141000,1080000,1291000,1082000,1000000,1004000,807000,885000,
rare_rewrite_eq-refl: 64000,63000,
rare_rewrite_eq-symm: 143000,146000,160000,155000,161000,66000,61000,58000,88000,78000,195000,
rare_rewrite_or-not-refl: 6821000,6244000,
rare_rewrite_arith-elim-lt: 10932000,10717000,
rare_rewrite_bool-eq-false: 12723000,
rare_rewrite_bool-impl-elim: 11596000,11557000,7032000,6121000,5962000,20589000,
rare_rewrite_bool-and-de-morgan: 11164000,11189000,6246000,5840000,
rare_rewrite_bool-double-not-elim: 202000,163000,203000,117000,227000,82000,179000,91000,155000,250000,

