1; Draft.Scratch_smt_check_7_27155; 2026-04-10 13:43:15.852;
bind: 201000,210000,270000,359000,317000,275000,373000,274000,
cong: 144000,170000,135000,131000,92000,226000,279000,171000,131000,90000,437000,256000,255000,87000,196000,155000,144000,
refl: 135000,146000,
trans: 172000,149000,174000,318000,238000,147000,271000,170000,
equiv2: 247000,
and_pos: 264000,
implies: 328000,
parsing: 19049000,
subproof: 2098000,
poly_simp: 3197000,3133000,4620000,
equiv_pos2: 381000,317000,694000,205000,196000,
reordering: 424000,574000,
resolution: 166000,200000,297000,509000,651000,588000,339000,452000,323000,303000,458000,
contraction: 596000,
forall_inst: 1418000,
implies_neg1: 489000,
implies_neg2: 461000,
__local_input: 88000,
poly_simp_rel: 1898000,1773000,1963000,
__normalized_input: 1288000,770000,1209000,
rare_rewrite_eq-symm: 119000,169000,112000,
rare_rewrite_arith-elim-lt: 11279000,11669000,25299000,
rare_rewrite_bool-impl-elim: 18274000,11450000,11986000,
rare_rewrite_ite-then-false: 11527000,12275000,

