1; Draft.Scratch_smt_check_7_23725; 2026-04-10 13:46:59.652;
bind: 168000,174000,162000,163000,182000,170000,292000,312000,386000,304000,
cong: 54000,59000,54000,73000,58000,62000,101000,108000,
symm: 76000,105000,82000,76000,97000,85000,96000,148000,91000,152000,182000,182000,
trans: 126000,112000,97000,130000,96000,101000,125000,106000,109000,288000,206000,202000,
and_neg: 299000,284000,191000,229000,282000,531000,
and_pos: 162000,198000,195000,187000,187000,192000,219000,193000,193000,209000,189000,195000,193000,190000,198000,183000,204000,186000,190000,204000,188000,196000,186000,197000,189000,192000,215000,186000,190000,206000,197000,206000,158000,172000,438000,363000,385000,382000,393000,360000,361000,393000,361000,362000,
implies: 217000,215000,127000,127000,137000,125000,214000,217000,226000,229000,218000,429000,
parsing: 35949000,
subproof: 1222000,1145000,1159000,1035000,1020000,1241000,1182000,1183000,1529000,1156000,2159000,2231000,
and_intro: 200000,211000,212000,403000,
equiv_pos2: 102000,112000,104000,105000,106000,106000,223000,190000,189000,191000,
not_equiv1: 213000,
not_equiv2: 241000,
reordering: 231000,242000,397000,932000,954000,441000,959000,923000,392000,947000,952000,226000,240000,397000,968000,1876000,
resolution: 256000,159000,190000,201000,195000,401000,599000,363000,304000,1090000,205000,347000,312000,1135000,1486000,253000,243000,203000,250000,242000,169000,261000,238000,156000,254000,255000,174000,921000,359000,314000,1137000,185000,358000,324000,1102000,160000,148000,208000,160000,153000,231000,602000,344000,311000,1066000,288000,165000,171000,156000,221000,153000,216000,347000,303000,1103000,161000,169000,159000,221000,154000,266000,600000,377000,320000,1287000,295000,364000,278000,257000,393000,251000,361000,628000,535000,2024000,269000,275000,254000,373000,269000,443000,
contraction: 306000,397000,310000,415000,205000,207000,203000,199000,303000,394000,326000,421000,307000,394000,303000,411000,305000,391000,593000,757000,
forall_inst: 646000,619000,671000,825000,637000,632000,654000,681000,612000,672000,698000,779000,1207000,1174000,1276000,1257000,1197000,1196000,1227000,1245000,
implies_neg1: 342000,352000,157000,163000,159000,192000,328000,340000,335000,335000,633000,651000,
implies_neg2: 293000,270000,155000,167000,158000,160000,264000,264000,291000,271000,298000,553000,
__local_input: 17000,18000,22000,18000,36000,17000,18000,18000,18000,44000,59000,69000,68000,72000,17000,17000,22000,19000,20000,31000,18000,20000,20000,51000,18000,17000,22000,19000,22000,19000,18000,19000,20000,64000,32000,34000,67000,45000,70000,34000,32000,33000,35000,73000,
__normalized_input: 4854000,7182000,1685000,
rare_rewrite_eq-symm: 108000,142000,113000,114000,119000,122000,199000,208000,199000,208000,

