1; Draft.Scratch_smt_check_7_11802; 2026-04-10 13:46:59.703;
bind: 189000,186000,159000,321000,358000,293000,330000,331000,325000,351000,343000,287000,
cong: 109000,74000,98000,157000,130000,146000,377000,231000,119000,167000,122000,172000,142000,119000,154000,362000,251000,
refl: 25000,18000,48000,32000,113000,46000,31000,45000,27000,115000,
symm: 78000,162000,215000,155000,139000,
trans: 168000,164000,104000,301000,378000,199000,355000,391000,343000,193000,179000,344000,321000,296000,321000,308000,215000,344000,384000,367000,
and_neg: 455000,
and_pos: 502000,406000,445000,
implies: 175000,503000,319000,
parsing: 15841000,
subproof: 1194000,2697000,2331000,
equiv_pos2: 125000,233000,481000,284000,246000,471000,
reordering: 728000,1372000,
resolution: 191000,159000,240000,318000,329000,326000,450000,426000,912000,607000,548000,1222000,293000,455000,479000,616000,578000,323000,415000,
contraction: 311000,579000,986000,598000,
forall_inst: 1408000,1551000,
implies_neg1: 568000,485000,735000,
implies_neg2: 285000,460000,628000,
__local_input: 167000,163000,75000,47000,58000,
__normalized_input: 2044000,1399000,1303000,1360000,1317000,
rare_rewrite_eq-refl: 156000,149000,
rare_rewrite_eq-symm: 128000,72000,71000,113000,236000,142000,126000,214000,297000,414000,273000,146000,134000,205000,274000,146000,121000,215000,1165000,436000,
rare_rewrite_bool-eq-true: 13931000,12213000,

