1; Draft.Scratch_smt_check_7_14449; 2026-04-10 13:46:55.067;
bind: 240000,213000,372000,342000,219000,185000,369000,342000,389000,341000,408000,
cong: 116000,129000,104000,92000,270000,192000,248000,108000,160000,92000,83000,58000,259000,192000,248000,110000,263000,138000,133000,89000,834000,602000,239000,204000,134000,154000,
refl: 84000,68000,92000,65000,89000,137000,74000,
trans: 181000,192000,192000,111000,302000,303000,323000,235000,151000,165000,110000,304000,303000,331000,209000,149000,306000,190000,
equiv1: 352000,
or_pos: 720000,
implies: 363000,
parsing: 15392000,
aci_simp: 1364000,1448000,
not_symm: 81000,
subproof: 1292000,
poly_simp: 2294000,2317000,2365000,1952000,17174000,3258000,3213000,
equiv_pos2: 112000,171000,258000,535000,1137000,
reordering: 1078000,
resolution: 253000,272000,183000,272000,381000,361000,486000,620000,657000,381000,383000,
contraction: 572000,
forall_inst: 1744000,
implies_neg1: 957000,
implies_neg2: 539000,
__local_input: 223000,
poly_simp_rel: 1029000,951000,1005000,974000,1081000,1978000,
__normalized_input: 1515000,1869000,1617000,1562000,
rare_rewrite_eq-symm: 88000,147000,
rare_rewrite_arith-elim-lt: 6037000,5859000,5813000,5807000,11811000,11603000,
rare_rewrite_bool-impl-elim: 5923000,6703000,6014000,6473000,11595000,
rare_rewrite_bool-and-de-morgan: 6088000,5895000,
rare_rewrite_bool-double-not-elim: 200000,106000,94000,

