1; Draft.Scratch_smt_check_7_14779; 2026-04-10 13:47:01.331;
bind: 122000,125000,125000,139000,184000,197000,193000,296000,191000,
cong: 200000,123000,117000,80000,66000,93000,59000,58000,57000,56000,65000,116000,59000,60000,105000,54000,61000,223000,145000,326000,382000,354000,1555000,66000,69000,700000,162000,67000,80000,203000,126000,157000,106000,339000,409000,358000,1453000,205000,125000,198000,119000,65000,190000,65000,79000,69000,163000,66000,77000,1262000,105000,52000,60000,213000,158000,64000,79000,200000,122000,146000,327000,391000,340000,1576000,164000,63000,83000,68000,163000,65000,87000,193000,121000,165000,64000,81000,71000,169000,64000,84000,705000,322000,184000,281000,205000,574000,662000,571000,2246000,163000,61000,83000,68000,161000,64000,82000,198000,124000,171000,61000,81000,74000,160000,70000,81000,1990000,
ite1: 114000,109000,
ite2: 111000,111000,
refl: 21000,30000,31000,35000,27000,27000,36000,22000,23000,38000,48000,57000,61000,43000,27000,38000,44000,19000,25000,37000,39000,29000,36000,66000,42000,59000,20000,24000,44000,29000,26000,32000,29000,38000,20000,30000,40000,48000,45000,47000,52000,43000,73000,54000,52000,49000,58000,44000,51000,38000,69000,120000,17000,23000,102000,45000,29000,38000,43000,48000,43000,51000,114000,
symm: 158000,149000,197000,190000,157000,85000,200000,105000,100000,104000,157000,213000,197000,220000,153000,89000,205000,97000,108000,100000,144000,91000,218000,203000,193000,159000,161000,106000,90000,105000,255000,147000,359000,376000,398000,284000,160000,109000,89000,106000,
true: 43000,42000,
trans: 216000,443000,437000,444000,127000,392000,330000,132000,215000,132000,95000,101000,127000,206000,218000,214000,139000,224000,470000,456000,460000,132000,398000,336000,138000,215000,133000,93000,131000,92000,126000,125000,146000,213000,217000,483000,444000,446000,126000,392000,332000,127000,95000,132000,140000,139000,97000,140000,239000,386000,379000,386000,395000,865000,849000,864000,246000,752000,599000,125000,95000,131000,138000,124000,96000,126000,
equiv1: 638000,216000,84000,191000,577000,215000,80000,189000,185000,195000,642000,160000,83000,191000,194000,192000,196000,1024000,364000,145000,185000,190000,190000,195000,
equiv2: 174000,174000,
or_neg: 133000,122000,146000,474000,495000,475000,467000,467000,464000,456000,486000,483000,439000,455000,434000,432000,435000,436000,430000,432000,476000,481000,473000,473000,502000,467000,455000,457000,475000,783000,832000,790000,775000,811000,834000,740000,748000,
and_pos: 418000,365000,403000,378000,362000,379000,523000,546000,547000,524000,525000,516000,499000,502000,528000,192000,201000,187000,188000,357000,320000,350000,318000,326000,474000,528000,477000,475000,470000,472000,452000,461000,183000,194000,185000,192000,406000,379000,396000,380000,403000,384000,529000,555000,522000,528000,522000,523000,504000,515000,530000,186000,199000,189000,204000,622000,680000,685000,684000,597000,489000,497000,470000,471000,468000,471000,449000,461000,190000,201000,183000,191000,
implies: 159000,97000,101000,214000,255000,801000,194000,192000,187000,163000,188000,241000,203000,161000,699000,154000,197000,186000,185000,184000,187000,168000,253000,219000,798000,180000,196000,183000,160000,190000,202000,187000,363000,280000,468000,428000,736000,181000,193000,187000,160000,182000,185000,185000,
not_and: 521000,471000,523000,820000,
parsing: 84388000,
evaluate: 258000,133000,192000,304000,286000,240000,135000,185000,294000,281000,275000,138000,195000,312000,309000,417000,251000,369000,502000,441000,
subproof: 1019000,1004000,999000,1274000,1088000,1773000,1127000,1146000,1054000,1087000,1201000,1187000,1052000,1622000,1027000,1073000,1068000,1072000,1099000,1060000,1248000,1055000,1020000,1734000,1065000,1105000,1059000,1034000,1079000,1113000,1047000,2287000,1942000,1917000,1639000,1054000,1087000,1084000,1014000,1079000,1069000,1070000,
and_intro: 143000,189000,402000,162000,156000,126000,157000,133000,351000,159000,165000,163000,142000,434000,217000,168000,232000,331000,237000,377000,162000,157000,
poly_simp: 1844000,1595000,1599000,1631000,1594000,1690000,2357000,2357000,1881000,2297000,2243000,4265000,1464000,1455000,1610000,10185000,2564000,2781000,1816000,2520000,2216000,1966000,2437000,4255000,1409000,1438000,1579000,10059000,1577000,2555000,2704000,1717000,2742000,2319000,1668000,2679000,2588000,2697000,2003000,2529000,2436000,4416000,1445000,1440000,1591000,10706000,2455000,1654000,2754000,4033000,3074000,4727000,4717000,4696000,3494000,4496000,7882000,2789000,2128000,1837000,11578000,2368000,1641000,2659000,
equiv_pos1: 30000,33000,166000,166000,
equiv_pos2: 237000,92000,80000,78000,114000,30000,78000,81000,130000,36000,182000,187000,105000,91000,150000,133000,104000,157000,362000,150000,805000,272000,235000,104000,91000,148000,101000,161000,385000,239000,150000,228000,273000,281000,712000,182000,190000,294000,128000,93000,224000,124000,157000,151000,128000,107000,362000,97000,290000,271000,227000,124000,291000,286000,805000,201000,414000,231000,321000,289000,194000,376000,96000,284000,275000,220000,123000,274000,360000,1442000,
la_generic: 16023000,17038000,16884000,29543000,
reordering: 134000,142000,171000,170000,152000,167000,2462000,5768000,422000,429000,1740000,4575000,429000,444000,2529000,5884000,436000,420000,3457000,4584000,436000,434000,
resolution: 316000,452000,171000,279000,320000,313000,186000,156000,150000,172000,303000,286000,195000,1605000,145000,227000,196000,211000,218000,145000,200000,136000,191000,207000,250000,219000,138000,212000,253000,264000,234000,1994000,7489000,497000,411000,2817000,614000,2138000,118000,216000,273000,248000,205000,548000,209000,234000,212000,320000,276000,262000,210000,225000,232000,165000,261000,1218000,1019000,4043000,161000,321000,284000,438000,153000,315000,275000,471000,169000,274000,347000,314000,178000,217000,176000,324000,310000,314000,209000,1873000,6051000,454000,381000,504000,375000,1544000,120000,213000,268000,246000,216000,571000,248000,188000,251000,212000,280000,199000,216000,159000,281000,231000,170000,272000,317000,311000,206000,1060000,902000,3344000,165000,271000,310000,335000,191000,162000,331000,285000,439000,151000,170000,270000,366000,315000,177000,183000,319000,278000,430000,166000,274000,347000,315000,186000,202000,249000,227000,229000,169000,271000,336000,316000,181000,186000,160000,243000,1996000,7573000,497000,455000,560000,464000,3504000,111000,185000,223000,217000,214000,603000,210000,216000,230000,170000,276000,326000,297000,193000,163000,254000,335000,274000,273000,207000,231000,168000,230000,1202000,1101000,4148000,163000,164000,269000,337000,314000,182000,186000,325000,290000,444000,168000,271000,351000,320000,188000,195000,186000,286000,311000,299000,191000,161000,232000,158000,174000,302000,344000,322000,182000,208000,317000,274000,449000,179000,280000,372000,309000,195000,234000,1817000,17476000,783000,639000,858000,637000,2782000,214000,303000,386000,353000,342000,970000,317000,384000,403000,304000,454000,514000,506000,298000,258000,403000,383000,467000,385000,352000,251000,232000,1053000,919000,3358000,155000,164000,272000,344000,317000,190000,180000,332000,284000,439000,170000,280000,348000,322000,183000,188000,171000,284000,310000,298000,182000,166000,230000,154000,164000,273000,351000,317000,182000,181000,305000,273000,431000,169000,272000,364000,333000,191000,223000,
contraction: 251000,205000,147000,162000,2941000,534000,790000,229000,1168000,1739000,283000,294000,267000,281000,334000,250000,2277000,434000,608000,230000,250000,994000,1476000,244000,284000,297000,305000,265000,302000,303000,295000,2943000,515000,777000,185000,265000,1156000,1786000,299000,283000,294000,327000,253000,305000,274000,287000,309000,2260000,854000,1192000,348000,451000,1012000,1474000,307000,276000,300000,340000,278000,299000,270000,283000,306000,
forall_inst: 692000,636000,607000,740000,701000,796000,679000,720000,755000,745000,757000,689000,692000,873000,778000,688000,679000,762000,776000,1237000,1209000,747000,742000,669000,664000,733000,794000,
la_mult_neg: 317000,362000,289000,323000,311000,369000,329000,490000,585000,566000,
implies_neg1: 247000,114000,128000,231000,663000,306000,287000,1319000,274000,224000,227000,218000,577000,213000,297000,274000,272000,288000,1270000,266000,221000,184000,673000,287000,269000,308000,213000,273000,287000,305000,1326000,387000,185000,571000,269000,271000,302000,217000,268000,273000,560000,2162000,
implies_neg2: 221000,113000,125000,10185000,163000,1156000,245000,231000,256000,215000,347000,161000,220000,1010000,222000,244000,256000,230000,261000,254000,396000,132000,213000,1216000,259000,245000,278000,222000,257000,243000,249000,725000,242000,395000,1027000,252000,242000,255000,221000,253000,229000,253000,
__local_input: 57000,45000,51000,52000,36000,22000,34000,28000,27000,29000,27000,32000,28000,30000,26000,33000,25000,28000,29000,29000,29000,22000,36000,60000,60000,56000,55000,36000,22000,37000,29000,29000,60000,28000,41000,59000,55000,27000,28000,27000,37000,27000,28000,33000,30000,32000,48000,55000,63000,40000,22000,21000,69000,26000,38000,38000,59000,56000,27000,41000,66000,58000,55000,28000,29000,32000,36000,30000,28000,28000,29000,30000,22000,36000,88000,41000,23000,21000,38000,35000,34000,60000,74000,29000,64000,59000,58000,56000,55000,88000,65000,71000,51000,52000,56000,55000,54000,58000,
comp_simplify: 1430000,1451000,
poly_simp_rel: 875000,881000,884000,867000,918000,971000,970000,1083000,993000,995000,1002000,1039000,986000,1572000,1094000,985000,1025000,1019000,949000,976000,971000,1023000,1099000,1137000,1033000,1016000,1000000,961000,1785000,1723000,1892000,1901000,2102000,1849000,1010000,935000,
equiv_simplify: 158000,278000,160000,269000,281000,275000,162000,282000,274000,285000,287000,274000,266000,279000,280000,326000,
la_disequality: 126000,129000,
implies_simplify: 752000,302000,648000,292000,759000,243000,1269000,438000,
__normalized_input: 1917000,1337000,1261000,1353000,785000,832000,
rare_rewrite_ite-eq: 6031000,6993000,
rare_rewrite_eq-refl: 125000,120000,118000,118000,120000,127000,125000,128000,120000,124000,119000,120000,
rare_rewrite_eq-symm: 136000,165000,129000,155000,
rare_rewrite_arith-elim-gt: 6121000,11532000,
rare_rewrite_arith-elim-lt: 7827000,8035000,8083000,8605000,
rare_rewrite_arith-elim-leq: 6016000,5808000,6138000,12550000,
rare_rewrite_bool-double-not-elim: 76000,161000,374000,

