1; Draft.Scratch_smt_check_7_566; 2026-04-10 13:45:45.130;
bind: 513000,413000,527000,187000,243000,484000,472000,190000,234000,214000,253000,
cong: 168000,228000,192000,156000,308000,166000,171000,164000,196000,174000,146000,175000,217000,123000,273000,117000,210000,114000,281000,219000,214000,114000,137000,104000,187000,121000,207000,213000,129000,141000,167000,344000,194000,
refl: 64000,154000,84000,38000,50000,158000,47000,51000,91000,
trans: 285000,317000,317000,311000,169000,190000,405000,351000,376000,169000,193000,168000,191000,
choice: 36000,35000,34000,39000,62000,36000,78000,
equiv1: 317000,
not_or: 528000,317000,
or_neg: 235000,270000,197000,242000,253000,195000,314000,402000,226000,262000,203000,259000,257000,201000,243000,283000,206000,246000,260000,191000,256000,259000,206000,208000,217000,140000,151000,127000,189000,207000,212000,228000,199000,277000,246000,281000,207000,
or_pos: 687000,215000,175000,185000,358000,320000,375000,351000,
implies: 248000,163000,153000,166000,156000,
not_not: 279000,174000,
parsing: 66752000,
aci_simp: 1962000,1192000,1470000,
subproof: 2063000,1081000,1064000,1123000,2028000,
equiv_pos2: 188000,427000,200000,169000,344000,207000,280000,193000,190000,206000,812000,211000,214000,109000,207000,99000,382000,85000,168000,104000,194000,217000,173000,355000,229000,
reordering: 302000,306000,1077000,300000,312000,322000,303000,312000,275000,210000,224000,168000,590000,319000,391000,534000,417000,
resolution: 275000,266000,386000,440000,375000,311000,368000,436000,465000,251000,313000,511000,761000,323000,259000,441000,454000,568000,543000,598000,498000,465000,405000,436000,275000,344000,369000,239000,290000,318000,330000,2545000,369000,474000,367000,449000,1339000,427000,426000,374000,433000,443000,440000,216000,207000,190000,465000,380000,365000,370000,322000,286000,230000,251000,422000,377000,309000,320000,351000,289000,282000,326000,349000,374000,323000,295000,442000,324000,365000,13769000,532000,519000,427000,570000,
sko_forall: 1778000,1681000,1033000,1645000,1922000,
contraction: 347000,358000,493000,455000,339000,369000,372000,354000,373000,295000,284000,197000,254000,245000,306000,294000,279000,391000,377000,
forall_inst: 1204000,1461000,1793000,1330000,720000,701000,725000,964000,
implies_neg1: 333000,226000,192000,216000,363000,
implies_neg2: 329000,212000,196000,208000,374000,
__local_input: 66000,53000,46000,62000,93000,
connective_def: 232000,388000,226000,282000,234000,276000,
__normalized_input: 9373000,8431000,3274000,2064000,1217000,1437000,1456000,
rare_rewrite_bool-impl-elim: 11200000,10612000,5905000,6403000,
rare_rewrite_bool-and-de-morgan: 10887000,5600000,5819000,6023000,5845000,5824000,6001000,6052000,6256000,
rare_rewrite_bool-double-not-elim: 165000,165000,289000,154000,165000,158000,231000,170000,176000,97000,154000,177000,299000,181000,

