1; Draft.Scratch_smt_check_7_23126; 2026-04-10 13:45:44.892;
bind: 342000,362000,299000,362000,113000,438000,445000,176000,203000,195000,232000,253000,397000,498000,539000,578000,544000,651000,676000,581000,716000,685000,421000,186000,232000,214000,236000,374000,234000,306000,206000,251000,
cong: 105000,105000,111000,413000,459000,218000,256000,163000,60000,213000,68000,207000,140000,55000,85000,61000,278000,180000,195000,215000,276000,197000,141000,117000,55000,129000,58000,129000,64000,254000,95000,177000,208000,314000,343000,272000,93000,299000,101000,349000,88000,327000,90000,410000,235000,414000,285000,319000,322000,266000,188000,143000,118000,65000,133000,61000,127000,60000,149000,69000,109000,118000,172000,114000,217000,223000,118000,138000,101000,184000,114000,
refl: 60000,36000,443000,59000,31000,28000,67000,163000,28000,184000,50000,36000,27000,52000,333000,24000,38000,24000,23000,29000,30000,761000,46000,49000,41000,47000,210000,152000,50000,837000,140000,48000,47000,107000,46000,47000,874000,122000,53000,38000,44000,113000,70000,37000,29000,35000,346000,26000,28000,28000,23000,26000,30000,418000,23000,29000,25000,28000,112000,54000,47000,
symm: 297000,344000,272000,401000,185000,418000,468000,519000,581000,598000,704000,571000,180000,238000,271000,
trans: 344000,309000,322000,318000,341000,293000,298000,238000,75000,323000,274000,288000,268000,322000,334000,327000,204000,82000,74000,98000,122000,90000,384000,364000,300000,228000,316000,304000,299000,332000,188000,202000,245000,186000,176000,168000,148000,72000,186000,182000,208000,167000,178000,79000,264000,211000,268000,374000,417000,335000,308000,292000,661000,588000,540000,516000,531000,531000,529000,562000,489000,117000,557000,475000,520000,486000,546000,487000,123000,651000,534000,543000,509000,625000,613000,522000,455000,571000,414000,526000,530000,526000,345000,191000,191000,192000,214000,229000,298000,148000,77000,188000,186000,207000,169000,168000,81000,263000,335000,229000,193000,236000,171000,166000,166000,345000,165000,195000,
choice: 24000,27000,67000,
not_or: 460000,509000,
or_neg: 130000,138000,117000,143000,143000,111000,136000,153000,160000,201000,224000,187000,205000,148000,168000,143000,
or_pos: 248000,177000,172000,291000,
and_pos: 142000,145000,
implies: 165000,144000,
not_not: 231000,247000,
parsing: 109744000,
aci_simp: 1210000,1066000,1112000,1001000,1271000,976000,993000,1064000,1954000,2014000,2295000,2538000,2019000,2048000,2033000,2166000,2343000,992000,1043000,1025000,1054000,989000,1245000,1289000,
evaluate: 190000,211000,203000,306000,298000,231000,224000,
onepoint: 1297000,786000,1069000,1472000,2400000,3000000,1157000,1348000,
qnt_join: 329000,369000,221000,461000,567000,649000,662000,224000,276000,
subproof: 1105000,1328000,
equiv_pos2: 96000,105000,103000,582000,107000,199000,201000,85000,184000,98000,
reordering: 163000,173000,168000,310000,186000,213000,162000,195000,226000,322000,
resolution: 171000,153000,218000,248000,225000,228000,221000,177000,172000,183000,215000,203000,500000,221000,251000,226000,249000,225000,273000,588000,326000,342000,386000,332000,318000,452000,303000,325000,391000,303000,285000,224000,295000,
sko_forall: 1733000,1057000,
contraction: 192000,199000,211000,299000,286000,257000,252000,195000,
forall_inst: 821000,867000,
implies_neg1: 223000,202000,
implies_neg2: 209000,189000,
__local_input: 56000,45000,
qnt_rm_unused: 485000,1992000,159000,518000,2712000,647000,2262000,764000,2777000,987000,4242000,302000,427000,1402000,
connective_def: 634000,647000,569000,361000,226000,270000,
miniscope_split: 420000,2910000,895000,
__normalized_input: 803000,583000,1363000,
miniscope_distribute: 292000,581000,
rare_rewrite_eq-refl: 69000,66000,71000,89000,114000,124000,72000,76000,
rare_rewrite_eq-symm: 82000,77000,78000,143000,136000,134000,82000,83000,
rare_rewrite_or-not-refl: 6407000,6079000,6364000,24454000,12223000,12484000,6533000,6997000,
rare_rewrite_bool-or-de-morgan: 6427000,12249000,
rare_rewrite_bool-and-de-morgan: 6562000,6589000,6783000,11889000,12060000,11932000,12691000,12649000,12190000,5953000,6098000,6259000,6162000,6311000,
rare_rewrite_bool-double-not-elim: 100000,93000,99000,169000,399000,183000,148000,103000,

