1; Draft.Scratch_smt_check_7_17436; 2026-04-10 13:50:35.182;
bind: 604000,454000,390000,425000,364000,355000,
cong: 131000,107000,126000,112000,118000,109000,60000,134000,60000,121000,
refl: 53000,29000,31000,365000,47000,24000,29000,67000,
trans: 357000,287000,298000,309000,303000,319000,302000,234000,342000,354000,325000,302000,326000,
or_pos: 410000,389000,
and_neg: 384000,
and_pos: 250000,
implies: 402000,
parsing: 12170000,
aci_simp: 1309000,1289000,1131000,1104000,
evaluate: 349000,
onepoint: 1319000,
equiv_pos2: 232000,163000,205000,167000,57000,
reordering: 516000,410000,480000,336000,401000,
resolution: 327000,359000,379000,366000,431000,527000,359000,419000,479000,403000,445000,339000,444000,
forall_inst: 1194000,1122000,1015000,
connective_def: 414000,
__normalized_input: 10380000,8227000,8113000,19738000,11522000,11367000,11133000,11221000,
rare_rewrite_eq-refl: 232000,
rare_rewrite_eq-symm: 235000,
rare_rewrite_or-not-refl: 6459000,
rare_rewrite_bool-impl-elim: 7435000,7237000,
rare_rewrite_bool-or-de-morgan: 6649000,
rare_rewrite_bool-and-de-morgan: 6411000,6762000,
rare_rewrite_bool-double-not-elim: 251000,266000,

