1; Draft.Scratch_smt_check_7_7348; 2026-04-10 13:50:35.138;
bind: 617000,626000,639000,610000,573000,383000,625000,626000,771000,801000,528000,
cong: 231000,333000,250000,248000,239000,246000,64000,293000,68000,233000,243000,312000,163000,268000,247000,210000,319000,148000,261000,206000,164000,
refl: 71000,61000,43000,969000,65000,58000,36000,30000,173000,30000,150000,154000,155000,134000,
symm: 261000,
trans: 616000,546000,603000,581000,553000,566000,575000,572000,585000,248000,645000,622000,616000,592000,580000,573000,568000,570000,564000,589000,559000,573000,617000,538000,582000,518000,541000,690000,633000,694000,404000,405000,482000,508000,459000,445000,
equiv1: 582000,
or_pos: 706000,
and_pos: 422000,462000,
parsing: 62958000,
aci_simp: 1453000,1457000,1493000,1487000,1410000,1455000,1469000,1478000,1468000,1366000,1689000,1202000,1449000,1283000,
evaluate: 372000,
onepoint: 2057000,
equiv_pos2: 311000,138000,36000,268000,438000,
reordering: 578000,698000,574000,1134000,
resolution: 474000,391000,363000,450000,429000,537000,415000,558000,385000,690000,598000,
forall_inst: 1305000,1585000,
connective_def: 700000,573000,
miniscope_split: 781000,
__normalized_input: 19244000,7752000,6863000,6713000,7270000,6586000,
rare_rewrite_eq-refl: 267000,
rare_rewrite_eq-symm: 252000,
rare_rewrite_or-not-refl: 7523000,
rare_rewrite_bool-eq-false: 6671000,
rare_rewrite_bool-impl-elim: 6493000,7262000,9354000,
rare_rewrite_bool-or-de-morgan: 6882000,7348000,
rare_rewrite_bool-and-de-morgan: 6961000,7027000,7199000,6815000,6973000,7638000,7779000,6715000,6684000,
rare_rewrite_bool-double-not-elim: 322000,367000,298000,

