1; Draft.Scratch_smt_check_7_5852; 2026-04-10 13:49:55.612;
bind: 235000,241000,252000,243000,268000,245000,315000,397000,357000,282000,280000,273000,277000,273000,278000,266000,272000,269000,280000,265000,275000,287000,284000,268000,278000,259000,283000,548000,568000,535000,554000,503000,563000,
cong: 115000,132000,340000,246000,130000,98000,139000,94000,307000,246000,188000,132000,105000,52000,64000,83000,100000,47000,60000,85000,205000,122000,65000,71000,103000,51000,65000,87000,99000,50000,66000,89000,211000,104000,52000,86000,84000,99000,47000,62000,88000,204000,398000,105000,94000,90000,193000,102000,50000,64000,93000,99000,46000,60000,84000,202000,100000,98000,94000,97000,95000,83000,149000,74000,191000,80000,103000,52000,64000,99000,131000,128000,82000,82000,318000,181000,112000,101000,152000,87000,90000,175000,96000,98000,144000,97000,84000,365000,176000,82000,103000,126000,81000,74000,99000,119000,
refl: 43000,43000,35000,35000,138000,126000,117000,52000,117000,18000,28000,16000,27000,17000,34000,18000,28000,15000,24000,18000,28000,25000,17000,29000,16000,30000,26000,26000,18000,29000,31000,27000,47000,26000,42000,28000,45000,
symm: 304000,267000,199000,168000,204000,231000,246000,268000,
trans: 181000,181000,499000,226000,191000,203000,241000,191000,228000,319000,336000,214000,251000,256000,182000,263000,258000,251000,271000,248000,242000,254000,237000,242000,467000,486000,487000,554000,
equiv1: 535000,221000,
equiv2: 212000,243000,243000,
or_neg: 307000,302000,306000,297000,
or_pos: 231000,255000,319000,312000,318000,606000,
and_neg: 734000,826000,
and_pos: 294000,365000,343000,372000,365000,355000,364000,376000,383000,400000,411000,411000,421000,383000,383000,387000,410000,697000,686000,768000,684000,679000,693000,635000,708000,
implies: 373000,324000,240000,296000,272000,603000,239000,431000,211000,260000,452000,213000,741000,404000,528000,767000,
not_and: 350000,
not_not: 180000,
parsing: 44172000,
aci_simp: 1049000,1128000,
evaluate: 266000,
subproof: 1357000,1825000,1164000,1222000,1323000,1317000,1548000,1198000,1485000,1236000,1232000,1403000,1100000,2681000,2287000,2426000,2517000,
and_intro: 407000,409000,700000,
equiv_pos1: 92000,89000,87000,174000,
equiv_pos2: 138000,151000,417000,156000,143000,149000,383000,271000,219000,240000,215000,143000,144000,234000,142000,142000,256000,31000,134000,147000,240000,337000,108000,212000,142000,150000,241000,108000,109000,215000,144000,66000,150000,406000,77000,301000,80000,295000,495000,75000,298000,
reordering: 382000,677000,414000,497000,1338000,431000,1594000,416000,286000,325000,483000,684000,1499000,488000,1489000,489000,832000,1031000,1110000,2590000,2870000,
resolution: 387000,266000,290000,275000,429000,526000,515000,294000,294000,282000,278000,352000,291000,433000,506000,604000,388000,345000,253000,298000,361000,291000,220000,307000,350000,339000,229000,230000,265000,336000,225000,248000,321000,279000,211000,297000,311000,360000,337000,210000,275000,239000,258000,625000,1742000,335000,337000,429000,355000,1101000,185000,231000,236000,251000,298000,210000,284000,335000,372000,415000,219000,304000,250000,704000,648000,1235000,204000,283000,322000,408000,348000,226000,306000,260000,290000,260000,301000,295000,631000,539000,464000,1203000,229000,218000,311000,410000,339000,244000,213000,315000,330000,371000,359000,253000,308000,255000,293000,297000,517000,503000,1207000,221000,228000,247000,290000,307000,205000,315000,352000,331000,234000,210000,321000,424000,502000,1190000,920000,772000,2011000,378000,486000,590000,624000,583000,478000,358000,523000,441000,590000,662000,667000,405000,631000,457000,952000,845000,1961000,350000,471000,407000,437000,
contraction: 523000,450000,324000,343000,751000,461000,576000,353000,768000,842000,371000,581000,677000,326000,511000,591000,698000,318000,1034000,1206000,623000,760000,1053000,1237000,
forall_inst: 1009000,994000,887000,947000,887000,820000,882000,898000,924000,828000,828000,900000,1025000,855000,881000,976000,980000,855000,914000,1462000,1600000,1385000,1533000,
implies_neg1: 447000,417000,283000,310000,315000,556000,310000,783000,283000,305000,269000,793000,1325000,522000,578000,1142000,1140000,
implies_neg2: 567000,482000,293000,308000,359000,307000,829000,299000,495000,308000,301000,487000,301000,871000,554000,582000,887000,
__local_input: 167000,210000,94000,136000,107000,47000,44000,60000,87000,140000,46000,37000,53000,76000,144000,229000,92000,38000,35000,36000,96000,69000,64000,97000,117000,141000,299000,66000,71000,59000,86000,69000,63000,54000,115000,
equiv_simplify: 309000,318000,348000,330000,
implies_simplify: 636000,
__normalized_input: 33874000,33823000,11434000,11402000,10204000,9721000,5485000,2652000,2560000,1854000,1630000,1342000,1340000,
rare_rewrite_eq-symm: 169000,115000,180000,113000,461000,226000,114000,119000,207000,313000,229000,247000,230000,219000,214000,212000,237000,236000,213000,216000,248000,398000,215000,213000,228000,214000,435000,452000,422000,424000,417000,
rare_rewrite_bool-impl-elim: 6635000,7410000,6737000,6764000,
rare_rewrite_bool-and-de-morgan: 6332000,7088000,
rare_rewrite_bool-double-not-elim: 177000,233000,

