1; Draft.Scratch_smt_check_7_16070; 2026-04-10 13:49:59.335;
bind: 357000,325000,349000,778000,933000,841000,796000,1001000,624000,447000,371000,445000,
cong: 88000,91000,92000,86000,308000,149000,130000,114000,108000,138000,86000,87000,115000,57000,59000,71000,81000,232000,125000,124000,153000,156000,225000,118000,165000,143000,130000,155000,208000,122000,124000,153000,197000,101000,107000,122000,113000,114000,57000,61000,71000,75000,409000,
refl: 31000,29000,46000,30000,23000,16000,23000,21000,247000,253000,291000,286000,33000,47000,94000,29000,52000,320000,292000,714000,47000,33000,36000,27000,43000,32000,139000,142000,24000,23000,21000,143000,131000,
symm: 597000,654000,470000,758000,382000,345000,321000,162000,331000,
trans: 325000,203000,265000,607000,686000,511000,763000,478000,303000,477000,377000,603000,339000,
equiv1: 372000,1221000,
equiv2: 381000,459000,227000,
or_neg: 686000,654000,630000,666000,
or_pos: 472000,599000,661000,268000,296000,
and_neg: 760000,421000,
and_pos: 606000,600000,768000,679000,634000,696000,298000,771000,1000000,744000,766000,401000,371000,376000,385000,
implies: 301000,770000,717000,612000,
not_and: 707000,
not_not: 359000,
parsing: 13952000,
aci_simp: 1011000,
evaluate: 405000,
subproof: 1266000,2728000,3215000,2524000,1643000,
and_intro: 611000,412000,
equiv_pos1: 117000,196000,
equiv_pos2: 201000,203000,377000,122000,53000,188000,469000,514000,408000,487000,567000,209000,375000,247000,42000,196000,246000,358000,
not_equiv1: 192000,
not_equiv2: 196000,
reordering: 306000,665000,872000,1619000,1184000,1912000,888000,426000,479000,676000,516000,925000,2773000,389000,1763000,346000,
resolution: 242000,209000,261000,239000,311000,397000,487000,436000,256000,341000,203000,215000,235000,657000,321000,229000,217000,333000,406000,479000,609000,882000,778000,682000,1339000,422000,464000,555000,965000,438000,789000,965000,877000,1939000,446000,743000,474000,592000,833000,727000,1958000,3792000,732000,1279000,1220000,734000,2250000,344000,439000,489000,394000,385000,557000,442000,475000,589000,735000,834000,1365000,232000,353000,266000,284000,399000,
contraction: 487000,819000,895000,1038000,1112000,1679000,1021000,1167000,798000,898000,
forall_inst: 959000,828000,1143000,1762000,2172000,2071000,2101000,2284000,1608000,1193000,911000,978000,
implies_neg1: 408000,1068000,1085000,616000,832000,
implies_neg2: 440000,701000,1161000,731000,835000,
__local_input: 161000,77000,344000,96000,83000,116000,238000,99000,56000,47000,179000,47000,38000,44000,118000,
equiv_simplify: 608000,351000,
implies_simplify: 1440000,
__normalized_input: 5989000,3129000,3084000,2630000,2511000,1877000,2059000,2484000,
rare_rewrite_eq-refl: 137000,
rare_rewrite_eq-symm: 153000,155000,311000,263000,465000,
rare_rewrite_bool-impl-elim: 12008000,15718000,20199000,6663000,6504000,
rare_rewrite_bool-double-not-elim: 246000,

