1; Draft.Scratch_smt_check_7_1751; 2026-04-10 13:49:56.291;
bind: 319000,329000,328000,309000,327000,282000,402000,421000,419000,472000,378000,423000,624000,411000,174000,174000,541000,512000,337000,309000,538000,517000,323000,310000,259000,234000,195000,155000,309000,301000,296000,313000,312000,286000,191000,155000,205000,217000,221000,170000,204000,203000,198000,322000,323000,296000,322000,321000,300000,208000,159000,282000,231000,549000,521000,327000,318000,551000,514000,325000,312000,324000,329000,279000,319000,349000,322000,197000,186000,201000,166000,331000,327000,287000,366000,344000,311000,594000,541000,327000,366000,617000,551000,352000,314000,235000,179000,316000,325000,291000,316000,311000,303000,262000,249000,
cong: 127000,66000,57000,53000,59000,72000,50000,43000,50000,125000,140000,113000,121000,70000,47000,45000,96000,124000,113000,138000,112000,125000,71000,53000,48000,93000,127000,262000,123000,152000,222000,195000,113000,307000,179000,99000,122000,56000,68000,39000,66000,59000,55000,57000,51000,62000,266000,172000,151000,217000,185000,111000,312000,182000,101000,120000,59000,67000,45000,63000,58000,60000,56000,52000,56000,213000,161000,113000,304000,160000,82000,59000,75000,53000,256000,243000,183000,144000,206000,202000,114000,105000,250000,220000,202000,132000,200000,166000,114000,94000,580000,373000,162000,213000,74000,63000,60000,55000,50000,50000,62000,58000,49000,46000,118000,138000,101000,131000,70000,48000,44000,101000,132000,109000,146000,109000,125000,89000,48000,45000,102000,134000,349000,229000,244000,252000,164000,163000,94000,92000,297000,211000,96000,115000,77000,52000,49000,48000,74000,70000,133000,73000,162000,83000,93000,294000,211000,95000,119000,99000,52000,50000,57000,72000,171000,81000,166000,81000,92000,299000,172000,214000,93000,118000,80000,52000,51000,58000,437000,291000,149000,126000,210000,517000,130000,69000,58000,45000,59000,76000,53000,47000,50000,114000,139000,109000,141000,70000,48000,45000,105000,133000,109000,133000,104000,120000,71000,51000,50000,102000,128000,362000,220000,252000,275000,168000,214000,195000,106000,163000,81000,100000,118000,291000,90000,53000,52000,50000,81000,73000,65000,58000,54000,60000,274000,220000,184000,146000,204000,164000,117000,98000,253000,236000,182000,143000,197000,164000,112000,92000,593000,359000,168000,207000,118000,142000,133000,128000,75000,73000,45000,93000,127000,113000,148000,104000,129000,77000,49000,52000,97000,138000,273000,124000,145000,57000,59000,56000,59000,64000,62000,72000,116000,160000,108000,127000,75000,94000,137000,123000,204000,110000,137000,109000,96000,129000,285000,129000,143000,82000,88000,259000,245000,197000,134000,203000,164000,123000,104000,265000,227000,197000,147000,394000,161000,113000,99000,598000,369000,169000,204000,72000,71000,89000,71000,165000,80000,90000,321000,223000,96000,122000,110000,135000,109000,179000,74000,98000,134000,109000,133000,104000,120000,76000,110000,132000,357000,218000,246000,271000,159000,208000,88000,130000,69000,59000,51000,72000,76000,55000,46000,47000,75000,66000,66000,55000,54000,60000,
ite1: 315000,
ite2: 198000,197000,195000,205000,206000,
refl: 33000,28000,18000,29000,20000,31000,46000,18000,27000,20000,32000,25000,31000,30000,28000,27000,20000,35000,129000,29000,29000,31000,29000,20000,22000,131000,28000,34000,101000,105000,71000,80000,36000,68000,76000,38000,186000,28000,26000,25000,20000,17000,28000,25000,26000,24000,29000,23000,19000,29000,25000,29000,37000,62000,30000,39000,67000,28000,39000,62000,45000,80000,86000,46000,50000,30000,101000,28000,24000,26000,19000,19000,29000,26000,26000,22000,26000,21000,19000,30000,30000,53000,37000,104000,29000,39000,62000,100000,106000,73000,81000,37000,72000,79000,36000,190000,33000,31000,19000,27000,19000,31000,32000,21000,29000,22000,32000,26000,31000,31000,42000,29000,21000,32000,32000,22000,27000,18000,33000,25000,97000,106000,69000,75000,37000,73000,83000,37000,197000,27000,36000,61000,29000,24000,27000,21000,19000,27000,23000,26000,23000,27000,23000,21000,29000,25000,51000,31000,104000,
symm: 100000,99000,108000,106000,105000,106000,109000,129000,117000,106000,108000,116000,101000,105000,111000,105000,98000,99000,108000,98000,99000,101000,103000,97000,193000,165000,188000,137000,98000,101000,191000,168000,205000,158000,102000,101000,110000,110000,103000,107000,107000,110000,99000,101000,115000,102000,103000,106000,108000,133000,136000,108000,154000,155000,173000,194000,200000,147000,198000,316000,114000,112000,104000,106000,
true: 85000,86000,87000,88000,99000,102000,
trans: 272000,292000,272000,290000,257000,204000,389000,401000,406000,401000,370000,386000,388000,337000,5500000,322000,231000,395000,405000,417000,355000,361000,381000,320000,327000,321000,315000,213000,273000,178000,173000,302000,492000,300000,311000,308000,311000,291000,453000,327000,314000,306000,320000,291000,601000,506000,233000,183000,280000,297000,283000,279000,255000,193000,234000,251000,186000,230000,191000,192000,243000,199000,197000,228000,187000,372000,302000,295000,273000,288000,396000,237000,192000,245000,311000,445000,324000,366000,309000,317000,296000,456000,307000,309000,308000,310000,296000,587000,532000,276000,292000,287000,304000,239000,218000,182000,285000,188000,173000,282000,303000,294000,303000,456000,229000,222000,311000,468000,314000,314000,306000,319000,300000,481000,314000,316000,319000,325000,312000,578000,548000,217000,201000,242000,276000,290000,297000,293000,380000,223000,247000,
choice: 94000,
equiv1: 289000,341000,340000,266000,352000,202000,571000,580000,346000,291000,320000,354000,586000,
equiv2: 316000,171000,300000,167000,311000,506000,310000,335000,
or_neg: 249000,261000,216000,342000,362000,367000,343000,373000,257000,266000,220000,255000,295000,252000,
or_pos: 231000,403000,426000,414000,
and_neg: 496000,1312000,
and_pos: 427000,429000,375000,397000,377000,340000,406000,1240000,1246000,1193000,1193000,1132000,1117000,1118000,1111000,1110000,1122000,1159000,1138000,1134000,1157000,1176000,1250000,1244000,1168000,1186000,1119000,1145000,1109000,1097000,1118000,
implies: 255000,291000,480000,396000,289000,424000,298000,388000,301000,1204000,391000,300000,488000,262000,1200000,260000,483000,319000,399000,
not_not: 174000,170000,
parsing: 129434000,
aci_simp: 1305000,1385000,1390000,1194000,1283000,1292000,1275000,1128000,1007000,
evaluate: 208000,
subproof: 1235000,3232000,1470000,1332000,1190000,1422000,1196000,1375000,1240000,2262000,1599000,1231000,1480000,1309000,2231000,1453000,1544000,1714000,1424000,
and_intro: 336000,1389000,
equiv_pos2: 41000,125000,46000,169000,47000,200000,300000,49000,33000,246000,47000,30000,256000,356000,46000,83000,371000,399000,910000,180000,225000,51000,180000,42000,92000,44000,174000,44000,210000,428000,445000,276000,297000,349000,42000,91000,114000,114000,275000,279000,352000,43000,93000,118000,274000,279000,356000,46000,94000,481000,518000,527000,41000,139000,44000,174000,46000,179000,426000,435000,363000,272000,278000,44000,91000,43000,137000,378000,379000,783000,193000,239000,44000,171000,50000,183000,298000,43000,93000,92000,178000,177000,301000,384000,384000,782000,215000,240000,95000,284000,282000,357000,174000,179000,425000,439000,41000,147000,44000,146000,
reordering: 293000,668000,318000,599000,1548000,1072000,2042000,24192000,685000,332000,16044000,704000,339000,
resolution: 591000,266000,202000,240000,235000,207000,315000,217000,334000,440000,413000,234000,319000,273000,228000,271000,275000,409000,243000,255000,372000,535000,586000,348000,257000,405000,226000,246000,180000,226000,237000,216000,345000,308000,375000,442000,566000,802000,747000,373000,422000,340000,409000,196000,261000,215000,194000,233000,249000,280000,305000,213000,456000,462000,522000,521000,281000,310000,255000,265000,308000,214000,355000,340000,326000,238000,374000,447000,428000,252000,273000,182000,228000,209000,209000,282000,832000,2645000,687000,557000,480000,1257000,223000,236000,198000,215000,272000,255000,221000,345000,323000,320000,229000,365000,459000,422000,259000,286000,191000,245000,234000,497000,442000,930000,216000,196000,204000,261000,306000,245000,340000,327000,360000,249000,365000,467000,450000,282000,290000,203000,253000,259000,477000,482000,438000,389000,2538000,1407000,990000,8449000,282000,229000,252000,220000,246000,288000,364000,233000,416000,447000,548000,521000,288000,364000,254000,390000,238000,375000,470000,484000,303000,222000,342000,331000,338000,322000,187000,246000,215000,194000,261000,248000,217000,344000,323000,390000,433000,573000,810000,732000,396000,430000,358000,404000,201000,323000,221000,356000,450000,456000,239000,349000,295000,192000,246000,289000,1463000,972000,8514000,231000,274000,202000,364000,362000,459000,445000,258000,366000,307000,227000,356000,341000,387000,456000,584000,827000,783000,377000,458000,388000,476000,193000,302000,226000,350000,354000,353000,281000,403000,495000,478000,277000,304000,294000,365000,441000,466000,549000,534000,292000,363000,400000,248000,261000,225000,199000,269000,271000,
sko_forall: 1469000,1478000,1485000,
contraction: 429000,510000,878000,367000,537000,466000,1035000,567000,675000,441000,505000,565000,439000,1625000,3523000,568000,454000,875000,410000,484000,1645000,3540000,452000,878000,403000,486000,583000,
forall_inst: 831000,810000,918000,943000,708000,1197000,771000,770000,1011000,911000,723000,773000,778000,907000,811000,800000,931000,808000,817000,1030000,1018000,929000,766000,806000,1228000,973000,803000,851000,941000,898000,1250000,856000,1052000,1075000,924000,959000,
implies_neg1: 404000,489000,755000,513000,408000,404000,411000,582000,733000,492000,422000,756000,421000,420000,758000,650000,493000,2234000,2167000,
implies_neg2: 412000,484000,832000,575000,405000,489000,419000,444000,422000,1229000,593000,431000,835000,425000,1219000,415000,855000,516000,597000,
__local_input: 153000,166000,192000,150000,95000,100000,149000,58000,34000,55000,54000,54000,36000,95000,155000,105000,218000,174000,187000,282000,211000,189000,35000,52000,52000,75000,77000,52000,50000,36000,37000,40000,37000,71000,74000,75000,50000,54000,76000,38000,41000,35000,42000,32000,53000,115000,
connective_def: 370000,393000,386000,520000,400000,397000,
equiv_simplify: 440000,263000,441000,376000,268000,446000,300000,706000,701000,432000,465000,688000,
miniscope_split: 598000,7396000,
__normalized_input: 15652000,15487000,44780000,20113000,18492000,10490000,10525000,7854000,7041000,5634000,5819000,5034000,4622000,4300000,4433000,4488000,4214000,
rare_rewrite_ite-eq: 20375000,6399000,6564000,7272000,6690000,7193000,
miniscope_distribute: 421000,401000,412000,415000,414000,419000,
rare_rewrite_eq-refl: 130000,183000,225000,224000,223000,1042000,336000,229000,204000,128000,141000,183000,228000,335000,
rare_rewrite_eq-symm: 139000,126000,132000,112000,189000,230000,227000,129000,144000,128000,150000,476000,179000,139000,137000,114000,131000,118000,203000,251000,290000,137000,150000,144000,243000,283000,135000,145000,242000,292000,142000,429000,383000,140000,170000,133000,129000,202000,240000,284000,137000,174000,128000,152000,149000,144000,487000,141000,117000,149000,122000,189000,150000,148000,133000,131000,221000,125000,191000,139000,150000,137000,157000,506000,143000,272000,309000,153000,130000,132000,137000,202000,184000,
rare_rewrite_bool-eq-true: 5705000,6787000,7098000,7290000,
rare_rewrite_bool-eq-false: 6305000,5837000,
rare_rewrite_ite-true-cond: 6354000,6491000,7304000,
rare_rewrite_bool-impl-elim: 6362000,6389000,
rare_rewrite_bool-or-de-morgan: 6292000,6209000,6413000,6449000,18429000,6771000,
rare_rewrite_bool-and-de-morgan: 9243000,12393000,6182000,5722000,5781000,6188000,6361000,5715000,5878000,6371000,5687000,5800000,6461000,5812000,5777000,6278000,5736000,5803000,7121000,6037000,6157000,6763000,6631000,6135000,
rare_rewrite_bool-double-not-elim: 239000,175000,218000,242000,

