1; Draft.Scratch_smt_check_7_26261; 2026-04-10 13:49:58.928;
bind: 461000,483000,454000,423000,215000,237000,269000,246000,245000,250000,244000,233000,234000,235000,
cong: 136000,178000,144000,176000,144000,68000,82000,101000,78000,118000,84000,95000,73000,114000,207000,82000,115000,182000,70000,43000,53000,66000,43000,113000,168000,66000,65000,67000,49000,84000,95000,72000,108000,191000,118000,
refl: 63000,36000,46000,23000,40000,21000,29000,18000,17000,34000,22000,42000,
symm: 107000,147000,102000,120000,
trans: 415000,432000,343000,325000,329000,392000,223000,249000,189000,174000,226000,226000,182000,179000,216000,287000,248000,199000,203000,181000,175000,159000,186000,202000,
equiv1: 146000,
equiv2: 145000,
implies: 206000,190000,
not_and: 231000,
not_not: 174000,
parsing: 29880000,
aci_simp: 1132000,
subproof: 1634000,1242000,
equiv_pos2: 278000,114000,131000,142000,210000,122000,65000,139000,242000,
reordering: 308000,
resolution: 396000,546000,402000,380000,423000,381000,720000,230000,410000,342000,377000,362000,242000,370000,328000,236000,252000,291000,337000,351000,222000,338000,
contraction: 321000,299000,
forall_inst: 1066000,890000,887000,
implies_neg1: 289000,272000,
implies_neg2: 266000,250000,
__local_input: 206000,159000,
equiv_simplify: 221000,225000,
__normalized_input: 11934000,12494000,2628000,2522000,1679000,1654000,2030000,
rare_rewrite_eq-refl: 123000,135000,
rare_rewrite_eq-symm: 246000,342000,299000,223000,538000,179000,134000,176000,140000,118000,187000,120000,169000,143000,121000,189000,138000,155000,117000,220000,135000,114000,185000,195000,230000,
rare_rewrite_bool-eq-true: 7128000,7678000,

