1; Draft.Scratch_smt_check_7_21113; 2026-04-10 13:52:09.581;
bind: 311000,357000,360000,361000,354000,691000,685000,801000,815000,
cong: 113000,112000,86000,82000,117000,83000,82000,323000,132000,190000,148000,128000,119000,190000,127000,223000,108000,138000,128000,448000,252000,125000,
refl: 41000,34000,17000,19000,35000,19000,21000,31000,28000,38000,62000,28000,32000,
trans: 249000,270000,330000,333000,645000,412000,
equiv1: 476000,
equiv2: 619000,
or_pos: 546000,602000,
implies: 389000,582000,
not_not: 1734000,
parsing: 6729000,
not_symm: 302000,
subproof: 1359000,3404000,
equiv_pos1: 206000,74000,
equiv_pos2: 139000,148000,158000,670000,158000,364000,540000,434000,612000,
reordering: 1058000,818000,547000,674000,
resolution: 276000,282000,284000,295000,328000,262000,286000,313000,302000,335000,436000,497000,479000,310000,377000,570000,616000,520000,635000,569000,674000,739000,879000,851000,577000,785000,
contraction: 519000,896000,
forall_inst: 935000,1030000,1691000,1633000,
implies_neg1: 518000,753000,
implies_neg2: 525000,776000,
__local_input: 142000,405000,
equiv_simplify: 702000,628000,
__normalized_input: 21615000,17548000,10261000,9825000,8840000,8410000,8447000,8121000,8322000,
rare_rewrite_eq-symm: 320000,293000,854000,594000,419000,421000,
rare_rewrite_bool-impl-elim: 5987000,11348000,11515000,
rare_rewrite_bool-double-not-elim: 182000,

