1; Draft.Scratch_smt_check_7_20238; 2026-04-10 13:51:19.804;
bind: 278000,295000,280000,302000,321000,296000,896000,781000,605000,831000,791000,578000,
cong: 206000,101000,127000,101000,90000,118000,87000,95000,96000,217000,289000,168000,101000,218000,120000,257000,290000,167000,262000,295000,138000,90000,106000,286000,278000,186000,269000,293000,143000,86000,114000,516000,263000,229000,141000,104000,
refl: 25000,29000,24000,30000,44000,57000,56000,
trans: 207000,203000,203000,247000,269000,221000,199000,215000,258000,312000,251000,209000,214000,430000,394000,370000,780000,403000,858000,485000,
or_pos: 611000,
and_pos: 508000,
implies: 227000,259000,659000,
parsing: 7010000,
subproof: 1260000,1584000,3118000,
equiv_pos1: 86000,
equiv_pos2: 196000,126000,253000,401000,91000,108000,419000,429000,738000,180000,
reordering: 588000,826000,668000,533000,
resolution: 276000,233000,351000,386000,384000,323000,275000,249000,374000,365000,379000,372000,276000,381000,561000,605000,511000,558000,535000,732000,820000,976000,901000,563000,813000,
contraction: 356000,378000,992000,
forall_inst: 877000,1571000,1878000,
implies_neg1: 312000,574000,913000,
implies_neg2: 310000,299000,847000,
__local_input: 319000,520000,709000,
__normalized_input: 39483000,20625000,10891000,5998000,6110000,
rare_rewrite_eq-refl: 165000,
rare_rewrite_eq-symm: 172000,275000,187000,216000,205000,169000,186000,211000,192000,230000,247000,341000,301000,422000,414000,386000,348000,369000,307000,344000,329000,579000,299000,339000,
rare_rewrite_bool-eq-true: 7227000,
rare_rewrite_bool-impl-elim: 13006000,13060000,13700000,12917000,
rare_rewrite_bool-double-not-elim: 401000,376000,352000,

