1; Draft.Scratch_smt_check_7_14539; 2026-04-10 13:44:11.484;
bind: 704000,1247000,1239000,717000,707000,697000,
cong: 37000,42000,47000,52000,733000,714000,59000,57000,402000,410000,1176000,665000,567000,523000,498000,451000,434000,378000,330000,322000,1035000,88000,433000,431000,386000,373000,315000,273000,260000,261000,42000,45000,56000,58000,702000,720000,59000,53000,402000,411000,753000,357000,328000,306000,293000,248000,262000,205000,203000,192000,662000,66000,266000,467000,381000,366000,321000,305000,262000,289000,594000,366000,107000,125000,
refl: 163000,24000,25000,18000,93000,97000,40000,53000,51000,88000,87000,32000,45000,44000,165000,24000,25000,18000,49000,49000,21000,26000,32000,48000,46000,19000,23000,29000,
symm: 63000,68000,
trans: 63000,73000,619000,647000,646000,624000,631000,652000,645000,1071000,1156000,1041000,1024000,1048000,874000,736000,726000,700000,634000,551000,1095000,990000,967000,960000,940000,743000,661000,692000,552000,70000,81000,630000,634000,655000,613000,629000,634000,650000,557000,577000,579000,554000,507000,468000,400000,370000,333000,319000,288000,577000,562000,635000,912000,961000,720000,662000,691000,569000,368000,173000,249000,
or_pos: 276000,
implies: 490000,
parsing: 124549000,
aci_simp: 2187000,2911000,2721000,2753000,2642000,2625000,2392000,2302000,2109000,2124000,2117000,2123000,1702000,1574000,18184000,2610000,2525000,2432000,2242000,2216000,2173000,2074000,1754000,
evaluate: 291000,
subproof: 1996000,
equiv_pos2: 33000,38000,952000,42000,40000,969000,839000,
reordering: 681000,304000,691000,
resolution: 212000,435000,182000,198000,1045000,299000,590000,561000,671000,390000,422000,208000,216000,1132000,
contraction: 590000,
forall_inst: 1623000,
implies_neg1: 906000,
implies_neg2: 471000,
__local_input: 160000,
connective_def: 1635000,1071000,
miniscope_split: 1526000,1545000,
__normalized_input: 1473000,1256000,1307000,1217000,1140000,1144000,1159000,1240000,1147000,1163000,2208000,
rare_rewrite_eq-refl: 165000,200000,
rare_rewrite_eq-symm: 65000,74000,121000,73000,72000,93000,
rare_rewrite_bool-and-de-morgan: 12397000,12594000,12700000,12808000,12838000,12953000,13261000,13633000,13754000,14025000,6917000,6894000,6760000,6949000,7176000,7243000,7379000,7467000,7545000,8255000,
rare_rewrite_bool-double-not-elim: 595000,123000,142000,594000,73000,89000,

