1; Draft.Scratch_smt_check_7_2255; 2026-04-10 13:43:44.794;
bind: 219000,234000,301000,197000,178000,321000,
cong: 86000,115000,116000,112000,113000,55000,125000,59000,112000,59000,78000,178000,132000,249000,117000,205000,289000,328000,156000,154000,109000,
refl: 28000,29000,382000,26000,25000,28000,34000,28000,
trans: 113000,208000,134000,116000,195000,138000,136000,147000,143000,76000,170000,201000,151000,143000,153000,135000,79000,143000,
equiv1: 81000,149000,128000,
equiv2: 78000,177000,138000,
or_neg: 144000,138000,198000,266000,258000,334000,241000,272000,286000,286000,313000,296000,
or_pos: 358000,336000,286000,
and_neg: 293000,
and_pos: 165000,
implies: 311000,
not_not: 97000,
parsing: 24804000,
aci_simp: 1187000,935000,959000,950000,
evaluate: 190000,
not_symm: 123000,
onepoint: 1031000,
subproof: 2070000,
equiv_pos1: 36000,74000,60000,117000,
equiv_pos2: 169000,158000,88000,269000,72000,211000,71000,193000,76000,346000,426000,
reordering: 174000,13171000,300000,443000,390000,342000,343000,413000,353000,301000,465000,384000,502000,
resolution: 163000,158000,154000,160000,160000,184000,203000,173000,165000,142000,129000,134000,170000,203000,273000,162000,167000,141000,139000,168000,162000,320000,355000,294000,585000,611000,302000,300000,262000,291000,251000,316000,400000,385000,303000,261000,241000,242000,266000,532000,554000,609000,692000,276000,440000,578000,540000,352000,
contraction: 250000,505000,443000,574000,498000,
forall_inst: 621000,646000,684000,732000,690000,754000,666000,1193000,1168000,1229000,1196000,1263000,1210000,1327000,
implies_neg1: 410000,
implies_neg2: 440000,
__local_input: 101000,
equiv_simplify: 153000,167000,281000,291000,257000,253000,
__normalized_input: 4618000,4135000,4104000,3978000,1984000,1916000,1919000,1441000,1384000,1319000,1027000,1096000,
rare_rewrite_eq-refl: 69000,
rare_rewrite_eq-symm: 83000,155000,
rare_rewrite_or-not-refl: 6206000,
rare_rewrite_bool-impl-elim: 11542000,
rare_rewrite_bool-impl-false1: 5996000,6211000,
rare_rewrite_bool-or-de-morgan: 5903000,
rare_rewrite_bool-and-de-morgan: 6159000,5929000,6196000,
rare_rewrite_bool-double-not-elim: 81000,92000,141000,166000,163000,180000,

