1; Draft.Scratch_smt_check_7_12150; 2026-04-10 13:44:37.319;
bind: 298000,262000,254000,231000,271000,263000,245000,233000,596000,223000,623000,242000,544000,523000,205000,223000,191000,597000,230000,573000,227000,537000,523000,196000,206000,209000,149000,222000,582000,362000,1029000,420000,961000,1023000,358000,395000,357000,1087000,416000,1119000,417000,999000,755000,225000,241000,200000,169000,246000,
cong: 117000,105000,94000,50000,49000,51000,49000,107000,122000,104000,94000,50000,48000,45000,45000,105000,217000,122000,393000,125000,105000,433000,128000,90000,81000,53000,49000,44000,42000,305000,216000,218000,287000,335000,89000,149000,405000,129000,103000,382000,128000,87000,78000,49000,46000,50000,45000,309000,219000,217000,284000,326000,88000,145000,530000,434000,83000,79000,133000,104000,129000,144000,396000,156000,248000,642000,201000,148000,132000,147000,76000,76000,72000,494000,366000,403000,498000,554000,145000,282000,655000,212000,166000,634000,202000,166000,162000,86000,74000,78000,80000,507000,361000,392000,291000,337000,97000,150000,552000,442000,95000,75000,129000,111000,129000,78000,202000,
refl: 35000,35000,34000,72000,37000,70000,25000,42000,42000,37000,68000,33000,65000,22000,42000,39000,34000,68000,65000,125000,41000,68000,70000,64000,143000,83000,128000,35000,68000,43000,46000,48000,
symm: 82000,78000,81000,78000,71000,82000,83000,92000,80000,79000,77000,83000,135000,126000,132000,138000,146000,142000,113000,
trans: 245000,287000,235000,246000,257000,235000,516000,509000,458000,415000,419000,356000,347000,336000,345000,198000,337000,489000,502000,494000,396000,413000,359000,346000,332000,335000,196000,332000,421000,141000,131000,135000,195000,496000,622000,842000,732000,869000,636000,639000,623000,635000,363000,625000,898000,995000,830000,735000,771000,664000,625000,610000,358000,192000,331000,471000,145000,138000,125000,
choice: 66000,
equiv1: 149000,
equiv2: 120000,
or_neg: 155000,167000,181000,151000,195000,197000,206000,146000,
or_pos: 351000,224000,362000,
and_neg: 231000,
and_pos: 161000,161000,
implies: 249000,440000,213000,824000,
not_not: 129000,
parsing: 82345000,
aci_simp: 1492000,1216000,1138000,1153000,1392000,1183000,1099000,1148000,1197000,2676000,2338000,2162000,2242000,2845000,2385000,1139000,1188000,1279000,
evaluate: 190000,224000,
subproof: 1568000,2296000,1216000,4277000,
equiv_pos2: 35000,49000,144000,33000,47000,146000,261000,34000,48000,420000,37000,51000,420000,691000,141000,142000,67000,84000,801000,116000,86000,655000,729000,126000,187000,
reordering: 542000,227000,316000,412000,555000,
resolution: 189000,183000,187000,207000,252000,261000,189000,204000,342000,390000,403000,254000,270000,190000,217000,165000,287000,339000,409000,421000,185000,224000,513000,769000,863000,512000,380000,182000,211000,253000,296000,391000,412000,338000,292000,293000,424000,180000,163000,174000,284000,336000,418000,433000,314000,327000,911000,1339000,1559000,948000,716000,304000,343000,228000,215000,
sko_forall: 1191000,1226000,
contraction: 347000,778000,249000,393000,292000,307000,1546000,
forall_inst: 780000,848000,1072000,1101000,717000,
or_simplify: 460000,478000,
implies_neg1: 323000,687000,703000,257000,
implies_neg2: 329000,675000,232000,1242000,
__local_input: 78000,146000,148000,22000,40000,
qnt_rm_unused: 115000,124000,
equiv_simplify: 196000,225000,
__normalized_input: 5718000,3942000,3884000,3920000,3001000,2778000,2806000,2838000,586000,
rare_rewrite_eq-refl: 95000,90000,
rare_rewrite_eq-symm: 161000,131000,170000,133000,165000,142000,106000,137000,102000,119000,132000,232000,183000,235000,116000,126000,139000,
rare_rewrite_bool-impl-elim: 6716000,6113000,6456000,5775000,6139000,6164000,5553000,5861000,12560000,11711000,11964000,12615000,6225000,6310000,
rare_rewrite_bool-and-de-morgan: 5962000,6088000,6304000,5820000,6005000,5978000,11850000,12088000,12135000,12682000,13339000,11954000,
rare_rewrite_bool-double-not-elim: 170000,141000,

