1; Draft.Scratch_smt_check_7_26146; 2026-04-10 13:52:08.830;
bind: 261000,258000,273000,258000,492000,482000,
cong: 542000,399000,740000,149000,171000,97000,250000,250000,300000,464000,111000,99000,378000,385000,285000,285000,437000,111000,126000,92000,158000,71000,79000,95000,108000,71000,92000,119000,69000,75000,188000,235000,210000,172000,102000,85000,101000,70000,569000,492000,367000,280000,542000,399000,732000,140000,167000,99000,247000,248000,436000,473000,123000,169000,379000,383000,285000,290000,432000,114000,117000,81000,157000,71000,79000,93000,105000,67000,89000,118000,68000,76000,203000,234000,212000,172000,103000,84000,101000,70000,379000,252000,664000,716000,214000,1720000,575000,509000,362000,278000,944000,846000,627000,440000,633000,647000,470000,469000,680000,308000,388000,329000,339000,173000,890000,673000,1155000,176000,186000,124000,229000,271000,134000,266000,126000,137000,157000,168000,108000,139000,173000,102000,116000,249000,245000,309000,461000,96000,56000,84000,105000,98000,1276000,
refl: 29000,25000,27000,27000,30000,33000,29000,64000,28000,26000,28000,28000,29000,33000,24000,58000,103000,41000,42000,43000,42000,43000,35000,31000,191000,319000,
symm: 673000,494000,496000,446000,
trans: 525000,590000,348000,354000,373000,313000,317000,342000,394000,448000,119000,138000,279000,290000,266000,236000,247000,577000,526000,589000,343000,360000,369000,314000,326000,342000,726000,396000,446000,123000,140000,313000,293000,268000,220000,248000,513000,520000,501000,878000,839000,863000,156000,843000,601000,1176000,770000,899000,558000,640000,499000,449000,485000,1061000,1096000,248000,293000,353000,353000,369000,308000,344000,342000,
equiv1: 1424000,465000,122000,126000,124000,
or_neg: 829000,892000,840000,
and_pos: 884000,919000,1016000,1767000,1942000,1861000,
implies: 335000,690000,548000,492000,333000,1427000,681000,
not_and: 762000,
parsing: 49842000,
evaluate: 381000,322000,386000,369000,291000,173000,225000,259000,247000,291000,293000,655000,
subproof: 1377000,1693000,1209000,1470000,4386000,2619000,
and_intro: 405000,347000,303000,1542000,
poly_simp: 3855000,2455000,1666000,2812000,1690000,2884000,1505000,1536000,1802000,2162000,1571000,1974000,1615000,2759000,2736000,3093000,2444000,3824000,1918000,1694000,3026000,1798000,3039000,2866000,1477000,1539000,1806000,2173000,1589000,1962000,1652000,2114000,7663000,2072000,1961000,1910000,2629000,2603000,3003000,2237000,2222000,5033000,4976000,5686000,4159000,5399000,3369000,4024000,2982000,2922000,7132000,2858000,2029000,1902000,1667000,1947000,2849000,1780000,
equiv_pos2: 467000,90000,300000,165000,166000,663000,425000,582000,88000,291000,407000,379000,747000,160000,164000,647000,368000,310000,307000,1348000,566000,88000,404000,1341000,
la_generic: 12734000,
reordering: 2859000,7191000,
resolution: 272000,557000,434000,267000,342000,280000,525000,827000,821000,442000,300000,1151000,1912000,852000,861000,1279000,889000,2133000,166000,369000,488000,404000,321000,927000,465000,520000,569000,195000,387000,426000,437000,254000,189000,375000,407000,339000,199000,407000,339000,278000,525000,837000,823000,439000,298000,2425000,3493000,4726000,611000,515000,917000,1566000,1432000,802000,547000,784000,928000,505000,
contraction: 682000,1381000,1141000,1316000,423000,679000,2097000,4300000,1352000,
forall_inst: 1046000,1054000,1905000,
la_mult_neg: 588000,567000,
la_mult_pos: 759000,
implies_neg1: 593000,488000,585000,1519000,1048000,2293000,
implies_neg2: 786000,898000,314000,793000,17556000,1471000,
__local_input: 186000,151000,143000,99000,118000,217000,250000,98000,145000,179000,
poly_simp_rel: 1233000,1154000,977000,979000,1339000,1252000,1504000,1160000,1371000,947000,950000,1314000,1255000,1850000,1798000,2496000,2122000,1208000,
equiv_simplify: 199000,204000,205000,
implies_simplify: 1631000,549000,
__normalized_input: 24375000,15804000,836000,989000,
rare_rewrite_arith-elim-gt: 6607000,
rare_rewrite_arith-elim-lt: 6067000,5899000,5993000,5874000,10698000,11188000,6143000,
rare_rewrite_arith-elim-leq: 7339000,6496000,
rare_rewrite_bool-double-not-elim: 367000,360000,367000,498000,

