1; Draft.Scratch_smt_check_7_17084; 2026-04-10 13:44:37.069;
bind: 269000,285000,231000,331000,354000,265000,374000,358000,340000,306000,457000,295000,294000,502000,513000,432000,608000,643000,256000,375000,362000,267000,302000,238000,339000,369000,274000,383000,355000,
cong: 140000,66000,184000,70000,170000,142000,120000,128000,110000,129000,103000,233000,101000,137000,215000,211000,182000,108000,225000,241000,95000,310000,100000,161000,146000,114000,150000,95000,127000,85000,133000,68000,186000,67000,164000,143000,114000,437000,
refl: 389000,33000,467000,46000,34000,125000,118000,116000,54000,113000,110000,53000,137000,57000,97000,106000,56000,97000,690000,73000,464000,49000,34000,52000,393000,33000,467000,49000,36000,72000,56000,53000,64000,
symm: 231000,271000,263000,329000,244000,224000,222000,182000,268000,354000,429000,486000,264000,321000,119000,124000,237000,292000,257000,327000,
trans: 237000,276000,234000,245000,233000,184000,106000,259000,210000,239000,235000,257000,95000,302000,241000,258000,273000,187000,216000,265000,225000,243000,179000,225000,239000,170000,310000,160000,414000,447000,442000,499000,419000,334000,189000,458000,429000,456000,431000,420000,188000,549000,456000,493000,282000,188000,207000,246000,150000,237000,240000,254000,261000,229000,190000,96000,268000,226000,265000,246000,223000,98000,312000,283000,293000,284000,200000,212000,
equiv1: 749000,228000,
equiv2: 409000,422000,189000,
or_neg: 150000,161000,274000,245000,271000,267000,584000,587000,618000,565000,599000,282000,260000,147000,158000,
or_pos: 209000,319000,408000,
and_neg: 774000,
and_pos: 742000,738000,654000,662000,781000,782000,676000,660000,610000,591000,830000,789000,856000,791000,804000,304000,310000,327000,338000,
implies: 204000,124000,387000,225000,799000,219000,1083000,228000,380000,123000,
not_and: 630000,
not_not: 298000,159000,
parsing: 76867000,
aci_simp: 949000,1002000,970000,1053000,1075000,1839000,1943000,1901000,1050000,1075000,972000,1055000,1379000,1063000,1098000,
evaluate: 182000,181000,299000,271000,276000,201000,189000,
onepoint: 1087000,1453000,2148000,2804000,1167000,1543000,
qnt_join: 299000,295000,482000,294000,274000,298000,
subproof: 1122000,2582000,2565000,2153000,2802000,1401000,
and_intro: 663000,565000,631000,
equiv_pos2: 205000,223000,200000,200000,280000,111000,201000,204000,47000,209000,206000,105000,213000,480000,
reordering: 277000,569000,1524000,2965000,470000,667000,1028000,4650000,1405000,
resolution: 251000,184000,269000,191000,237000,212000,236000,286000,214000,196000,272000,300000,369000,346000,196000,277000,260000,194000,202000,160000,257000,252000,608000,527000,451000,11259000,320000,368000,321000,274000,436000,423000,919000,750000,2238000,276000,445000,483000,350000,387000,1422000,4610000,607000,463000,654000,506000,852000,284000,327000,329000,517000,1293000,1080000,3255000,381000,303000,476000,421000,295000,433000,516000,477000,1159000,221000,179000,247000,160000,248000,248000,212000,287000,
contraction: 331000,203000,558000,646000,360000,1060000,1430000,385000,1918000,620000,635000,1474000,1820000,373000,521000,625000,204000,
forall_inst: 725000,805000,833000,745000,813000,871000,1473000,1527000,1513000,1694000,791000,838000,
implies_neg1: 288000,1258000,1282000,765000,605000,1119000,
implies_neg2: 266000,471000,881000,480000,1455000,476000,
__local_input: 79000,76000,71000,49000,50000,71000,78000,47000,75000,82000,88000,26000,30000,30000,55000,34000,27000,27000,32000,35000,
qnt_rm_unused: 368000,1199000,440000,1851000,675000,2015000,442000,1882000,376000,1236000,445000,2031000,
equiv_simplify: 576000,594000,274000,326000,
implies_simplify: 929000,
__normalized_input: 5482000,1841000,1804000,2815000,1098000,770000,1108000,
rare_rewrite_eq-refl: 91000,90000,149000,163000,91000,100000,
rare_rewrite_eq-symm: 138000,117000,113000,102000,150000,150000,140000,250000,254000,110000,103000,135000,119000,111000,114000,
rare_rewrite_or-not-refl: 6640000,6674000,12185000,11611000,7428000,6964000,
rare_rewrite_bool-impl-elim: 6475000,6342000,6375000,6388000,6508000,6697000,
rare_rewrite_bool-and-de-morgan: 6246000,6264000,6588000,
rare_rewrite_bool-double-not-elim: 88000,92000,100000,202000,143000,188000,83000,221000,

