1; Draft.Scratch_smt_check_7_27846; 2026-04-10 13:44:36.715;
bind: 198000,205000,122000,153000,160000,299000,444000,220000,276000,375000,372000,212000,
cong: 108000,120000,101000,138000,167000,82000,92000,67000,62000,48000,101000,231000,167000,148000,304000,170000,152000,95000,75000,183000,148000,183000,135000,297000,154000,237000,170000,
refl: 30000,50000,56000,
symm: 89000,99000,165000,181000,
trans: 83000,87000,183000,167000,
equiv1: 153000,
equiv2: 99000,184000,
or_neg: 135000,124000,
and_pos: 84000,116000,123000,144000,208000,197000,187000,
implies: 164000,323000,305000,300000,
not_and: 133000,
not_not: 112000,
parsing: 10245000,
evaluate: 310000,
subproof: 1124000,1064000,2134000,2147000,2155000,
and_intro: 270000,
equiv_pos2: 127000,133000,205000,76000,53000,108000,105000,243000,256000,402000,136000,99000,46000,184000,247000,253000,494000,156000,101000,209000,
reordering: 218000,143000,270000,433000,320000,591000,457000,270000,
resolution: 138000,130000,170000,166000,230000,260000,306000,302000,176000,244000,136000,216000,159000,203000,230000,214000,168000,180000,212000,200000,342000,140000,143000,190000,204000,219000,143000,126000,162000,174000,317000,463000,544000,486000,273000,432000,242000,411000,493000,448000,781000,309000,344000,235000,284000,310000,440000,542000,538000,517000,350000,421000,270000,358000,
contraction: 305000,175000,161000,194000,534000,420000,431000,512000,
forall_inst: 704000,689000,707000,695000,1383000,1175000,1311000,1339000,1270000,
implies_neg1: 210000,414000,288000,408000,443000,
implies_neg2: 235000,113000,393000,402000,443000,
__local_input: 63000,135000,37000,78000,130000,43000,60000,
equiv_simplify: 192000,358000,
implies_simplify: 225000,
__normalized_input: 9373000,4529000,4313000,1380000,
rare_rewrite_eq-symm: 64000,90000,90000,62000,66000,91000,72000,95000,95000,94000,111000,113000,173000,118000,154000,197000,136000,173000,164000,139000,119000,175000,118000,115000,198000,126000,164000,
rare_rewrite_bool-double-not-elim: 220000,

