1; Draft.Scratch_smt_check_7_17746; 2026-04-10 13:46:26.207;
bind: 301000,267000,299000,280000,254000,206000,
cong: 147000,129000,145000,120000,73000,72000,149000,147000,203000,183000,118000,118000,
refl: 44000,19000,29000,29000,
symm: 130000,
trans: 163000,178000,131000,188000,209000,131000,276000,198000,
choice: 38000,84000,
equiv1: 103000,190000,
equiv2: 89000,169000,
or_neg: 154000,164000,139000,268000,289000,238000,
or_pos: 193000,477000,434000,
not_not: 103000,
parsing: 13071000,
aci_simp: 1019000,
equiv_pos2: 211000,162000,152000,421000,246000,215000,135000,
reordering: 186000,227000,809000,340000,583000,
resolution: 239000,268000,314000,158000,139000,177000,219000,271000,164000,239000,279000,177000,143000,138000,150000,270000,233000,265000,299000,434000,511000,244000,364000,
sko_forall: 3194000,
contraction: 218000,397000,
forall_inst: 808000,733000,1467000,1155000,
connective_def: 285000,527000,
equiv_simplify: 155000,183000,296000,303000,
__normalized_input: 9048000,3178000,1408000,995000,930000,1191000,
rare_rewrite_eq-symm: 245000,
rare_rewrite_bool-impl-elim: 6077000,5927000,
rare_rewrite_bool-and-de-morgan: 5878000,6106000,20288000,
rare_rewrite_bool-double-not-elim: 192000,116000,180000,

