1; Draft.Scratch_smt_check_7_20194; 2026-04-10 13:46:25.508;
bind: 447000,580000,316000,260000,312000,224000,268000,273000,327000,296000,257000,
cong: 217000,223000,158000,143000,126000,230000,121000,125000,150000,128000,230000,226000,123000,143000,108000,244000,118000,128000,144000,162000,152000,
refl: 57000,45000,57000,52000,82000,
trans: 518000,233000,166000,186000,183000,211000,205000,210000,282000,216000,
choice: 35000,37000,35000,40000,72000,
equiv1: 181000,
or_neg: 261000,281000,220000,270000,314000,235000,213000,244000,145000,160000,132000,154000,180000,148000,224000,241000,197000,222000,150000,167000,146000,
or_pos: 351000,259000,227000,196000,265000,
implies: 197000,194000,180000,263000,
parsing: 27590000,
aci_simp: 1037000,
subproof: 1140000,1104000,1072000,1759000,
equiv_pos2: 218000,234000,295000,230000,117000,226000,116000,143000,216000,116000,214000,247000,94000,190000,116000,137000,233000,
reordering: 366000,373000,393000,385000,193000,197000,283000,234000,192000,373000,
resolution: 391000,411000,282000,315000,365000,406000,2938000,403000,486000,411000,498000,450000,441000,449000,485000,347000,370000,397000,341000,333000,233000,275000,252000,294000,270000,305000,237000,346000,390000,389000,339000,325000,456000,386000,332000,378000,352000,306000,246000,281000,184000,285000,442000,462000,270000,326000,
sko_forall: 1769000,1770000,1083000,
contraction: 394000,425000,324000,315000,212000,229000,331000,317000,286000,441000,218000,437000,
forall_inst: 1386000,833000,740000,735000,859000,
implies_neg1: 251000,252000,221000,477000,
implies_neg2: 236000,231000,224000,358000,
__local_input: 65000,64000,57000,85000,
connective_def: 295000,242000,305000,282000,301000,
__normalized_input: 8755000,3364000,1352000,1238000,1070000,
rare_rewrite_bool-impl-elim: 11035000,11229000,6176000,6337000,
rare_rewrite_bool-and-de-morgan: 5995000,5996000,6100000,6115000,6057000,6159000,
rare_rewrite_bool-double-not-elim: 195000,212000,214000,114000,124000,195000,174000,112000,199000,

