1; Draft.Scratch_smt_check_7_14706; 2026-04-10 13:46:25.585;
bind: 670000,329000,372000,376000,444000,471000,433000,520000,146000,177000,273000,371000,183000,215000,219000,232000,277000,235000,306000,243000,168000,
cong: 298000,331000,236000,182000,77000,221000,86000,222000,249000,90000,249000,213000,80000,73000,53000,53000,100000,66000,129000,143000,181000,189000,144000,112000,53000,146000,59000,142000,153000,64000,117000,124000,79000,72000,50000,54000,107000,56000,269000,255000,234000,
refl: 48000,54000,621000,48000,50000,41000,52000,54000,45000,694000,45000,62000,38000,45000,117000,244000,20000,27000,25000,33000,316000,28000,31000,27000,26000,29000,30000,419000,24000,34000,23000,29000,111000,262000,21000,25000,133000,
symm: 373000,431000,509000,188000,225000,273000,
trans: 347000,386000,374000,367000,345000,495000,306000,132000,339000,333000,416000,347000,328000,441000,426000,403000,363000,437000,331000,331000,311000,108000,108000,110000,111000,106000,74000,129000,155000,121000,204000,210000,195000,209000,208000,208000,197000,179000,156000,71000,199000,227000,215000,183000,183000,253000,222000,243000,209000,249000,192000,192000,194000,98000,109000,107000,113000,103000,81000,132000,146000,118000,254000,274000,
or_pos: 198000,
implies: 187000,
parsing: 33889000,
aci_simp: 1802000,2911000,1875000,1918000,1871000,926000,977000,954000,996000,1000000,1093000,1047000,889000,928000,
evaluate: 185000,182000,
onepoint: 1997000,2498000,1277000,1082000,1387000,928000,
qnt_join: 405000,472000,232000,269000,
subproof: 1261000,
equiv_pos2: 310000,139000,310000,607000,
reordering: 233000,
resolution: 315000,549000,202000,221000,291000,300000,414000,384000,204000,333000,
contraction: 406000,
forall_inst: 712000,815000,
or_simplify: 967000,
implies_neg1: 352000,
implies_neg2: 329000,
__local_input: 116000,
qnt_rm_unused: 671000,2264000,363000,1387000,
connective_def: 623000,207000,280000,363000,201000,
__normalized_input: 2275000,993000,1160000,
rare_rewrite_eq-refl: 121000,69000,74000,70000,134000,
rare_rewrite_eq-symm: 148000,146000,65000,104000,85000,88000,71000,79000,
rare_rewrite_or-not-refl: 11706000,11951000,6168000,6277000,6313000,5865000,
rare_rewrite_bool-eq-true: 25767000,
rare_rewrite_bool-and-de-morgan: 11658000,11488000,11724000,6079000,6328000,5855000,6391000,6188000,5981000,
rare_rewrite_bool-double-not-elim: 86000,192000,82000,

