1; Draft.Scratch_smt_check_7_27161; 2026-04-10 13:46:25.247;
bind: 771000,340000,484000,399000,480000,542000,463000,569000,156000,187000,263000,369000,183000,207000,217000,245000,263000,236000,307000,154000,171000,
cong: 334000,318000,273000,214000,88000,244000,114000,332000,303000,88000,191000,185000,166000,153000,83000,78000,129000,59000,136000,178000,181000,188000,149000,117000,58000,139000,61000,156000,154000,67000,116000,130000,73000,78000,52000,56000,106000,62000,266000,180000,228000,
refl: 49000,60000,546000,45000,49000,41000,50000,67000,56000,785000,54000,54000,70000,39000,209000,246000,20000,26000,28000,35000,317000,28000,35000,28000,27000,32000,31000,408000,27000,31000,23000,28000,111000,244000,24000,28000,124000,
symm: 462000,419000,534000,196000,227000,273000,
trans: 361000,357000,376000,377000,450000,324000,288000,135000,392000,354000,364000,413000,411000,490000,377000,471000,427000,555000,430000,361000,338000,180000,199000,207000,190000,182000,138000,235000,265000,130000,352000,223000,195000,216000,202000,195000,188000,181000,155000,79000,198000,192000,209000,182000,187000,244000,221000,234000,203000,245000,185000,177000,188000,98000,109000,108000,119000,101000,87000,133000,169000,123000,214000,250000,
or_pos: 206000,
implies: 191000,
parsing: 33966000,
aci_simp: 1779000,2092000,2034000,2083000,2083000,1666000,1139000,963000,982000,1020000,1030000,1016000,911000,929000,
evaluate: 369000,193000,
onepoint: 1932000,2536000,1787000,1058000,1348000,953000,
qnt_join: 486000,555000,244000,272000,
subproof: 1222000,
equiv_pos2: 304000,142000,298000,601000,
reordering: 239000,
resolution: 302000,509000,205000,231000,316000,314000,428000,392000,220000,335000,
contraction: 400000,
forall_inst: 764000,806000,
or_simplify: 936000,
implies_neg1: 342000,
implies_neg2: 321000,
__local_input: 96000,
qnt_rm_unused: 745000,2298000,358000,1372000,
connective_def: 775000,206000,296000,412000,196000,
__normalized_input: 2660000,820000,1097000,
rare_rewrite_eq-refl: 127000,125000,77000,76000,134000,
rare_rewrite_eq-symm: 143000,145000,141000,86000,90000,87000,76000,90000,
rare_rewrite_or-not-refl: 12574000,12813000,8563000,6245000,6260000,6364000,
rare_rewrite_bool-eq-true: 18365000,
rare_rewrite_bool-and-de-morgan: 11843000,11937000,11963000,6598000,6520000,5935000,6069000,6308000,5914000,
rare_rewrite_bool-double-not-elim: 174000,222000,83000,

