1; Draft.Scratch_smt_check_7_28358; 2026-04-10 13:46:26.436;
bind: 617000,560000,268000,288000,280000,278000,266000,273000,792000,330000,359000,464000,410000,478000,400000,516000,254000,264000,679000,335000,373000,385000,407000,266000,233000,294000,155000,186000,268000,
cong: 312000,257000,248000,153000,161000,132000,132000,129000,232000,198000,94000,97000,127000,145000,135000,150000,66000,126000,149000,164000,201000,380000,197000,339000,344000,239000,221000,81000,222000,83000,228000,248000,86000,188000,181000,350000,134000,74000,77000,233000,86000,305000,338000,247000,180000,77000,215000,155000,141000,157000,63000,111000,121000,73000,74000,49000,57000,112000,64000,267000,112000,147000,129000,144000,
refl: 179000,55000,32000,30000,103000,50000,59000,532000,46000,52000,39000,51000,55000,45000,825000,62000,49000,35000,43000,238000,400000,39000,49000,48000,55000,511000,46000,48000,40000,33000,31000,30000,417000,27000,32000,23000,29000,112000,241000,22000,27000,69000,
symm: 56000,86000,370000,409000,473000,368000,226000,274000,
trans: 499000,425000,487000,209000,223000,252000,207000,115000,211000,216000,194000,209000,368000,362000,359000,401000,523000,352000,281000,142000,351000,343000,386000,323000,352000,467000,383000,399000,371000,440000,407000,355000,326000,183000,192000,205000,193000,176000,134000,213000,241000,264000,359000,414000,381000,373000,356000,364000,341000,130000,344000,334000,347000,309000,330000,245000,215000,228000,198000,242000,182000,178000,177000,109000,114000,105000,108000,99000,78000,136000,153000,123000,212000,149000,223000,213000,
choice: 26000,29000,58000,
equiv1: 168000,
equiv2: 106000,105000,
or_neg: 156000,175000,134000,156000,174000,147000,225000,248000,138000,158000,156000,199000,227000,306000,307000,229000,
or_pos: 199000,197000,206000,200000,190000,173000,397000,207000,
and_pos: 119000,115000,133000,116000,130000,138000,
implies: 192000,183000,185000,178000,404000,177000,
not_and: 167000,
not_not: 115000,
parsing: 78435000,
aci_simp: 1533000,1973000,1861000,1932000,1895000,1917000,1654000,1712000,2093000,1778000,1815000,1023000,1023000,908000,1022000,
evaluate: 196000,271000,221000,
onepoint: 1981000,2577000,1784000,1893000,1565000,1037000,
qnt_join: 427000,538000,394000,264000,
subproof: 1208000,1174000,1153000,1163000,10710000,2284000,1388000,
and_intro: 155000,
equiv_pos2: 422000,117000,122000,158000,113000,229000,247000,54000,150000,140000,29000,140000,106000,195000,406000,249000,576000,301000,319000,141000,
reordering: 199000,216000,219000,237000,279000,231000,422000,239000,438000,226000,195000,645000,467000,237000,
resolution: 207000,194000,163000,201000,341000,473000,461000,261000,341000,245000,296000,322000,300000,239000,350000,241000,349000,391000,419000,364000,315000,175000,216000,181000,301000,354000,332000,218000,195000,199000,251000,298000,361000,371000,182000,192000,240000,231000,540000,160000,160000,195000,241000,291000,204000,168000,284000,276000,542000,187000,249000,279000,387000,349000,396000,403000,573000,413000,485000,264000,603000,541000,760000,671000,342000,563000,330000,352000,225000,288000,
sko_forall: 1929000,1998000,
contraction: 217000,231000,340000,336000,305000,281000,195000,240000,250000,278000,288000,298000,448000,791000,286000,
forall_inst: 1115000,743000,781000,804000,790000,764000,911000,827000,740000,
or_simplify: 550000,
implies_neg1: 256000,259000,176000,230000,409000,348000,255000,
implies_neg2: 244000,271000,139000,239000,232000,853000,270000,
__local_input: 69000,83000,21000,23000,60000,14000,31000,24000,133000,103000,71000,
qnt_rm_unused: 632000,2216000,360000,1359000,
connective_def: 267000,319000,316000,290000,285000,700000,345000,375000,206000,298000,
equiv_simplify: 169000,178000,
implies_simplify: 253000,
__normalized_input: 5887000,5535000,3955000,1497000,427000,412000,626000,
rare_rewrite_eq-refl: 146000,124000,124000,87000,78000,
rare_rewrite_eq-symm: 82000,162000,189000,123000,140000,155000,85000,73000,88000,
rare_rewrite_or-not-refl: 11644000,11688000,11069000,11590000,6225000,6262000,
rare_rewrite_bool-eq-true: 6062000,
rare_rewrite_bool-impl-elim: 7524000,6999000,
rare_rewrite_bool-and-de-morgan: 6968000,7097000,7016000,7044000,6634000,6239000,10957000,11235000,12909000,11448000,5811000,6028000,6202000,6181000,6185000,
rare_rewrite_bool-double-not-elim: 110000,124000,209000,210000,204000,198000,120000,396000,213000,173000,92000,191000,

