1; Draft.Scratch_smt_check_7_22342; 2026-04-10 13:51:40.067;
bind: 371000,374000,352000,361000,400000,378000,357000,333000,483000,527000,486000,457000,482000,465000,497000,530000,515000,522000,519000,
cong: 186000,219000,166000,189000,74000,82000,194000,197000,157000,171000,60000,77000,70000,85000,76000,156000,159000,153000,145000,188000,206000,225000,175000,185000,66000,77000,176000,202000,161000,231000,55000,71000,65000,82000,82000,160000,157000,156000,147000,173000,329000,273000,94000,109000,68000,104000,78000,61000,57000,67000,118000,86000,223000,78000,88000,64000,204000,140000,220000,84000,61000,67000,235000,137000,574000,420000,137000,158000,147000,102000,87000,97000,104000,119000,141000,89000,94000,
refl: 26000,48000,23000,31000,22000,55000,141000,49000,229000,76000,46000,49000,
symm: 162000,171000,179000,168000,170000,181000,179000,220000,314000,301000,289000,
trans: 378000,415000,332000,329000,290000,309000,303000,450000,467000,319000,336000,311000,324000,293000,404000,402000,203000,457000,446000,363000,387000,300000,315000,429000,430000,388000,393000,504000,324000,394000,511000,493000,
equiv1: 207000,
equiv2: 192000,
not_or: 476000,513000,
or_pos: 350000,721000,775000,
implies: 450000,429000,436000,
not_not: 349000,371000,
parsing: 16154000,
aci_simp: 1117000,1367000,1230000,1164000,1554000,1231000,1383000,1548000,
subproof: 1985000,2433000,2367000,
equiv_pos2: 203000,196000,428000,263000,297000,458000,806000,94000,240000,239000,
reordering: 415000,1029000,1218000,569000,
resolution: 235000,357000,462000,337000,580000,514000,617000,683000,438000,369000,640000,279000,319000,442000,407000,307000,362000,496000,449000,513000,597000,724000,541000,502000,590000,448000,699000,629000,644000,442000,607000,
contraction: 635000,594000,606000,
forall_inst: 1100000,1167000,1907000,1693000,1549000,
implies_neg1: 527000,1102000,547000,
implies_neg2: 646000,563000,556000,
__local_input: 304000,586000,286000,
connective_def: 410000,395000,
equiv_simplify: 268000,275000,
__normalized_input: 34785000,13514000,10137000,8753000,6290000,3963000,3907000,3841000,3843000,3813000,3789000,4274000,
rare_rewrite_eq-symm: 197000,215000,221000,199000,223000,191000,212000,214000,189000,216000,250000,273000,264000,383000,382000,421000,404000,
rare_rewrite_bool-impl-elim: 6772000,8365000,27327000,
rare_rewrite_bool-and-de-morgan: 6311000,7694000,6610000,6788000,6772000,7784000,6767000,7230000,

