1; Draft.Scratch_smt_check_7_21874; 2026-04-10 13:51:56.019;
bind: 281000,323000,197000,211000,226000,178000,186000,173000,178000,193000,170000,252000,317000,315000,290000,325000,328000,305000,353000,348000,250000,342000,312000,310000,331000,322000,300000,391000,343000,353000,328000,304000,342000,337000,312000,379000,348000,252000,246000,318000,342000,307000,321000,319000,329000,368000,353000,326000,325000,300000,328000,334000,324000,375000,334000,242000,
cong: 113000,89000,62000,72000,83000,100000,88000,64000,60000,71000,68000,60000,79000,94000,71000,68000,73000,92000,120000,91000,70000,83000,150000,60000,86000,177000,135000,149000,59000,87000,176000,123000,285000,201000,83000,147000,78000,78000,47000,43000,77000,74000,66000,75000,48000,66000,75000,73000,51000,46000,59000,78000,43000,67000,72000,54000,56000,150000,60000,84000,59000,180000,134000,150000,57000,82000,57000,182000,130000,285000,201000,86000,158000,165000,92000,96000,188000,137000,171000,66000,111000,181000,134000,287000,228000,87000,159000,77000,79000,87000,82000,83000,57000,55000,82000,76000,463000,119000,66000,75000,57000,78000,81000,58000,52000,163000,57000,84000,57000,190000,135000,157000,57000,82000,56000,176000,135000,283000,201000,100000,160000,148000,61000,81000,77000,176000,133000,153000,63000,81000,66000,183000,137000,277000,242000,86000,150000,64000,77000,78000,79000,51000,55000,505000,
refl: 26000,22000,20000,34000,18000,24000,22000,32000,23000,26000,42000,23000,42000,27000,43000,23000,41000,23000,22000,22000,27000,42000,22000,54000,27000,42000,23000,49000,31000,53000,33000,52000,27000,44000,27000,54000,24000,33000,23000,26000,44000,23000,53000,27000,42000,24000,46000,28000,45000,24000,42000,29000,44000,23000,46000,24000,99000,106000,
symm: 120000,120000,117000,150000,112000,106000,118000,112000,108000,130000,195000,119000,132000,114000,128000,157000,117000,114000,116000,205000,129000,127000,117000,102000,124000,
trans: 274000,208000,197000,174000,196000,178000,148000,183000,175000,154000,290000,287000,262000,281000,293000,287000,265000,286000,155000,321000,159000,208000,158000,129000,159000,298000,302000,266000,294000,303000,302000,258000,308000,159000,341000,325000,302000,282000,312000,323000,315000,304000,302000,161000,343000,162000,233000,301000,300000,280000,297000,294000,302000,267000,302000,170000,333000,292000,281000,295000,286000,306000,356000,266000,295000,164000,320000,
equiv1: 154000,424000,177000,178000,427000,163000,173000,
equiv2: 177000,156000,179000,166000,185000,217000,194000,165000,191000,
or_neg: 286000,284000,281000,278000,289000,295000,283000,296000,347000,294000,
or_pos: 296000,331000,310000,326000,332000,340000,413000,308000,322000,300000,330000,
and_pos: 205000,309000,406000,526000,266000,291000,287000,223000,286000,291000,295000,294000,282000,289000,214000,309000,298000,302000,325000,209000,300000,289000,287000,294000,203000,
implies: 174000,325000,324000,496000,332000,328000,495000,332000,
not_and: 321000,311000,
not_not: 169000,175000,174000,180000,186000,167000,206000,
parsing: 41835000,
aci_simp: 1137000,1163000,1097000,1183000,1165000,1164000,1181000,1196000,1175000,1194000,1181000,1224000,1164000,1433000,1107000,
evaluate: 268000,249000,
subproof: 1088000,1707000,1427000,1748000,1562000,1856000,1349000,1752000,1470000,1849000,
and_intro: 393000,367000,
equiv_pos1: 43000,58000,
equiv_pos2: 155000,99000,92000,90000,139000,131000,166000,168000,328000,181000,36000,55000,54000,52000,66000,59000,53000,41000,43000,127000,179000,172000,344000,179000,30000,170000,174000,347000,189000,127000,41000,38000,62000,54000,270000,78000,121000,42000,58000,167000,186000,343000,185000,28000,164000,175000,345000,179000,122000,38000,56000,518000,
reordering: 373000,282000,466000,525000,1525000,379000,291000,462000,1726000,391000,283000,505000,252000,305000,364000,8371000,1155000,379000,280000,478000,1245000,385000,268000,462000,
resolution: 257000,233000,237000,304000,227000,256000,242000,211000,270000,236000,201000,261000,283000,294000,294000,198000,266000,325000,211000,278000,306000,362000,323000,412000,489000,578000,364000,330000,210000,209000,256000,215000,212000,275000,302000,374000,230000,245000,221000,238000,294000,887000,2986000,313000,339000,400000,370000,1604000,198000,200000,230000,228000,236000,229000,235000,267000,245000,201000,316000,385000,347000,408000,502000,552000,371000,373000,208000,209000,257000,237000,206000,284000,314000,367000,239000,266000,635000,563000,1787000,333000,376000,371000,433000,532000,585000,392000,370000,212000,223000,266000,247000,224000,259000,321000,356000,250000,223000,285000,261000,259000,260000,401000,670000,1792000,347000,359000,460000,386000,1005000,207000,239000,212000,287000,239000,266000,210000,328000,377000,346000,606000,510000,567000,369000,365000,231000,258000,289000,244000,218000,274000,312000,362000,238000,257000,567000,534000,1077000,328000,348000,353000,404000,479000,549000,358000,353000,210000,222000,273000,229000,197000,256000,284000,382000,254000,201000,286000,260000,280000,
contraction: 245000,442000,1029000,492000,594000,448000,663000,790000,476000,706000,453000,515000,455000,671000,679000,447000,
forall_inst: 825000,769000,751000,693000,796000,860000,743000,853000,745000,815000,960000,830000,890000,772000,933000,877000,880000,812000,904000,810000,958000,803000,892000,890000,963000,827000,844000,777000,811000,
implies_neg1: 205000,466000,438000,439000,427000,645000,423000,438000,424000,688000,
implies_neg2: 203000,442000,297000,468000,604000,489000,307000,465000,599000,447000,
__local_input: 198000,192000,208000,57000,48000,44000,61000,123000,149000,249000,85000,87000,87000,122000,162000,182000,269000,56000,58000,82000,139000,245000,45000,42000,53000,148000,
equiv_simplify: 261000,247000,238000,269000,253000,247000,263000,295000,312000,276000,243000,240000,269000,256000,
implies_simplify: 545000,535000,
__normalized_input: 47844000,28095000,28087000,28557000,27373000,27164000,10164000,6272000,6165000,5821000,3286000,2562000,1325000,1022000,1118000,791000,
rare_rewrite_eq-symm: 233000,120000,171000,125000,136000,120000,112000,146000,143000,153000,112000,151000,121000,141000,140000,158000,129000,125000,149000,161000,178000,154000,171000,163000,131000,150000,188000,183000,149000,179000,169000,
rare_rewrite_bool-impl-elim: 6632000,6670000,6711000,7024000,6871000,6912000,7430000,7187000,7248000,7197000,7723000,7478000,6295000,7140000,6363000,
rare_rewrite_bool-and-de-morgan: 6330000,6386000,6486000,6627000,6975000,6978000,6873000,6766000,6097000,7110000,
rare_rewrite_bool-double-not-elim: 364000,

