1; Draft.Scratch_smt_check_7_28552; 2026-04-10 13:51:55.058;
bind: 439000,386000,409000,405000,380000,414000,389000,423000,477000,441000,439000,207000,208000,218000,223000,
cong: 75000,51000,92000,75000,103000,144000,121000,64000,69000,84000,144000,69000,116000,111000,140000,206000,82000,103000,73000,78000,101000,106000,93000,135000,70000,75000,105000,85000,123000,69000,74000,201000,135000,115000,100000,137000,111000,87000,130000,232000,145000,111000,78000,85000,166000,87000,68000,82000,122000,67000,74000,82000,64000,49000,50000,50000,65000,53000,76000,47000,51000,64000,52000,75000,45000,68000,146000,85000,286000,
refl: 36000,35000,36000,36000,23000,22000,
symm: 242000,238000,272000,283000,252000,279000,236000,253000,264000,256000,243000,265000,366000,317000,310000,246000,246000,267000,246000,255000,127000,134000,130000,124000,140000,137000,162000,150000,
trans: 180000,213000,216000,272000,291000,271000,373000,296000,264000,384000,276000,288000,289000,434000,483000,337000,353000,364000,281000,274000,349000,289000,299000,144000,193000,145000,161000,198000,146000,176000,
equiv1: 945000,
equiv2: 476000,373000,
or_neg: 207000,237000,507000,608000,521000,508000,
and_pos: 514000,507000,515000,622000,537000,530000,505000,569000,
implies: 309000,333000,520000,393000,830000,208000,
not_and: 527000,
not_not: 377000,
parsing: 6757000,
evaluate: 478000,
subproof: 2179000,2319000,2259000,2350000,2215000,2798000,1319000,
and_intro: 552000,
equiv_pos2: 54000,160000,166000,184000,143000,144000,276000,148000,146000,307000,175000,107000,51000,102000,98000,78000,80000,142000,228000,
not_equiv2: 178000,
reordering: 426000,1796000,1925000,
resolution: 272000,265000,216000,300000,314000,349000,471000,488000,418000,569000,539000,407000,672000,435000,529000,552000,577000,564000,413000,495000,1115000,2830000,567000,591000,794000,660000,1740000,533000,416000,450000,507000,542000,592000,636000,449000,504000,553000,449000,421000,560000,521000,932000,967000,1937000,515000,441000,535000,252000,284000,322000,341000,372000,267000,315000,
contraction: 261000,391000,413000,525000,1046000,647000,975000,589000,969000,1135000,311000,
forall_inst: 1563000,1525000,1437000,1476000,1266000,819000,
implies_neg1: 368000,364000,431000,476000,771000,243000,506000,
implies_neg2: 358000,364000,445000,515000,453000,969000,256000,
__local_input: 70000,205000,264000,325000,114000,149000,165000,219000,125000,63000,68000,89000,182000,
equiv_simplify: 539000,596000,
implies_simplify: 881000,
__normalized_input: 9943000,9410000,8214000,1467000,577000,830000,584000,758000,
rare_rewrite_eq-symm: 142000,244000,267000,343000,325000,364000,350000,331000,407000,308000,286000,179000,171000,193000,
rare_rewrite_bool-double-not-elim: 339000,340000,226000,

