1; Draft.Scratch_smt_check_7_7394; 2026-04-10 13:51:27.329;
bind: 321000,300000,323000,299000,318000,310000,347000,305000,328000,303000,371000,370000,398000,340000,380000,390000,361000,376000,337000,333000,306000,369000,318000,358000,323000,343000,345000,399000,387000,406000,371000,395000,421000,402000,352000,347000,357000,353000,381000,346000,344000,321000,351000,309000,396000,423000,386000,370000,470000,627000,590000,769000,851000,681000,
cong: 112000,109000,243000,119000,107000,115000,115000,243000,117000,116000,349000,209000,157000,222000,90000,101000,245000,112000,198000,129000,114000,190000,127000,112000,308000,191000,275000,307000,328000,230000,276000,232000,228000,112000,127000,111000,250000,122000,164000,120000,124000,241000,115000,113000,373000,209000,164000,230000,91000,111000,382000,179000,232000,108000,457000,114000,69000,117000,194000,134000,126000,235000,133000,121000,299000,199000,275000,313000,325000,240000,273000,278000,236000,112000,129000,185000,144000,113000,208000,126000,116000,293000,213000,128000,121000,252000,117000,112000,270000,310000,332000,241000,294000,244000,224000,110000,121000,175000,472000,205000,173000,457000,501000,507000,390000,430000,364000,371000,163000,358000,210000,145000,295000,87000,116000,256000,307000,
refl: 29000,29000,28000,21000,26000,28000,23000,30000,86000,95000,36000,29000,34000,31000,24000,28000,31000,29000,209000,93000,94000,37000,83000,95000,32000,37000,46000,58000,28000,23000,27000,29000,23000,33000,84000,61000,
symm: 272000,197000,235000,214000,
trans: 267000,190000,261000,186000,264000,201000,274000,205000,317000,292000,185000,194000,194000,294000,190000,318000,276000,297000,220000,191000,310000,286000,297000,221000,195000,190000,325000,362000,368000,378000,353000,361000,381000,298000,226000,204000,202000,272000,189000,295000,187000,274000,190000,288000,199000,350000,402000,211000,191000,278000,303000,301000,454000,226000,267000,222000,199000,207000,212000,279000,205000,314000,292000,334000,222000,212000,324000,326000,328000,233000,198000,206000,331000,375000,377000,378000,366000,358000,362000,348000,224000,218000,230000,229000,271000,191000,316000,274000,303000,222000,184000,313000,295000,302000,218000,200000,279000,195000,277000,219000,198000,341000,374000,376000,388000,344000,351000,372000,313000,253000,207000,198000,279000,204000,518000,359000,361000,627000,732000,694000,696000,640000,656000,683000,586000,407000,380000,354000,322000,263000,187000,196000,226000,
equiv1: 397000,194000,168000,
not_or: 372000,480000,350000,542000,541000,518000,386000,367000,511000,670000,947000,
or_neg: 307000,301000,315000,
or_pos: 279000,291000,343000,284000,302000,284000,427000,314000,357000,289000,298000,532000,
and_pos: 281000,290000,315000,316000,311000,311000,
implies: 269000,316000,273000,300000,265000,322000,276000,299000,329000,445000,310000,258000,302000,520000,
not_and: 304000,
not_not: 329000,361000,362000,351000,344000,341000,
parsing: 34849000,
aci_simp: 1031000,1236000,1232000,1512000,1192000,1260000,1283000,1236000,1405000,2106000,1174000,1729000,7338000,1304000,1581000,1294000,1521000,2607000,2405000,2334000,1440000,
evaluate: 202000,454000,355000,481000,211000,285000,316000,475000,681000,200000,386000,
subproof: 1659000,2041000,1734000,2060000,1233000,1287000,1922000,2054000,2017000,2452000,1436000,2051000,1899000,2740000,3101000,
and_intro: 225000,321000,
poly_simp: 1917000,1910000,1941000,2000000,2302000,1862000,3534000,3476000,1964000,1802000,1915000,1987000,2697000,2644000,2900000,2256000,1948000,2114000,2044000,1910000,2038000,2218000,3920000,3829000,2537000,1599000,1810000,1973000,2401000,8363000,2430000,2222000,2282000,3327000,3305000,4179000,2546000,5467000,2258000,1928000,2001000,1901000,2001000,2404000,3248000,3723000,3306000,2437000,2324000,3833000,3404000,4778000,5040000,4889000,3494000,3538000,3419000,2191000,
equiv_pos2: 159000,162000,287000,156000,162000,273000,378000,164000,194000,197000,350000,333000,67000,157000,199000,290000,158000,160000,285000,402000,93000,107000,178000,94000,92000,166000,195000,195000,375000,341000,68000,86000,159000,200000,201000,362000,69000,153000,164000,328000,309000,284000,405000,530000,493000,402000,300000,
la_generic: 15567000,
reordering: 322000,335000,422000,301000,322000,803000,316000,339000,414000,354000,381000,1089000,401000,329000,341000,328000,662000,
resolution: 237000,258000,289000,257000,294000,360000,387000,436000,460000,282000,340000,377000,429000,562000,565000,326000,280000,245000,283000,353000,400000,448000,457000,331000,379000,439000,253000,295000,340000,214000,300000,363000,401000,431000,515000,563000,367000,398000,540000,527000,659000,351000,347000,475000,400000,801000,168000,267000,264000,244000,294000,279000,238000,385000,267000,266000,299000,259000,285000,375000,386000,439000,463000,294000,370000,393000,565000,590000,577000,395000,278000,255000,285000,380000,401000,437000,466000,285000,367000,425000,229000,354000,267000,341000,256000,267000,314000,385000,248000,312000,395000,471000,432000,531000,636000,366000,388000,535000,879000,858000,1082000,318000,290000,382000,233000,336000,397000,389000,427000,545000,566000,356000,419000,261000,317000,269000,319000,371000,393000,447000,462000,302000,421000,411000,535000,438000,600000,684000,340000,318000,266000,300000,425000,698000,803000,845000,537000,618000,715000,925000,
contraction: 372000,489000,371000,434000,508000,405000,479000,255000,369000,511000,391000,460000,588000,626000,443000,387000,504000,823000,
forall_inst: 860000,867000,904000,863000,942000,857000,875000,951000,972000,916000,1007000,1016000,907000,1575000,930000,
la_mult_neg: 562000,
implies_neg1: 349000,353000,450000,451000,365000,414000,477000,197000,419000,420000,417000,362000,688000,476000,575000,
implies_neg2: 338000,479000,353000,420000,296000,172000,336000,495000,333000,423000,607000,429000,339000,495000,663000,
not_implies1: 185000,181000,168000,
not_implies2: 291000,311000,343000,306000,566000,
__local_input: 416000,294000,264000,300000,365000,371000,286000,148000,266000,45000,76000,235000,279000,288000,356000,340000,58000,51000,168000,
poly_simp_rel: 1056000,1079000,1084000,1331000,1105000,1132000,1113000,1168000,1137000,1171000,1164000,1122000,1252000,1174000,1254000,1256000,1678000,1564000,1075000,1203000,1321000,1620000,1291000,1165000,1106000,1110000,1173000,1175000,1148000,1304000,1134000,1267000,1294000,2125000,2014000,2112000,2106000,2117000,
connective_def: 466000,492000,520000,894000,
equiv_simplify: 241000,
miniscope_split: 493000,522000,611000,947000,
implies_simplify: 490000,277000,
__normalized_input: 1928000,678000,696000,846000,763000,1073000,
rare_rewrite_eq-symm: 187000,200000,236000,247000,220000,233000,199000,223000,248000,
rare_rewrite_arith-elim-gt: 15564000,
rare_rewrite_arith-elim-lt: 7219000,7157000,
rare_rewrite_arith-elim-leq: 6072000,6059000,13231000,6364000,6027000,6255000,6245000,6220000,6353000,6481000,13728000,6459000,6352000,6535000,7177000,6534000,6670000,6957000,6793000,7369000,7768000,12211000,12248000,6777000,6266000,6727000,6461000,7042000,6416000,7371000,6991000,7435000,37459000,12061000,12010000,11719000,11656000,11741000,
rare_rewrite_bool-impl-elim: 6134000,5915000,6120000,6453000,6067000,6715000,6349000,8447000,6364000,6984000,7299000,6631000,7379000,8549000,6850000,6742000,6840000,6613000,6617000,6813000,12400000,
rare_rewrite_bool-and-de-morgan: 6057000,5974000,6268000,6680000,6449000,6351000,6794000,7289000,6406000,6157000,6963000,7157000,12322000,14190000,
rare_rewrite_bool-double-not-elim: 212000,160000,239000,160000,217000,171000,399000,338000,237000,

