1; Draft.Scratch_smt_check_7_21542; 2026-04-10 13:48:26.087;
cong: 118000,103000,50000,105000,161000,243000,131000,
symm: 127000,138000,242000,
false: 12000,
trans: 149000,136000,136000,123000,311000,281000,296000,188000,
equiv1: 220000,
implies: 305000,
parsing: 1559000,
evaluate: 441000,266000,409000,463000,602000,
and_intro: 111000,
poly_simp: 2424000,4140000,
equiv_pos2: 77000,140000,126000,129000,173000,
la_generic: 10121000,
resolution: 104000,154000,223000,178000,192000,270000,298000,367000,366000,
la_mult_neg: 431000,
poly_simp_rel: 1043000,
equiv_simplify: 298000,
__normalized_input: 869000,944000,
rare_rewrite_arith-elim-gt: 11390000,
rare_rewrite_arith-elim-lt: 6097000,11376000,11742000,
rare_rewrite_arith-elim-leq: 22016000,11317000,

