1; Draft.Scratch_smt_check_7_32578; 2026-04-10 13:48:26.578;
cong: 140000,121000,292000,164000,87000,102000,192000,67000,88000,131000,126000,150000,71000,275000,265000,143000,137000,134000,692000,
refl: 45000,24000,45000,75000,40000,128000,
trans: 229000,212000,239000,217000,173000,230000,385000,439000,
equiv1: 335000,
equiv2: 208000,
or_neg: 275000,296000,303000,
and_neg: 658000,
and_pos: 270000,277000,
implies: 263000,
not_not: 183000,
parsing: 3905000,
subproof: 1303000,
poly_simp: 2222000,1998000,2447000,2206000,2183000,3349000,3458000,
equiv_pos2: 123000,167000,107000,119000,288000,716000,
reordering: 380000,562000,
resolution: 201000,303000,317000,297000,510000,638000,451000,422000,375000,568000,202000,234000,288000,277000,659000,
contraction: 532000,371000,388000,
implies_neg1: 784000,
implies_neg2: 337000,
__local_input: 85000,144000,
poly_simp_rel: 1237000,1147000,1140000,1213000,1145000,1999000,1979000,
equiv_simplify: 316000,510000,
__normalized_input: 2811000,2752000,2460000,2994000,
rare_rewrite_bool-double-not-elim: 407000,

