1; Draft.Scratch_smt_check_7_26743; 2026-04-10 13:48:26.081;
cong: 105000,103000,70000,130000,120000,115000,143000,214000,134000,
refl: 47000,
symm: 106000,215000,219000,
false: 13000,
trans: 137000,122000,155000,211000,218000,232000,227000,248000,260000,245000,244000,207000,
equiv1: 175000,
implies: 257000,
parsing: 1750000,
evaluate: 495000,648000,251000,440000,434000,478000,
and_intro: 109000,
poly_simp: 3485000,4586000,4507000,
equiv_pos2: 64000,128000,134000,125000,168000,
la_generic: 10515000,
resolution: 108000,170000,209000,175000,207000,278000,360000,319000,427000,
la_mult_neg: 536000,
poly_simp_rel: 15049000,2013000,
equiv_simplify: 324000,
__normalized_input: 1027000,1188000,
rare_rewrite_arith-elim-gt: 12257000,
rare_rewrite_arith-elim-lt: 6447000,12131000,26310000,
rare_rewrite_arith-elim-leq: 12122000,11963000,
rare_rewrite_bool-double-not-elim: 251000,

