1; Draft.Scratch_smt_check_7_10819; 2026-04-10 13:43:16.533;
bind: 181000,159000,259000,239000,145000,427000,415000,231000,239000,
cong: 125000,99000,171000,185000,152000,176000,159000,111000,296000,267000,310000,235000,187000,467000,357000,138000,
refl: 39000,32000,33000,59000,53000,49000,
symm: 85000,
false: 12000,
trans: 93000,105000,125000,220000,198000,217000,177000,185000,161000,107000,115000,405000,390000,358000,304000,302000,268000,162000,189000,379000,159000,201000,
equiv2: 112000,180000,
or_pos: 260000,347000,
implies: 140000,170000,
not_not: 218000,
parsing: 44742000,
aci_simp: 977000,1091000,1001000,973000,1179000,2108000,1815000,1811000,1836000,1787000,
evaluate: 308000,288000,
not_symm: 88000,
subproof: 1011000,3118000,
equiv_pos1: 68000,95000,
equiv_pos2: 150000,191000,116000,205000,391000,603000,53000,
reordering: 363000,373000,286000,429000,
resolution: 88000,127000,144000,205000,276000,250000,210000,146000,147000,134000,228000,155000,250000,283000,268000,180000,165000,142000,204000,208000,247000,324000,304000,12640000,919000,610000,452000,351000,
contraction: 234000,390000,
forall_inst: 696000,819000,592000,612000,644000,646000,1357000,
implies_neg1: 181000,565000,
implies_neg2: 192000,529000,
__local_input: 34000,124000,
qnt_rm_unused: 207000,
equiv_simplify: 200000,351000,
__normalized_input: 1312000,1380000,1088000,1154000,1158000,778000,795000,651000,819000,
rare_rewrite_eq-symm: 134000,108000,78000,147000,
rare_rewrite_bool-or-taut2: 27560000,
rare_rewrite_bool-impl-elim: 6037000,6175000,6187000,11675000,12014000,
rare_rewrite_bool-and-de-morgan: 6134000,6436000,6569000,5704000,11579000,11665000,11249000,

