1; Draft.Scratch_smt_check_7_30208; 2026-04-10 13:49:35.540;
bind: 488000,395000,563000,291000,418000,389000,410000,308000,361000,176000,229000,206000,178000,338000,184000,156000,
cong: 192000,201000,175000,188000,249000,97000,87000,119000,171000,123000,190000,116000,199000,182000,167000,168000,103000,172000,72000,57000,151000,95000,77000,112000,142000,
refl: 42000,42000,74000,40000,58000,17000,32000,
symm: 208000,207000,159000,114000,137000,
trans: 381000,354000,381000,360000,368000,313000,326000,506000,428000,303000,252000,235000,231000,403000,303000,360000,237000,308000,157000,153000,228000,158000,199000,152000,
choice: 26000,58000,
equiv1: 265000,123000,148000,
equiv2: 263000,118000,
or_neg: 282000,329000,266000,172000,174000,153000,164000,199000,
or_pos: 457000,498000,466000,272000,226000,236000,321000,
implies: 151000,
parsing: 21696000,
aci_simp: 1916000,1807000,2068000,1134000,
subproof: 1310000,
equiv_pos1: 89000,
equiv_pos2: 226000,362000,160000,164000,65000,264000,96000,94000,228000,104000,132000,122000,64000,114000,109000,
reordering: 591000,615000,344000,400000,686000,592000,194000,361000,279000,305000,400000,
resolution: 421000,361000,337000,339000,612000,510000,330000,337000,415000,513000,511000,377000,318000,425000,313000,457000,550000,461000,559000,357000,327000,548000,556000,443000,495000,250000,285000,247000,323000,352000,180000,200000,213000,176000,242000,171000,226000,278000,322000,269000,256000,240000,276000,291000,229000,241000,255000,306000,
sko_forall: 1070000,935000,
contraction: 412000,218000,235000,210000,
forall_inst: 1366000,1212000,1537000,1483000,1390000,1566000,1455000,1115000,752000,920000,834000,738000,
implies_neg1: 164000,
implies_neg2: 177000,
__local_input: 87000,
connective_def: 486000,431000,218000,224000,
equiv_simplify: 358000,372000,176000,193000,224000,
__normalized_input: 7850000,7994000,7663000,7281000,1408000,1140000,1299000,853000,850000,495000,517000,491000,741000,
rare_rewrite_eq-symm: 229000,199000,270000,220000,159000,129000,129000,
rare_rewrite_bool-impl-elim: 17871000,11906000,6623000,6493000,6573000,
rare_rewrite_bool-and-de-morgan: 11703000,11963000,11917000,11731000,6082000,
rare_rewrite_bool-double-not-elim: 389000,206000,160000,126000,164000,

