1; Draft.Scratch_smt_check_7_350; 2026-04-10 13:49:30.893;
and: 109000,125000,138000,
bind: 617000,394000,205000,154000,
cong: 240000,176000,122000,121000,93000,63000,55000,57000,71000,61000,52000,75000,55000,
refl: 74000,29000,125000,20000,17000,21000,16000,
symm: 127000,99000,115000,
false: 58000,
trans: 293000,369000,405000,308000,218000,237000,228000,204000,212000,161000,163000,
equiv2: 149000,128000,
or_pos: 332000,270000,
not_not: 155000,
parsing: 9803000,
aci_simp: 2045000,1159000,1104000,
evaluate: 286000,
equiv_pos2: 200000,244000,108000,55000,37000,54000,90000,48000,
reordering: 476000,324000,
resolution: 273000,364000,326000,502000,548000,531000,366000,458000,350000,191000,248000,219000,230000,225000,228000,187000,274000,242000,
forall_inst: 823000,1077000,793000,763000,
equiv_simplify: 216000,236000,
__normalized_input: 15419000,14981000,2695000,2113000,2076000,2024000,1919000,1726000,1803000,1613000,1660000,1709000,
rare_rewrite_eq-symm: 141000,157000,138000,
rare_rewrite_bool-impl-elim: 9558000,7669000,
rare_rewrite_bool-and-de-morgan: 11969000,6864000,7123000,6878000,

