1; Draft.Scratch_smt_check_7_22029; 2026-04-10 13:46:35.503;
bind: 240000,246000,224000,222000,248000,273000,223000,234000,195000,169000,184000,148000,209000,221000,179000,160000,160000,180000,184000,185000,164000,150000,186000,189000,211000,168000,221000,312000,290000,304000,301000,181000,289000,271000,287000,280000,192000,312000,298000,324000,302000,193000,290000,489000,490000,548000,336000,550000,518000,553000,548000,190000,289000,268000,301000,261000,199000,
cong: 75000,105000,159000,139000,114000,137000,121000,133000,101000,89000,166000,141000,106000,129000,123000,128000,93000,51000,229000,188000,285000,250000,132000,91000,65000,61000,122000,111000,113000,278000,243000,121000,88000,62000,58000,119000,107000,101000,71000,69000,279000,215000,107000,118000,110000,121000,95000,147000,149000,90000,141000,87000,54000,147000,85000,160000,67000,53000,247000,169000,82000,54000,171000,131000,133000,176000,131000,123000,276000,218000,156000,91000,142000,66000,56000,150000,89000,144000,72000,54000,250000,171000,96000,53000,172000,134000,210000,269000,211000,205000,493000,343000,201000,121000,191000,120000,202000,235000,135000,270000,114000,90000,240000,139000,234000,114000,81000,331000,176000,81000,60000,165000,138000,138000,172000,138000,125000,273000,214000,238000,
refl: 30000,30000,75000,45000,78000,36000,31000,97000,38000,80000,31000,35000,23000,25000,27000,55000,46000,48000,43000,45000,18000,26000,28000,48000,62000,47000,45000,47000,17000,27000,42000,48000,48000,83000,79000,111000,85000,46000,19000,25000,29000,42000,59000,
symm: 95000,104000,175000,98000,185000,98000,104000,49000,96000,202000,168000,193000,
trans: 222000,218000,180000,196000,203000,185000,132000,224000,229000,195000,201000,166000,187000,128000,167000,144000,176000,178000,101000,101000,114000,164000,145000,173000,172000,144000,173000,172000,172000,250000,197000,207000,132000,258000,187000,211000,135000,128000,244000,202000,215000,187000,204000,249000,198000,215000,191000,204000,145000,250000,188000,208000,130000,257000,200000,214000,137000,135000,239000,202000,216000,201000,204000,460000,370000,461000,376000,371000,477000,355000,409000,226000,462000,395000,393000,228000,189000,254000,201000,227000,193000,204000,248000,203000,231000,193000,209000,
choice: 75000,
equiv1: 161000,84000,314000,160000,95000,
equiv2: 79000,85000,105000,105000,263000,273000,101000,
or_neg: 140000,151000,129000,128000,142000,114000,148000,145000,156000,158000,139000,149000,130000,125000,137000,118000,128000,144000,119000,137000,151000,136000,192000,197000,218000,
or_pos: 174000,292000,192000,173000,178000,286000,218000,174000,179000,188000,286000,187000,188000,243000,172000,163000,263000,228000,191000,300000,522000,395000,185000,173000,279000,252000,
and_pos: 117000,116000,119000,121000,113000,123000,110000,125000,221000,226000,219000,406000,447000,452000,
implies: 237000,258000,255000,195000,244000,227000,249000,226000,485000,704000,417000,260000,
not_and: 169000,192000,
not_not: 102000,276000,
parsing: 79454000,
aci_simp: 1129000,1060000,1101000,1042000,1094000,974000,1020000,1084000,983000,971000,1071000,1065000,1095000,992000,1850000,2098000,2010000,1859000,2130000,2049000,1108000,990000,1016000,1372000,1014000,958000,
evaluate: 166000,290000,
subproof: 1211000,1916000,1090000,1879000,1110000,1896000,1681000,1914000,1171000,1689000,3497000,2456000,3233000,1921000,
and_intro: 184000,459000,
equiv_pos2: 76000,150000,154000,285000,346000,122000,159000,96000,116000,122000,98000,349000,115000,106000,94000,111000,109000,92000,26000,93000,1379000,96000,121000,109000,115000,109000,118000,118000,208000,202000,311000,98000,186000,191000,486000,104000,199000,212000,310000,104000,355000,384000,698000,199000,141000,48000,141000,474000,390000,321000,101000,187000,190000,340000,111000,252000,
reordering: 204000,188000,411000,224000,170000,187000,250000,468000,205000,179000,404000,220000,160000,181000,532000,188000,168000,223000,179000,461000,211000,235000,339000,202000,200000,392000,306000,682000,211000,446000,832000,589000,1648000,209000,216000,409000,326000,
resolution: 176000,216000,236000,250000,289000,321000,384000,401000,253000,286000,198000,275000,345000,347000,453000,555000,384000,172000,210000,155000,235000,267000,170000,229000,267000,178000,206000,244000,150000,269000,274000,214000,251000,446000,1338000,173000,182000,217000,201000,666000,139000,140000,241000,359000,341000,436000,555000,368000,170000,203000,156000,233000,258000,169000,205000,264000,138000,176000,206000,219000,140000,274000,253000,213000,236000,167000,292000,264000,730000,255000,202000,228000,234000,330000,336000,433000,547000,362000,165000,198000,139000,215000,241000,174000,264000,267000,237000,268000,161000,202000,263000,180000,248000,268000,225000,261000,338000,317000,397000,429000,267000,289000,136000,138000,167000,192000,222000,238000,342000,288000,341000,434000,576000,349000,290000,174000,194000,243000,431000,455000,225000,231000,299000,256000,657000,146000,153000,225000,265000,291000,329000,399000,433000,268000,297000,142000,140000,160000,189000,236000,234000,347000,291000,583000,738000,950000,592000,556000,284000,326000,420000,271000,362000,370000,892000,764000,1415000,360000,379000,529000,466000,536000,694000,857000,442000,516000,141000,144000,167000,199000,251000,240000,355000,295000,345000,433000,543000,343000,294000,169000,191000,249000,
sko_forall: 1056000,1056000,1062000,
contraction: 351000,379000,211000,187000,387000,224000,244000,370000,217000,186000,264000,299000,369000,186000,207000,357000,385000,418000,312000,360000,352000,766000,992000,1028000,679000,389000,
forall_inst: 800000,845000,773000,719000,693000,822000,747000,681000,647000,644000,783000,689000,747000,724000,761000,649000,850000,712000,810000,682000,1553000,1338000,1621000,703000,843000,802000,
implies_neg1: 324000,359000,351000,166000,351000,231000,350000,349000,320000,654000,639000,617000,362000,459000,
implies_neg2: 321000,546000,126000,362000,229000,358000,303000,356000,215000,313000,644000,966000,592000,365000,
__local_input: 66000,75000,81000,18000,16000,15000,29000,71000,15000,14000,14000,30000,76000,71000,72000,144000,53000,48000,53000,133000,74000,21000,25000,43000,
equiv_simplify: 155000,187000,175000,164000,183000,342000,385000,455000,210000,181000,
implies_simplify: 243000,406000,
__normalized_input: 6023000,2816000,2765000,2524000,2365000,2117000,1993000,1752000,1650000,1746000,20252000,1935000,979000,775000,915000,
rare_rewrite_eq-symm: 176000,109000,81000,159000,93000,76000,143000,80000,101000,100000,90000,88000,86000,85000,92000,95000,91000,75000,75000,71000,78000,74000,93000,75000,76000,83000,136000,148000,155000,152000,131000,95000,79000,71000,94000,
rare_rewrite_bool-impl-elim: 6523000,6287000,6105000,6350000,5828000,5631000,5814000,14997000,6048000,5977000,5852000,5754000,6165000,6121000,5936000,6075000,6097000,5907000,19100000,12101000,11489000,11836000,11900000,6475000,6223000,6132000,6067000,
rare_rewrite_bool-impl-false1: 6070000,6249000,5620000,5943000,5648000,6162000,
rare_rewrite_bool-and-de-morgan: 15406000,6054000,6140000,5688000,5778000,5665000,5524000,5644000,5843000,5663000,5826000,5773000,5749000,5831000,6554000,11574000,11734000,12973000,11493000,5885000,5920000,6761000,6082000,
rare_rewrite_bool-double-not-elim: 95000,100000,95000,98000,115000,94000,113000,76000,81000,117000,93000,87000,79000,85000,87000,158000,192000,162000,

