1; Draft.Scratch_smt_check_7_1811; 2026-04-10 13:48:00.865;
bind: 233000,670000,653000,392000,252000,1314000,699000,461000,401000,1206000,1333000,722000,377000,
cong: 372000,341000,269000,599000,591000,643000,569000,472000,
refl: 70000,254000,74000,66000,110000,476000,135000,113000,
trans: 639000,600000,620000,553000,585000,957000,1116000,1121000,1162000,1084000,1126000,
equiv1: 175000,316000,
or_pos: 777000,
and_pos: 784000,
implies: 1153000,
parsing: 23023000,
aci_simp: 1600000,2629000,3026000,
subproof: 3776000,
equiv_pos2: 89000,969000,953000,400000,218000,890000,
reordering: 262000,1571000,1055000,1270000,491000,
resolution: 265000,351000,214000,310000,533000,607000,459000,593000,617000,833000,1284000,1165000,629000,766000,333000,474000,885000,
contraction: 1500000,
forall_inst: 2322000,2008000,
implies_neg1: 1395000,
implies_neg2: 1289000,
__local_input: 307000,
miniscope_split: 888000,1649000,
__normalized_input: 40738000,7771000,6719000,6118000,6272000,
rare_rewrite_bool-impl-elim: 6065000,7131000,6749000,20213000,12300000,11848000,12662000,13471000,12496000,11363000,
rare_rewrite_bool-and-de-morgan: 6648000,13037000,

