1; Draft.Scratch_smt_check_7_24836; 2026-04-10 13:48:00.904;
cong: 177000,190000,179000,197000,191000,311000,249000,292000,270000,644000,117000,113000,133000,840000,
refl: 28000,51000,28000,44000,69000,171000,
symm: 201000,224000,282000,206000,230000,115000,
trans: 356000,370000,350000,415000,356000,397000,337000,372000,369000,606000,142000,339000,292000,219000,220000,184000,196000,210000,
equiv1: 1057000,447000,109000,
or_neg: 623000,558000,593000,584000,
and_pos: 707000,668000,615000,675000,297000,338000,337000,342000,
implies: 510000,577000,511000,
not_and: 603000,
parsing: 22478000,
evaluate: 292000,166000,216000,302000,316000,
subproof: 2582000,2120000,1499000,
and_intro: 305000,174000,335000,
poly_simp: 4294000,4336000,4304000,4385000,4299000,4339000,3052000,1621000,1633000,6500000,2409000,2396000,2441000,2746000,
equiv_pos2: 205000,183000,245000,197000,152000,105000,122000,114000,255000,143000,141000,111000,112000,104000,220000,834000,
la_generic: 11755000,
reordering: 2551000,1579000,
resolution: 452000,446000,460000,444000,1309000,3163000,638000,618000,843000,708000,2576000,318000,425000,419000,404000,532000,438000,370000,864000,393000,481000,397000,435000,462000,264000,239000,190000,297000,897000,709000,1340000,273000,299000,297000,
contraction: 1337000,848000,1096000,488000,708000,790000,
la_mult_neg: 588000,417000,
implies_neg1: 241000,519000,1537000,
implies_neg2: 669000,345000,762000,
__local_input: 86000,58000,44000,35000,98000,78000,134000,146000,173000,
poly_simp_rel: 1974000,1964000,2014000,2023000,1924000,2003000,1086000,1085000,1074000,1162000,
equiv_simplify: 183000,
implies_simplify: 1268000,609000,
__normalized_input: 7839000,7958000,7851000,6938000,
rare_rewrite_arith-elim-lt: 11332000,11459000,11796000,6001000,8149000,7928000,6226000,6953000,30765000,
rare_rewrite_arith-elim-leq: 11822000,6302000,6040000,
rare_rewrite_bool-double-not-elim: 562000,434000,219000,423000,

