1; Draft.Scratch_smt_check_7_28532; 2026-04-10 13:43:18.122;
bind: 238000,247000,227000,387000,373000,343000,
cong: 144000,137000,350000,228000,215000,
refl: 46000,40000,101000,79000,71000,
trans: 151000,173000,139000,158000,277000,294000,257000,279000,
or_pos: 233000,292000,505000,635000,351000,309000,513000,656000,
implies: 732000,
parsing: 33709000,
aci_simp: 1033000,1018000,2000000,1977000,
subproof: 2530000,
equiv_pos2: 216000,146000,240000,300000,286000,232000,
reordering: 236000,387000,824000,1131000,1015000,418000,555000,822000,1141000,
resolution: 156000,283000,343000,257000,221000,305000,259000,166000,210000,162000,198000,250000,985000,894000,452000,571000,426000,429000,517000,495000,300000,338000,278000,314000,415000,
contraction: 1074000,
forall_inst: 868000,763000,729000,1302000,1692000,1414000,1287000,1251000,
implies_neg1: 1064000,
implies_neg2: 1133000,
__local_input: 113000,
__normalized_input: 1463000,1555000,1303000,986000,1306000,1829000,
rare_rewrite_bool-impl-elim: 5964000,6638000,18112000,11448000,11186000,11419000,
rare_rewrite_bool-and-de-morgan: 5703000,5745000,11222000,11484000,

