1; Draft.Scratch_smt_check_7_25410; 2026-04-10 13:52:08.324;
bind: 317000,444000,312000,149000,216000,231000,
cong: 120000,73000,74000,136000,149000,194000,147000,144000,113000,68000,81000,88000,222000,111000,109000,96000,99000,69000,40000,39000,53000,87000,92000,453000,
refl: 49000,29000,51000,29000,49000,36000,34000,33000,46000,
symm: 275000,238000,289000,265000,308000,330000,335000,334000,265000,215000,269000,350000,263000,382000,145000,129000,164000,113000,95000,121000,124000,144000,122000,135000,132000,
trans: 341000,256000,322000,331000,335000,400000,272000,270000,355000,387000,167000,167000,169000,181000,170000,150000,125000,159000,164000,155000,164000,
equiv1: 589000,164000,
equiv2: 349000,330000,148000,
or_neg: 710000,680000,710000,661000,669000,663000,666000,687000,
and_pos: 526000,481000,457000,385000,349000,370000,358000,357000,344000,354000,360000,
implies: 980000,161000,
not_and: 753000,
not_not: 315000,162000,
parsing: 12248000,
evaluate: 411000,
subproof: 2212000,1421000,1045000,
and_intro: 249000,
poly_simp: 4315000,3011000,3298000,1743000,2145000,1627000,2104000,1603000,2373000,
equiv_pos2: 89000,84000,134000,227000,131000,94000,155000,50000,80000,73000,48000,125000,49000,122000,49000,67000,445000,
reordering: 585000,1158000,3172000,248000,253000,
resolution: 684000,406000,367000,413000,411000,407000,352000,421000,481000,507000,2809000,9069000,673000,503000,603000,554000,1154000,365000,379000,494000,438000,517000,461000,377000,465000,411000,399000,1183000,1002000,2536000,234000,225000,197000,265000,181000,227000,210000,197000,211000,199000,208000,267000,208000,212000,273000,272000,214000,229000,282000,215000,243000,
contraction: 3662000,590000,670000,1261000,1097000,248000,
forall_inst: 1251000,1352000,1371000,1220000,1380000,1497000,1214000,1294000,647000,664000,717000,702000,701000,697000,739000,
implies_neg1: 627000,191000,714000,
implies_neg2: 456000,1201000,183000,
__local_input: 124000,139000,139000,44000,45000,37000,45000,40000,38000,38000,44000,115000,
poly_simp_rel: 1860000,1872000,984000,986000,976000,998000,
equiv_simplify: 491000,474000,222000,250000,
implies_simplify: 799000,
__normalized_input: 1439000,1179000,913000,898000,741000,695000,730000,532000,477000,703000,
rare_rewrite_eq-symm: 277000,259000,127000,
rare_rewrite_bool-eq-false: 11502000,11699000,5564000,5785000,
rare_rewrite_bool-double-not-elim: 165000,

