1; Draft.Scratch_smt_check_7_4107; 2026-04-10 13:46:35.063;
bind: 341000,215000,124000,149000,181000,214000,363000,357000,
cong: 120000,134000,145000,183000,246000,495000,353000,78000,205000,167000,167000,94000,73000,309000,342000,125000,117000,46000,60000,117000,109000,210000,279000,110000,123000,200000,790000,133000,202000,194000,234000,50000,129000,136000,93000,42000,44000,183000,213000,123000,114000,78000,67000,86000,85000,134000,114000,162000,133000,254000,358000,321000,356000,86000,208000,177000,159000,89000,70000,302000,347000,247000,203000,956000,
ite1: 260000,
refl: 61000,92000,26000,48000,54000,18000,29000,102000,100000,31000,14000,27000,31000,57000,212000,59000,24000,49000,198000,246000,
symm: 144000,223000,115000,
true: 59000,
trans: 278000,266000,652000,179000,121000,284000,121000,137000,186000,361000,279000,185000,144000,158000,268000,305000,674000,519000,302000,
choice: 78000,
equiv1: 521000,724000,463000,888000,
equiv2: 392000,137000,137000,
or_neg: 140000,154000,131000,202000,221000,387000,397000,355000,378000,
or_pos: 266000,
and_pos: 425000,485000,507000,475000,481000,496000,428000,466000,
implies: 166000,743000,
not_and: 426000,
not_not: 137000,
parsing: 16071000,
evaluate: 237000,
subproof: 1099000,1422000,1836000,
and_intro: 15927000,
equiv_pos2: 134000,235000,77000,108000,95000,175000,491000,500000,228000,68000,29000,135000,473000,1153000,
reordering: 181000,336000,605000,1875000,2304000,
resolution: 401000,378000,512000,267000,238000,184000,165000,154000,230000,234000,263000,329000,356000,386000,321000,334000,440000,459000,407000,356000,766000,2038000,405000,443000,578000,624000,1413000,176000,177000,287000,363000,165000,225000,222000,1019000,903000,1625000,406000,519000,559000,
sko_forall: 1069000,
contraction: 201000,286000,272000,921000,612000,779000,1100000,1210000,
forall_inst: 667000,
implies_neg1: 218000,776000,2122000,
implies_neg2: 238000,461000,1083000,
__local_input: 57000,27000,52000,76000,42000,105000,148000,62000,97000,
connective_def: 255000,228000,493000,
equiv_simplify: 588000,581000,216000,224000,1164000,
implies_simplify: 904000,
__normalized_input: 6293000,2792000,2889000,2454000,2246000,2263000,
rare_rewrite_ite-eq: 7048000,
rare_rewrite_eq-refl: 262000,257000,508000,
rare_rewrite_eq-symm: 256000,247000,261000,301000,135000,134000,268000,272000,
rare_rewrite_bool-eq-false: 5818000,
rare_rewrite_bool-and-de-morgan: 5878000,6460000,11721000,
rare_rewrite_bool-double-not-elim: 100000,198000,306000,

