1; Draft.Scratch_smt_check_7_3769; 2026-04-10 13:48:00.317;
bind: 482000,538000,412000,450000,253000,291000,277000,307000,245000,269000,280000,280000,
cong: 298000,150000,74000,89000,219000,95000,74000,64000,178000,88000,321000,
refl: 88000,61000,
symm: 142000,102000,106000,
trans: 130000,177000,182000,
equiv1: 241000,155000,
equiv2: 153000,142000,154000,
or_neg: 184000,178000,216000,
or_pos: 352000,183000,184000,232000,181000,210000,176000,186000,193000,
and_pos: 182000,197000,204000,180000,210000,
implies: 317000,180000,297000,176000,
not_and: 154000,195000,156000,164000,
not_not: 134000,139000,
parsing: 14970000,
evaluate: 223000,
subproof: 2723000,1151000,1754000,1467000,1592000,
and_intro: 199000,
equiv_pos2: 286000,291000,448000,244000,156000,128000,149000,152000,159000,236000,32000,127000,142000,150000,154000,215000,342000,
reordering: 434000,206000,230000,441000,210000,223000,239000,660000,197000,221000,233000,
resolution: 350000,378000,387000,448000,481000,561000,587000,368000,456000,300000,314000,366000,531000,334000,351000,508000,212000,393000,425000,217000,229000,256000,249000,407000,165000,174000,192000,162000,191000,174000,210000,292000,185000,219000,292000,222000,188000,234000,291000,277000,331000,352000,230000,303000,373000,353000,688000,178000,172000,175000,187000,218000,289000,179000,220000,280000,208000,184000,310000,290000,275000,332000,353000,224000,309000,268000,
contraction: 593000,367000,251000,271000,300000,367000,399000,279000,
forall_inst: 1432000,5088000,734000,796000,834000,765000,884000,834000,860000,807000,773000,14716000,
implies_neg1: 435000,247000,469000,242000,678000,
implies_neg2: 391000,179000,228000,350000,224000,
__local_input: 162000,142000,57000,106000,144000,52000,37000,129000,
equiv_simplify: 251000,222000,231000,258000,
implies_simplify: 322000,
__normalized_input: 10757000,10741000,1826000,1280000,807000,1258000,
rare_rewrite_eq-symm: 198000,124000,111000,
rare_rewrite_bool-impl-elim: 11605000,11491000,22488000,11608000,6458000,6393000,6696000,7190000,6052000,6317000,6491000,6351000,
rare_rewrite_bool-double-not-elim: 337000,

