1; Draft.Scratch_smt_check_7_26063; 2026-04-10 13:45:31.281;
bind: 149000,154000,242000,275000,239000,277000,
cong: 184000,104000,92000,179000,99000,99000,945000,
refl: 112000,89000,55000,65000,111000,93000,138000,
symm: 254000,114000,125000,164000,190000,183000,116000,125000,176000,223000,230000,
trans: 177000,272000,167000,130000,193000,269000,159000,133000,206000,
equiv1: 281000,330000,
equiv2: 296000,204000,198000,
or_neg: 428000,405000,353000,359000,364000,356000,364000,374000,
and_pos: 204000,14936000,873000,823000,776000,776000,825000,804000,824000,794000,
implies: 995000,
not_and: 417000,
not_not: 192000,185000,
parsing: 22472000,
evaluate: 277000,
subproof: 2202000,2912000,
and_intro: 344000,
equiv_pos2: 106000,109000,188000,194000,47000,185000,213000,1263000,
reordering: 464000,7799000,
resolution: 318000,171000,141000,205000,147000,155000,254000,269000,1861000,6148000,370000,235000,298000,258000,499000,238000,276000,313000,239000,359000,235000,250000,319000,305000,355000,317000,1331000,1065000,5413000,295000,314000,252000,330000,233000,247000,314000,270000,369000,351000,
contraction: 2308000,265000,274000,1457000,2320000,
forall_inst: 687000,1026000,892000,682000,1095000,1366000,1157000,1178000,1191000,1325000,1357000,1153000,1191000,1338000,1372000,
implies_neg1: 547000,1774000,
implies_neg2: 233000,1236000,
__local_input: 56000,78000,79000,44000,59000,34000,59000,46000,58000,47000,
equiv_simplify: 438000,394000,327000,516000,
implies_simplify: 369000,
__normalized_input: 6151000,2035000,1502000,1458000,3563000,1498000,1029000,
rare_rewrite_eq-symm: 94000,117000,188000,165000,175000,171000,
rare_rewrite_bool-double-not-elim: 220000,

