1; Draft.Scratch_smt_check_7_1180; 2026-04-10 13:48:02.403;
cong: 565000,593000,297000,2065000,1229000,482000,537000,274000,2569000,892000,150000,198000,191000,235000,224000,227000,108000,110000,441000,544000,614000,387000,2072000,1190000,377000,394000,250000,165000,108000,381000,391000,281000,282000,416000,182000,199000,84000,75000,89000,234000,196000,85000,69000,88000,160000,186000,207000,88000,75000,90000,383000,465000,250000,161000,103000,387000,390000,279000,282000,616000,183000,292000,89000,75000,91000,232000,234000,86000,76000,97000,159000,187000,205000,83000,74000,93000,592000,906000,433000,2093000,380000,391000,246000,164000,103000,375000,386000,286000,313000,509000,187000,222000,87000,74000,89000,294000,204000,87000,71000,92000,156000,181000,195000,103000,74000,96000,1244000,225000,111000,124000,163000,432000,377000,388000,245000,160000,161000,109000,382000,391000,278000,277000,425000,183000,202000,86000,73000,90000,179000,199000,88000,73000,88000,168000,196000,202000,89000,75000,88000,611000,659000,487000,2703000,383000,465000,253000,165000,164000,104000,420000,670000,301000,301000,523000,184000,227000,94000,74000,96000,185000,201000,87000,76000,96000,165000,187000,200000,86000,81000,89000,1175000,129000,176000,261000,281000,303000,225000,107000,108000,161000,424000,380000,394000,250000,164000,164000,112000,164000,416000,383000,302000,281000,423000,179000,208000,84000,77000,128000,256000,211000,93000,75000,95000,165000,276000,211000,82000,80000,105000,814000,1031000,370000,2492000,660000,668000,465000,308000,182000,102000,179000,378000,462000,309000,293000,493000,212000,238000,86000,75000,102000,287000,332000,88000,76000,99000,159000,209000,200000,85000,75000,112000,963000,
ite1: 154000,150000,151000,
ite2: 137000,147000,148000,
refl: 20000,33000,82000,22000,27000,75000,83000,37000,40000,84000,34000,36000,22000,26000,79000,90000,27000,76000,83000,27000,26000,90000,25000,23000,28000,31000,26000,74000,83000,27000,25000,109000,22000,24000,28000,30000,28000,98000,85000,28000,25000,92000,24000,23000,27000,30000,93000,32000,36000,80000,82000,26000,74000,84000,85000,81000,27000,22000,95000,27000,23000,28000,30000,29000,75000,83000,82000,83000,30000,26000,93000,24000,33000,28000,31000,90000,26000,23000,63000,34000,34000,74000,83000,28000,77000,84000,78000,88000,76000,83000,28000,23000,94000,23000,24000,32000,46000,62000,35000,42000,147000,173000,80000,88000,78000,86000,31000,25000,89000,24000,25000,29000,31000,94000,94000,103000,
symm: 226000,117000,220000,468000,226000,228000,219000,454000,218000,119000,114000,123000,226000,463000,248000,220000,235000,224000,461000,224000,123000,223000,224000,468000,230000,127000,125000,137000,231000,489000,232000,435000,
true: 47000,48000,82000,
trans: 660000,630000,626000,149000,574000,415000,601000,572000,568000,120000,598000,561000,183000,190000,182000,139000,143000,135000,673000,652000,626000,152000,584000,441000,335000,447000,203000,383000,172000,174000,90000,149000,114000,185000,176000,86000,109000,111000,230000,222000,177000,86000,112000,123000,453000,452000,210000,436000,194000,184000,94000,115000,121000,187000,185000,175000,117000,115000,201000,229000,187000,91000,109000,126000,718000,685000,698000,173000,646000,336000,446000,206000,397000,182000,175000,85000,182000,114000,178000,184000,85000,113000,110000,205000,224000,191000,86000,110000,118000,204000,334000,438000,202000,201000,408000,178000,186000,89000,125000,124000,179000,183000,92000,116000,111000,199000,234000,189000,87000,106000,116000,776000,700000,773000,177000,685000,437000,621000,201000,457000,537000,189000,217000,90000,190000,125000,181000,224000,93000,111000,126000,202000,227000,181000,86000,120000,120000,168000,162000,161000,112000,137000,132000,198000,345000,451000,210000,199000,205000,392000,183000,198000,89000,118000,115000,188000,205000,88000,114000,123000,205000,230000,209000,93000,119000,127000,1087000,1034000,1103000,249000,993000,734000,624000,843000,357000,212000,209000,402000,280000,188000,181000,159000,123000,187000,222000,151000,118000,133000,231000,231000,266000,98000,114000,130000,
equiv1: 928000,242000,90000,92000,848000,244000,88000,212000,118000,171000,918000,247000,101000,97000,298000,1018000,107000,95000,310000,95000,90000,293000,298000,944000,106000,291000,299000,94000,112000,94000,332000,320000,225000,170000,306000,934000,231000,296000,306000,289000,168000,576000,300000,302000,
equiv2: 251000,262000,252000,
or_neg: 546000,545000,569000,945000,666000,554000,507000,506000,625000,191000,195000,205000,554000,556000,551000,650000,537000,4023000,578000,563000,761000,591000,569000,604000,560000,645000,540000,214000,199000,210000,547000,543000,547000,643000,
and_pos: 528000,646000,579000,499000,540000,521000,541000,560000,652000,494000,483000,613000,492000,493000,497000,615000,482000,667000,146000,147000,161000,149000,149000,158000,532000,536000,645000,519000,498000,524000,538000,548000,5745000,516000,489000,527000,659000,549000,548000,565000,548000,525000,665000,504000,497000,544000,667000,540000,552000,569000,653000,564000,695000,526000,153000,159000,164000,514000,529000,642000,536000,1042000,1011000,992000,1232000,
implies: 280000,145000,277000,919000,283000,846000,142000,218000,210000,147000,266000,299000,915000,277000,277000,488000,283000,145000,998000,286000,274000,483000,4961000,154000,940000,164000,270000,491000,1717000,
not_and: 624000,539000,200000,566000,672000,576000,211000,549000,
parsing: 198636000,
evaluate: 230000,278000,173000,205000,305000,247000,293000,265000,151000,202000,285000,286000,312000,177000,198000,249000,297000,237000,275000,143000,200000,399000,327000,299000,357000,288000,271000,152000,229000,311000,284000,272000,298000,296000,401000,284000,153000,205000,317000,237000,285000,385000,450000,136000,207000,262000,283000,550000,274000,387000,538000,502000,
subproof: 1424000,1085000,1924000,1378000,1095000,1879000,1032000,5222000,1115000,1403000,1080000,1909000,1611000,1019000,1969000,1387000,1019000,2248000,1086000,1404000,1095000,3499000,
and_intro: 179000,112000,171000,548000,170000,517000,100000,101000,136000,109000,162000,178000,669000,171000,180000,303000,186000,101000,566000,183000,168000,305000,175000,108000,682000,210000,167000,164000,1059000,
poly_simp: 2507000,2620000,2913000,1446000,1392000,1528000,1832000,18059000,2685000,2481000,2517000,3606000,1436000,1617000,1708000,10560000,2673000,2183000,1427000,1529000,4562000,2498000,2661000,2784000,2648000,2944000,1570000,1489000,1500000,1741000,12038000,2727000,2396000,3045000,2419000,1839000,1514000,1509000,1575000,1726000,1531000,1562000,1616000,2697000,1721000,1641000,1697000,2649000,4103000,2614000,3213000,2508000,1849000,1762000,1780000,1736000,1942000,1622000,1686000,1740000,2631000,1570000,1544000,1638000,2610000,12137000,1812000,1942000,2116000,2005000,1812000,2531000,3243000,2593000,1883000,1563000,1507000,1617000,1794000,1579000,1651000,1653000,2621000,1527000,1575000,1665000,2854000,2338000,2533000,2460000,2538000,2641000,3341000,3016000,2489000,1890000,1848000,1566000,1660000,1739000,1763000,1643000,1646000,2948000,1548000,1606000,1661000,2665000,13612000,1859000,1844000,2062000,2149000,2145000,3571000,4371000,4500000,3194000,2251000,1812000,1765000,2021000,1844000,1658000,1705000,1849000,2778000,1543000,1553000,1731000,2205000,1504000,1655000,4524000,3757000,3160000,3068000,3056000,3181000,3377000,3391000,3055000,2637000,1919000,1602000,1632000,1747000,1922000,1646000,1658000,1907000,3001000,1618000,1627000,1752000,4632000,5690000,2851000,2792000,3073000,3131000,14967000,4728000,4565000,5613000,4055000,3717000,3148000,2062000,1852000,1549000,1765000,2776000,1724000,1783000,1897000,2577000,1695000,1796000,2267000,
equiv_pos2: 184000,72000,184000,429000,803000,180000,930000,190000,192000,414000,547000,182000,854000,72000,138000,77000,77000,189000,394000,371000,79000,185000,413000,189000,603000,184000,933000,121000,120000,263000,179000,185000,126000,120000,269000,428000,185000,786000,84000,75000,120000,133000,262000,974000,380000,367000,182000,184000,123000,120000,266000,433000,184000,653000,82000,79000,123000,120000,273000,938000,76000,155000,122000,185000,386000,376000,184000,120000,117000,303000,421000,376000,1069000,378000,123000,119000,266000,1156000,
la_generic: 19353000,15519000,9193000,20913000,21143000,22992000,8752000,26620000,
reordering: 3102000,3738000,2393000,3210000,509000,558000,3269000,3637000,11997000,3910000,3172000,4207000,208000,474000,2430000,6123000,
resolution: 231000,206000,214000,207000,922000,1299000,3520000,616000,631000,908000,656000,2598000,136000,244000,322000,282000,279000,804000,250000,287000,188000,209000,152000,250000,286000,162000,471000,301000,1708000,1487000,3044000,217000,1153000,585000,934000,2610000,567000,574000,856000,597000,1896000,124000,243000,312000,281000,254000,729000,287000,282000,444000,253000,177000,303000,1804000,1356000,2746000,394000,428000,278000,232000,291000,258000,595000,114000,185000,191000,178000,206000,228000,176000,332000,331000,208000,174000,175000,435000,393000,715000,364000,368000,343000,1095000,3567000,601000,616000,931000,704000,2569000,130000,290000,313000,276000,255000,814000,191000,223000,161000,283000,449000,241000,281000,253000,174000,301000,1876000,1447000,3076000,411000,321000,282000,267000,1259000,3735000,720000,700000,912000,807000,2828000,117000,195000,183000,172000,200000,203000,271000,919000,249000,274000,252000,285000,168000,367000,421000,427000,303000,284000,281000,270000,295000,158000,189000,178000,2126000,1808000,3070000,425000,302000,286000,277000,374000,370000,343000,293000,1118000,3535000,614000,627000,951000,666000,2581000,113000,182000,182000,169000,194000,207000,279000,865000,270000,280000,259000,276000,379000,397000,427000,317000,299000,267000,285000,163000,266000,292000,173000,321000,181000,1848000,1602000,3363000,525000,321000,376000,290000,289000,394000,450000,238000,325000,263000,650000,169000,280000,238000,255000,304000,285000,376000,359000,346000,307000,987000,2671000,594000,615000,885000,641000,2000000,131000,250000,299000,275000,247000,757000,244000,295000,469000,445000,321000,306000,311000,272000,278000,307000,334000,284000,499000,2981000,2477000,4424000,759000,502000,359000,344000,313000,284000,
contraction: 1663000,754000,1331000,253000,1397000,1689000,1049000,685000,893000,243000,1278000,1625000,289000,202000,253000,141000,306000,341000,1483000,745000,1064000,252000,1389000,1596000,1500000,869000,1320000,214000,1694000,2020000,1398000,762000,1090000,149000,1590000,1967000,301000,212000,250000,1106000,726000,991000,243000,2812000,3049000,
la_mult_neg: 360000,385000,383000,236000,249000,350000,387000,378000,269000,631000,274000,259000,377000,639000,
la_mult_pos: 238000,241000,393000,560000,348000,373000,381000,557000,
implies_neg1: 266000,978000,1553000,301000,921000,1522000,114000,219000,312000,276000,981000,1489000,117000,1143000,1615000,129000,1064000,1568000,238000,467000,1808000,1460000,
implies_neg2: 596000,182000,1476000,535000,183000,1384000,174000,104000,315000,582000,190000,1505000,627000,134000,1544000,594000,104000,1577000,161000,571000,178000,2773000,
__local_input: 64000,41000,93000,43000,28000,78000,40000,41000,46000,98000,56000,77000,41000,102000,42000,77000,40000,42000,41000,133000,41000,26000,30000,90000,24000,23000,51000,62000,45000,46000,97000,42000,59000,41000,45000,42000,95000,75000,49000,28000,40000,101000,44000,80000,49000,45000,41000,98000,54000,56000,23000,48000,99000,45000,76000,44000,40000,47000,98000,56000,25000,28000,59000,131000,90000,97000,273000,121000,46000,47000,51000,126000,
poly_simp_rel: 1166000,1072000,1074000,1041000,1070000,1073000,1040000,1069000,1055000,1256000,1065000,1138000,1010000,1017000,1062000,1077000,1187000,1159000,1092000,1152000,1236000,1087000,1298000,1109000,1013000,1073000,1120000,1029000,1049000,1056000,1084000,3496000,1153000,1041000,1091000,1097000,1171000,1559000,1463000,1358000,1050000,1191000,1146000,1057000,1215000,1094000,1360000,1233000,1181000,1065000,1100000,1342000,1317000,2130000,2156000,1350000,1240000,1342000,1305000,1077000,
equiv_simplify: 160000,163000,158000,292000,163000,167000,375000,171000,394000,165000,171000,420000,394000,391000,382000,170000,200000,176000,397000,401000,319000,387000,391000,434000,379000,317000,668000,384000,382000,
implies_simplify: 1103000,325000,993000,334000,317000,191000,1118000,335000,1100000,191000,1082000,179000,300000,1071000,344000,
__normalized_input: 804000,892000,1064000,
rare_rewrite_ite-eq: 6480000,6466000,6504000,
rare_rewrite_eq-refl: 176000,179000,191000,187000,184000,184000,181000,183000,180000,216000,181000,182000,327000,205000,195000,
rare_rewrite_ite-not-cond: 6005000,6023000,6233000,6251000,6403000,6206000,6231000,6294000,13350000,6270000,6219000,6303000,6727000,6534000,6209000,6164000,6535000,6913000,6463000,10285000,6782000,
rare_rewrite_arith-elim-lt: 5856000,7205000,9720000,7064000,9341000,5831000,6258000,5906000,5824000,6875000,9685000,5866000,5699000,6558000,6014000,11665000,5713000,7203000,10098000,6284000,5782000,5711000,6217000,5865000,5912000,5744000,7224000,11261000,6425000,6596000,6229000,6363000,6318000,17215000,6657000,6465000,6277000,6472000,7269000,16928000,6902000,6519000,6845000,
rare_rewrite_arith-elim-leq: 6056000,5987000,6041000,6272000,6155000,6568000,6801000,
rare_rewrite_bool-double-not-elim: 121000,104000,115000,468000,

