1; Draft.Scratch_smt_check_7_19020; 2026-04-10 13:45:31.529;
bind: 363000,325000,624000,512000,
cong: 123000,194000,84000,93000,51000,104000,298000,171000,161000,119000,126000,153000,158000,91000,147000,439000,
refl: 56000,23000,78000,36000,34000,125000,
trans: 206000,230000,121000,310000,383000,413000,211000,
equiv1: 146000,313000,482000,
equiv2: 131000,264000,246000,
or_neg: 196000,191000,197000,
or_pos: 193000,317000,319000,211000,365000,569000,608000,
and_neg: 339000,
and_pos: 283000,265000,
implies: 95000,200000,
not_not: 242000,
parsing: 39360000,
aci_simp: 1094000,2067000,
subproof: 961000,2102000,
equiv_pos1: 85000,176000,
equiv_pos2: 121000,262000,91000,249000,97000,500000,414000,182000,477000,
reordering: 258000,353000,499000,308000,464000,259000,358000,722000,485000,687000,1002000,600000,902000,
resolution: 168000,130000,207000,214000,222000,153000,264000,331000,361000,542000,315000,181000,217000,181000,237000,150000,166000,167000,200000,211000,177000,224000,181000,216000,318000,395000,433000,371000,331000,554000,726000,272000,270000,480000,541000,405000,603000,492000,382000,341000,326000,341000,479000,288000,283000,266000,342000,414000,374000,267000,
contraction: 156000,385000,294000,296000,
forall_inst: 635000,945000,893000,877000,773000,644000,771000,1229000,1058000,1627000,1561000,1395000,1419000,1152000,1422000,1121000,
implies_neg1: 140000,439000,
implies_neg2: 125000,251000,
__local_input: 32000,61000,40000,
equiv_simplify: 213000,219000,382000,404000,477000,411000,
__normalized_input: 3378000,3101000,2734000,9944000,855000,689000,916000,
rare_rewrite_eq-symm: 118000,
rare_rewrite_bool-impl-elim: 6631000,6742000,11542000,11310000,
rare_rewrite_bool-and-de-morgan: 6920000,11149000,
rare_rewrite_bool-double-not-elim: 291000,

