1; Draft.Scratch_smt_check_7_23068; 2026-04-10 13:52:19.084;
bind: 233000,176000,184000,163000,243000,259000,246000,255000,239000,254000,241000,251000,189000,329000,474000,366000,382000,347000,438000,427000,516000,496000,246000,260000,
cong: 123000,98000,118000,77000,49000,81000,55000,233000,162000,126000,74000,87000,40000,67000,86000,43000,104000,74000,55000,67000,67000,63000,66000,84000,68000,65000,43000,46000,44000,100000,105000,67000,65000,39000,45000,64000,45000,46000,60000,67000,45000,67000,49000,47000,120000,70000,92000,55000,69000,87000,51000,77000,125000,70000,87000,51000,66000,66000,50000,48000,223000,119000,70000,84000,52000,71000,73000,124000,77000,92000,51000,65000,69000,213000,119000,92000,112000,72000,44000,79000,52000,122000,94000,228000,163000,123000,70000,108000,44000,71000,85000,45000,103000,73000,53000,78000,56000,146000,122000,60000,85000,56000,61000,116000,110000,63000,83000,62000,87000,68000,66000,42000,49000,45000,59000,67000,44000,65000,48000,57000,112000,159000,149000,113000,110000,65000,82000,103000,82000,72000,220000,171000,194000,147000,138000,139000,84000,194000,154000,459000,310000,217000,118000,165000,74000,142000,140000,69000,175000,121000,98000,110000,101000,263000,201000,103000,106000,105000,103000,200000,182000,108000,188000,90000,143000,114000,116000,68000,77000,67000,127000,135000,76000,128000,74000,133000,145000,161000,166000,116000,118000,85000,76000,100000,76000,67000,206000,123000,152000,96000,73000,83000,46000,45000,121000,72000,91000,57000,66000,66000,50000,46000,243000,870000,
refl: 17000,24000,21000,21000,19000,20000,26000,46000,19000,26000,20000,19000,27000,21000,28000,19000,36000,18000,19000,21000,18000,35000,29000,67000,27000,30000,37000,34000,36000,28000,45000,37000,18000,27000,23000,18000,61000,37000,55000,43000,38000,174000,
symm: 110000,93000,98000,110000,91000,100000,96000,102000,97000,97000,99000,99000,190000,137000,119000,158000,129000,111000,97000,105000,101000,209000,277000,250000,297000,231000,374000,245000,344000,299000,266000,214000,208000,227000,214000,287000,240000,204000,211000,102000,101000,99000,105000,
trans: 246000,129000,419000,148000,146000,152000,117000,214000,117000,176000,240000,279000,144000,240000,236000,209000,250000,123000,219000,425000,208000,149000,146000,168000,144000,151000,120000,180000,424000,275000,439000,454000,287000,415000,853000,467000,361000,324000,343000,314000,329000,273000,391000,421000,282000,480000,243000,
equiv1: 350000,481000,
equiv2: 215000,239000,515000,
or_neg: 529000,509000,521000,520000,496000,582000,523000,499000,
and_pos: 270000,279000,1444000,1295000,1384000,1287000,1256000,1683000,1402000,1281000,
implies: 246000,241000,1577000,248000,
not_and: 553000,
not_not: 203000,420000,
parsing: 17362000,
evaluate: 378000,
subproof: 1130000,1130000,1197000,3428000,1151000,
and_intro: 591000,
equiv_pos2: 105000,250000,54000,43000,60000,42000,113000,40000,92000,38000,135000,40000,141000,254000,138000,135000,260000,101000,248000,52000,39000,59000,71000,167000,101000,211000,48000,202000,544000,104000,67000,107000,84000,168000,69000,227000,38000,134000,37000,136000,251000,860000,
reordering: 1025000,551000,13049000,
resolution: 405000,295000,377000,206000,212000,216000,206000,254000,201000,190000,271000,202000,214000,259000,199000,328000,367000,349000,210000,287000,228000,1898000,6361000,525000,266000,336000,293000,468000,174000,203000,206000,260000,324000,374000,345000,207000,268000,223000,272000,287000,352000,210000,236000,200000,178000,227000,210000,395000,467000,412000,1831000,1393000,6878000,418000,510000,519000,588000,697000,431000,488000,397000,378000,580000,408000,383000,475000,382000,484000,478000,199000,322000,380000,350000,248000,268000,243000,
contraction: 340000,2589000,340000,359000,340000,2161000,3398000,343000,
forall_inst: 736000,696000,785000,789000,1295000,1428000,1281000,1384000,788000,
implies_neg1: 318000,321000,728000,319000,1327000,
implies_neg2: 316000,251000,314000,1841000,319000,
__local_input: 183000,185000,113000,176000,138000,49000,44000,47000,41000,40000,96000,108000,60000,
equiv_simplify: 289000,331000,737000,622000,
implies_simplify: 425000,
__normalized_input: 9065000,3972000,2802000,2747000,1367000,1292000,821000,577000,683000,495000,532000,642000,
rare_rewrite_eq-symm: 227000,480000,124000,153000,123000,150000,139000,217000,216000,229000,214000,209000,208000,228000,473000,125000,152000,128000,290000,330000,486000,1091000,296000,339000,271000,290000,322000,470000,219000,221000,
rare_rewrite_bool-double-not-elim: 258000,

