1; Draft.Scratch_smt_check_7_12840; 2026-04-10 13:50:55.061;
bind: 209000,233000,202000,219000,208000,214000,
cong: 122000,116000,339000,136000,192000,248000,193000,84000,81000,164000,197000,330000,120000,180000,104000,192000,115000,241000,251000,79000,116000,222000,78000,126000,102000,138000,85000,219000,140000,187000,330000,105000,193000,107000,262000,295000,126000,182000,547000,900000,692000,1977000,163000,114000,171000,86000,81000,117000,210000,301000,260000,168000,141000,248000,304000,506000,225000,380000,261000,337000,188000,356000,126000,106000,106000,175000,107000,268000,243000,76000,117000,819000,
refl: 29000,38000,28000,29000,30000,87000,95000,26000,30000,56000,74000,30000,27000,37000,87000,99000,32000,42000,35000,31000,48000,28000,60000,67000,33000,50000,43000,48000,49000,40000,172000,196000,40000,28000,26000,60000,66000,65000,102000,84000,119000,60000,51000,
symm: 113000,141000,240000,184000,208000,102000,192000,194000,303000,226000,284000,479000,356000,217000,153000,
trans: 187000,182000,142000,297000,304000,293000,338000,256000,213000,220000,219000,212000,238000,290000,292000,220000,184000,207000,189000,153000,192000,219000,179000,202000,201000,206000,199000,291000,348000,302000,333000,335000,162000,204000,286000,268000,301000,735000,706000,743000,210000,632000,502000,227000,233000,249000,219000,221000,198000,205000,228000,268000,475000,410000,508000,414000,431000,362000,561000,569000,672000,517000,289000,289000,273000,209000,179000,165000,170000,208000,184000,152000,
equiv1: 384000,254000,992000,268000,113000,384000,253000,365000,268000,
or_neg: 564000,668000,563000,586000,549000,549000,559000,
and_pos: 619000,603000,535000,624000,558000,554000,547000,1178000,1201000,1121000,1269000,1176000,1108000,1114000,
implies: 230000,193000,203000,187000,271000,226000,340000,215000,251000,1953000,429000,194000,
not_and: 702000,
parsing: 37499000,
evaluate: 298000,188000,281000,651000,335000,
subproof: 1367000,1169000,1635000,1209000,1132000,1241000,4112000,2271000,1150000,
and_intro: 155000,175000,168000,224000,152000,1227000,
poly_simp: 2050000,1783000,9942000,1886000,2049000,1718000,1728000,2758000,1957000,1986000,3469000,1679000,2169000,2110000,3626000,2498000,2105000,2437000,10775000,1915000,2232000,2019000,2305000,1841000,3109000,2113000,2177000,4105000,2241000,2272000,5159000,1485000,1690000,1704000,2018000,17338000,2153000,3694000,2772000,3485000,4905000,3483000,4524000,3260000,3813000,3396000,3615000,2059000,1708000,1869000,1770000,1775000,1854000,2090000,4787000,3414000,
equiv_pos2: 110000,73000,205000,135000,319000,117000,119000,247000,1377000,245000,138000,119000,117000,208000,91000,109000,129000,332000,238000,129000,161000,651000,158000,158000,252000,321000,267000,639000,204000,118000,109000,120000,267000,70000,908000,
la_generic: 26604000,
reordering: 4963000,10399000,
resolution: 352000,311000,278000,360000,317000,241000,359000,430000,428000,292000,343000,263000,321000,313000,362000,359000,221000,325000,283000,1558000,5628000,625000,929000,953000,724000,3937000,157000,254000,255000,274000,301000,293000,299000,1270000,223000,303000,242000,253000,209000,329000,361000,396000,305000,228000,254000,328000,281000,341000,381000,294000,200000,306000,258000,300000,363000,451000,420000,312000,323000,385000,257000,342000,258000,312000,330000,3055000,2485000,7724000,527000,484000,635000,767000,827000,525000,650000,622000,336000,224000,292000,314000,421000,362000,222000,294000,302000,288000,
contraction: 351000,304000,2298000,823000,1592000,264000,285000,359000,3025000,3985000,639000,299000,
forall_inst: 864000,1225000,821000,912000,1483000,800000,
la_mult_neg: 313000,443000,337000,456000,359000,
implies_neg1: 295000,262000,239000,311000,232000,2100000,552000,260000,1586000,
implies_neg2: 351000,291000,626000,181000,266000,347000,3066000,638000,265000,
__local_input: 158000,208000,137000,154000,143000,98000,115000,59000,133000,91000,89000,141000,193000,161000,64000,64000,50000,69000,38000,41000,148000,
poly_simp_rel: 1145000,1036000,1306000,1059000,1187000,1271000,1180000,1264000,1068000,1059000,1125000,1335000,1154000,1429000,1053000,1416000,1192000,1352000,1327000,1110000,2228000,2279000,2201000,2354000,1180000,1059000,1136000,1186000,1106000,
equiv_simplify: 479000,351000,186000,476000,327000,449000,347000,
implies_simplify: 1192000,317000,
__normalized_input: 40351000,8080000,2883000,2041000,2220000,2260000,
rare_rewrite_eq-refl: 228000,172000,236000,194000,454000,188000,
rare_rewrite_ite-not-cond: 6148000,6028000,6508000,7766000,6796000,6941000,6642000,12743000,13508000,6304000,6151000,6669000,
rare_rewrite_arith-elim-gt: 6777000,7404000,
rare_rewrite_arith-elim-lt: 6210000,6364000,7437000,6946000,6669000,6853000,6845000,12052000,12339000,12006000,6439000,6308000,8014000,
rare_rewrite_arith-elim-leq: 6019000,6486000,6138000,6166000,6615000,6590000,7021000,6612000,6877000,12780000,12411000,6973000,6455000,7357000,
rare_rewrite_bool-double-not-elim: 220000,

