1; Draft.Scratch_smt_check_7_16487; 2026-04-10 13:44:36.806;
bind: 176000,195000,211000,224000,209000,229000,208000,353000,320000,368000,360000,375000,352000,
cong: 229000,62000,140000,113000,69000,102000,91000,55000,137000,108000,219000,271000,100000,214000,200000,117000,
refl: 63000,405000,42000,24000,47000,68000,65000,799000,70000,
symm: 173000,77000,330000,
trans: 180000,157000,166000,153000,131000,181000,198000,231000,144000,161000,139000,188000,144000,166000,252000,262000,283000,288000,334000,305000,164000,344000,342000,419000,277000,294000,
equiv1: 155000,
equiv2: 132000,
or_pos: 207000,354000,454000,
implies: 328000,
not_not: 127000,
parsing: 24467000,
aci_simp: 943000,1066000,1028000,1010000,1888000,1947000,2096000,1969000,
evaluate: 189000,294000,
not_symm: 89000,
onepoint: 1193000,2309000,
qnt_join: 223000,392000,
subproof: 2642000,
equiv_pos2: 140000,145000,281000,246000,
reordering: 255000,467000,607000,
resolution: 196000,226000,211000,175000,151000,212000,192000,255000,271000,198000,427000,387000,623000,629000,377000,443000,
contraction: 510000,
forall_inst: 760000,1320000,1432000,
implies_neg1: 447000,
implies_neg2: 510000,
__local_input: 75000,
equiv_simplify: 209000,256000,
__normalized_input: 2744000,2484000,771000,855000,3603000,971000,
rare_rewrite_eq-refl: 70000,138000,
rare_rewrite_eq-symm: 77000,82000,140000,164000,142000,
rare_rewrite_or-not-refl: 6135000,12112000,
rare_rewrite_bool-impl-elim: 6298000,6051000,11416000,11753000,
rare_rewrite_bool-and-de-morgan: 5846000,5791000,11332000,11270000,

