1; Draft.Scratch_smt_check_7_16959; 2026-04-10 13:50:55.169;
bind: 363000,346000,432000,390000,371000,280000,370000,364000,327000,408000,405000,373000,276000,372000,356000,373000,347000,
cong: 153000,122000,184000,134000,170000,140000,151000,165000,125000,124000,258000,206000,133000,169000,158000,149000,160000,121000,98000,150000,121000,222000,
refl: 54000,55000,39000,57000,51000,39000,41000,53000,46000,26000,50000,42000,
trans: 326000,278000,287000,376000,371000,344000,295000,286000,264000,267000,304000,330000,290000,301000,465000,241000,368000,318000,340000,290000,301000,322000,259000,285000,316000,278000,302000,341000,260000,289000,
equiv1: 190000,
equiv2: 228000,
or_neg: 270000,314000,308000,
or_pos: 333000,317000,284000,374000,423000,330000,282000,360000,393000,324000,
and_neg: 321000,
and_pos: 230000,270000,261000,
implies: 281000,
not_not: 219000,
parsing: 24324000,
aci_simp: 1230000,1291000,1188000,1075000,1247000,1218000,1415000,1248000,1111000,1331000,1183000,1181000,1150000,
not_symm: 219000,196000,
subproof: 1350000,
equiv_pos2: 186000,216000,173000,97000,198000,156000,73000,217000,168000,98000,210000,179000,177000,
reordering: 401000,389000,286000,513000,582000,361000,298000,469000,479000,434000,292000,478000,564000,397000,
resolution: 273000,317000,395000,412000,424000,484000,417000,321000,376000,395000,275000,304000,336000,362000,413000,405000,246000,289000,311000,383000,517000,507000,459000,366000,417000,524000,257000,289000,486000,502000,505000,324000,393000,403000,264000,309000,352000,365000,403000,385000,316000,317000,390000,385000,
contraction: 455000,348000,372000,
forall_inst: 932000,1053000,977000,847000,1159000,1000000,1384000,973000,832000,1041000,974000,
implies_neg1: 327000,
implies_neg2: 348000,
__local_input: 127000,187000,
equiv_simplify: 306000,268000,
__normalized_input: 9052000,8484000,7110000,6994000,7064000,6596000,6086000,6119000,6291000,
rare_rewrite_eq-symm: 225000,219000,220000,200000,221000,263000,209000,212000,
rare_rewrite_bool-impl-elim: 6972000,7060000,7045000,7010000,7881000,7395000,7414000,6878000,7159000,7083000,
rare_rewrite_bool-and-de-morgan: 6498000,6773000,6837000,6533000,6803000,7134000,7120000,6967000,6659000,6554000,
rare_rewrite_bool-double-not-elim: 259000,

