1; Draft.Scratch_smt_check_7_30888; 2026-04-10 13:50:15.687;
bind: 388000,969000,962000,301000,303000,303000,661000,653000,596000,592000,468000,410000,
cong: 140000,407000,309000,259000,383000,478000,222000,219000,217000,197000,365000,167000,237000,183000,356000,284000,104000,146000,85000,242000,222000,186000,214000,113000,139000,
refl: 40000,41000,40000,47000,87000,81000,62000,88000,53000,45000,51000,39000,
symm: 246000,
trans: 238000,260000,745000,586000,608000,555000,535000,445000,543000,514000,405000,427000,434000,438000,565000,233000,259000,
choice: 23000,24000,24000,25000,24000,28000,27000,59000,
or_neg: 197000,369000,381000,306000,311000,434000,475000,359000,391000,334000,310000,468000,512000,337000,382000,426000,353000,494000,522000,208000,214000,194000,
or_pos: 658000,482000,658000,997000,303000,
implies: 405000,424000,428000,299000,
parsing: 19400000,
aci_simp: 1130000,1783000,1483000,1325000,1360000,2021000,2055000,1100000,
subproof: 2117000,2254000,2295000,1633000,
equiv_pos2: 223000,8161000,183000,416000,192000,356000,202000,399000,216000,377000,406000,143000,266000,276000,235000,223000,96000,207000,
reordering: 424000,622000,435000,667000,958000,491000,1768000,240000,348000,
resolution: 326000,354000,315000,221000,217000,254000,469000,620000,577000,484000,871000,564000,544000,719000,592000,643000,693000,728000,647000,606000,437000,872000,502000,567000,549000,587000,651000,873000,736000,620000,605000,399000,369000,606000,550000,570000,594000,505000,527000,626000,660000,706000,789000,628000,626000,313000,350000,455000,503000,342000,381000,
sko_forall: 3334000,3232000,3965000,3444000,
contraction: 496000,661000,613000,530000,670000,627000,576000,703000,648000,264000,421000,
forall_inst: 2349000,1540000,1553000,1709000,890000,
implies_neg1: 479000,698000,362000,384000,
implies_neg2: 488000,470000,467000,347000,
__local_input: 137000,139000,150000,138000,
__normalized_input: 4899000,4897000,4848000,3152000,3496000,1631000,1552000,1545000,1620000,1716000,
rare_rewrite_bool-impl-elim: 6140000,7390000,5850000,5947000,6099000,11563000,11563000,11936000,11572000,6115000,
rare_rewrite_bool-and-de-morgan: 5759000,6245000,6537000,6812000,11354000,13256000,5844000,
rare_rewrite_bool-double-not-elim: 280000,413000,298000,440000,345000,296000,201000,

