1; Draft.Scratch_smt_check_7_28738; 2026-04-10 13:51:59.830;
bind: 314000,326000,282000,367000,284000,373000,325000,258000,356000,298000,327000,271000,309000,
cong: 125000,94000,154000,138000,139000,128000,168000,107000,145000,134000,100000,167000,144000,141000,120000,61000,89000,123000,
refl: 42000,87000,87000,102000,48000,131000,50000,74000,39000,76000,85000,80000,43000,
symm: 236000,188000,199000,248000,
trans: 191000,214000,236000,249000,266000,264000,249000,261000,333000,290000,317000,210000,227000,225000,244000,246000,257000,206000,225000,231000,261000,282000,246000,298000,243000,266000,213000,439000,
equiv1: 217000,
equiv2: 150000,
or_pos: 284000,279000,279000,263000,297000,236000,289000,431000,265000,284000,259000,
and_neg: 294000,
and_pos: 230000,199000,218000,210000,220000,
implies: 247000,
parsing: 21374000,
aci_simp: 1084000,1109000,1201000,1024000,1124000,1073000,1056000,1087000,
subproof: 1234000,
equiv_pos2: 171000,136000,205000,108000,198000,159000,120000,208000,106000,135000,173000,
reordering: 339000,287000,486000,303000,300000,272000,385000,272000,325000,712000,351000,500000,452000,318000,290000,383000,285000,
resolution: 270000,240000,289000,279000,368000,340000,391000,491000,332000,221000,298000,295000,395000,390000,502000,391000,270000,340000,254000,305000,282000,331000,362000,242000,276000,243000,419000,456000,334000,347000,600000,229000,218000,246000,305000,226000,301000,294000,409000,241000,317000,348000,261000,336000,364000,
contraction: 310000,347000,
forall_inst: 854000,929000,855000,965000,1017000,858000,836000,899000,827000,886000,965000,855000,931000,
implies_neg1: 306000,
implies_neg2: 295000,
__local_input: 43000,113000,193000,
connective_def: 338000,339000,
equiv_simplify: 239000,283000,
miniscope_split: 350000,
__normalized_input: 12690000,8337000,23027000,16543000,14425000,13882000,13819000,13388000,12671000,8811000,4455000,4700000,
rare_rewrite_eq-symm: 184000,188000,
rare_rewrite_bool-impl-elim: 6331000,6330000,6519000,6432000,6276000,6240000,6292000,
rare_rewrite_bool-and-de-morgan: 5958000,6409000,6654000,6174000,6383000,6158000,6169000,6136000,6579000,6332000,

