1; Draft.Scratch_smt_check_7_13330; 2026-04-10 13:52:00.203;
bind: 352000,253000,289000,262000,302000,375000,281000,332000,
cong: 79000,57000,85000,122000,
refl: 82000,76000,37000,
symm: 232000,186000,
false: 14000,
trans: 267000,209000,238000,241000,197000,211000,
equiv2: 197000,188000,
or_pos: 269000,247000,280000,252000,290000,407000,
and_pos: 181000,205000,
not_not: 192000,
parsing: 5470000,
aci_simp: 1056000,
evaluate: 276000,
not_symm: 150000,
equiv_pos1: 50000,79000,
equiv_pos2: 171000,126000,136000,158000,204000,137000,159000,37000,
reordering: 304000,279000,266000,390000,298000,334000,303000,354000,272000,315000,
resolution: 173000,218000,265000,267000,268000,314000,239000,244000,229000,285000,265000,304000,274000,235000,233000,265000,320000,263000,331000,332000,259000,274000,344000,231000,235000,273000,309000,204000,260000,287000,349000,
forall_inst: 855000,784000,869000,809000,784000,826000,858000,818000,884000,
equiv_simplify: 289000,260000,
__normalized_input: 25532000,36028000,25399000,14599000,12760000,9564000,9364000,8295000,7846000,5107000,4490000,4659000,
rare_rewrite_eq-symm: 238000,198000,171000,
rare_rewrite_bool-impl-elim: 6037000,5914000,5982000,5930000,6209000,
rare_rewrite_bool-and-de-morgan: 5704000,

