1; Draft.Scratch_smt_check_7_5681; 2026-04-10 13:51:59.681;
bind: 325000,295000,273000,279000,453000,429000,399000,305000,278000,278000,264000,232000,367000,4353000,495000,217000,350000,283000,271000,226000,218000,206000,204000,
cong: 122000,186000,77000,87000,79000,67000,82000,63000,164000,126000,89000,184000,64000,84000,62000,227000,111000,94000,153000,67000,121000,140000,97000,62000,156000,157000,156000,122000,128000,85000,122000,99000,63000,187000,145000,197000,152000,196000,103000,95000,66000,81000,57000,65000,91000,62000,178000,120000,77000,90000,65000,
refl: 25000,18000,54000,20000,44000,21000,22000,25000,18000,53000,20000,28000,49000,51000,44000,27000,28000,63000,222000,26000,19000,53000,24000,
symm: 332000,215000,130000,132000,245000,130000,132000,
false: 13000,
trans: 294000,305000,271000,236000,260000,302000,398000,361000,295000,319000,216000,218000,181000,200000,217000,263000,295000,237000,256000,233000,247000,219000,233000,353000,358000,373000,317000,335000,337000,291000,233000,258000,208000,
equiv1: 217000,266000,137000,
equiv2: 202000,158000,188000,232000,217000,
or_pos: 379000,240000,251000,280000,252000,334000,222000,696000,210000,332000,190000,209000,290000,373000,
and_neg: 220000,
not_not: 179000,
parsing: 16604000,
aci_simp: 1271000,1253000,1004000,936000,906000,1122000,1083000,1095000,1205000,1096000,
evaluate: 260000,
equiv_pos1: 103000,73000,140000,
equiv_pos2: 190000,146000,51000,279000,159000,150000,141000,107000,127000,210000,98000,190000,108000,89000,91000,67000,37000,
reordering: 429000,311000,367000,557000,297000,290000,336000,368000,316000,516000,268000,1226000,234000,507000,221000,247000,323000,591000,594000,349000,
resolution: 146000,199000,223000,244000,235000,240000,268000,266000,263000,216000,235000,291000,370000,338000,189000,214000,208000,224000,217000,263000,310000,235000,476000,634000,379000,205000,190000,231000,277000,223000,220000,282000,365000,323000,272000,310000,307000,247000,336000,307000,222000,252000,296000,275000,298000,362000,351000,218000,261000,275000,306000,387000,364000,223000,261000,284000,209000,255000,258000,199000,226000,281000,
forall_inst: 810000,900000,967000,785000,826000,1233000,817000,897000,813000,848000,776000,913000,735000,1021000,781000,709000,743000,
equiv_simplify: 274000,245000,252000,308000,303000,360000,206000,292000,
__normalized_input: 29828000,30081000,23477000,22829000,49815000,43678000,51145000,11843000,9229000,9054000,8622000,8336000,5597000,5025000,2358000,1252000,1298000,744000,522000,702000,
rare_rewrite_eq-symm: 184000,183000,244000,179000,
rare_rewrite_bool-impl-elim: 7247000,5901000,6132000,5963000,6011000,5985000,6009000,6110000,5873000,6030000,5733000,5567000,5797000,
rare_rewrite_bool-and-de-morgan: 5678000,5568000,5614000,5793000,6011000,5583000,5629000,5716000,5608000,

