1; Draft.Scratch_smt_check_7_16832; 2026-04-10 13:42:44.691;
bind: 281000,303000,302000,392000,382000,553000,667000,651000,
cong: 67000,92000,61000,221000,67000,243000,72000,317000,201000,173000,326000,320000,153000,
refl: 41000,460000,32000,35000,841000,61000,78000,
symm: 48000,56000,260000,549000,638000,
trans: 258000,263000,271000,268000,265000,236000,82000,272000,258000,302000,249000,85000,325000,300000,13134000,555000,429000,497000,374000,343000,267000,325000,324000,
or_pos: 442000,
parsing: 26609000,
aci_simp: 1092000,1685000,1323000,2439000,2288000,1978000,1914000,1801000,
evaluate: 200000,222000,
onepoint: 1537000,2418000,
qnt_join: 325000,582000,
equiv_pos2: 64000,442000,
reordering: 757000,
resolution: 224000,199000,148000,266000,294000,
forall_inst: 690000,1435000,
qnt_rm_unused: 840000,3537000,
__normalized_input: 1344000,856000,707000,711000,692000,1059000,
rare_rewrite_eq-refl: 80000,81000,
rare_rewrite_eq-symm: 113000,133000,
rare_rewrite_or-not-refl: 6950000,12677000,
rare_rewrite_bool-impl-elim: 12487000,
rare_rewrite_bool-and-de-morgan: 11632000,11549000,12095000,

