1; Draft.Scratch_smt_check_7_22501; 2026-04-10 13:44:10.395;
bind: 266000,204000,235000,332000,202000,227000,
cong: 146000,59000,63000,83000,150000,143000,141000,219000,105000,158000,154000,170000,256000,103000,128000,158000,199000,
refl: 44000,45000,48000,44000,44000,
symm: 93000,100000,114000,
false: 20000,
trans: 139000,105000,139000,152000,177000,157000,217000,175000,185000,165000,161000,213000,3297000,
choice: 104000,
equiv1: 118000,
equiv2: 130000,210000,146000,
or_neg: 226000,242000,
implies: 161000,157000,165000,
not_not: 173000,
parsing: 28764000,
evaluate: 300000,
subproof: 1955000,1901000,6329000,
equiv_pos2: 236000,142000,154000,208000,103000,210000,144000,155000,244000,100000,107000,174000,177000,64000,53000,
reordering: 423000,411000,304000,
resolution: 175000,229000,219000,238000,255000,209000,271000,232000,211000,312000,254000,338000,228000,347000,332000,408000,378000,266000,341000,411000,364000,361000,403000,398000,341000,311000,283000,406000,216000,360000,382000,408000,508000,281000,384000,238000,307000,
sko_forall: 1669000,
contraction: 283000,352000,274000,418000,
forall_inst: 1108000,1108000,1251000,1152000,1281000,1222000,
implies_neg1: 264000,258000,184000,
implies_neg2: 224000,250000,272000,
__local_input: 58000,58000,60000,
connective_def: 279000,311000,
equiv_simplify: 251000,272000,270000,281000,
__normalized_input: 1424000,1292000,876000,750000,689000,944000,
rare_rewrite_eq-refl: 96000,108000,
rare_rewrite_eq-symm: 172000,101000,175000,147000,102000,172000,154000,167000,164000,208000,126000,170000,
rare_rewrite_bool-eq-true: 12201000,22315000,
rare_rewrite_bool-double-not-elim: 125000,184000,

