1; Draft.Scratch_smt_check_7_12258; 2026-04-10 13:49:19.733;
bind: 715000,767000,743000,380000,409000,414000,
cong: 410000,138000,510000,149000,155000,118000,103000,85000,128000,200000,143000,92000,48000,58000,49000,65000,75000,243000,89000,259000,73000,90000,54000,63000,57000,67000,72000,198000,158000,
refl: 62000,64000,31000,34000,42000,115000,16000,18000,19000,37000,34000,17000,19000,23000,42000,119000,
trans: 729000,668000,680000,569000,332000,272000,260000,191000,389000,352000,354000,367000,327000,263000,268000,
or_pos: 339000,
implies: 333000,
parsing: 30509000,
aci_simp: 1234000,1077000,1208000,1166000,
subproof: 1938000,
equiv_pos2: 239000,80000,229000,
reordering: 483000,
resolution: 682000,662000,372000,297000,589000,627000,400000,393000,
contraction: 504000,
forall_inst: 1004000,
implies_neg1: 496000,
implies_neg2: 464000,
__local_input: 163000,
__normalized_input: 6916000,2750000,2227000,2252000,2416000,2571000,
rare_rewrite_eq-symm: 347000,184000,192000,
rare_rewrite_bool-impl-elim: 6863000,6743000,
rare_rewrite_bool-and-de-morgan: 6681000,6318000,6216000,6273000,

