1; Draft.Scratch_smt_check_7_28107; 2026-04-10 13:49:20.010;
bind: 405000,397000,239000,299000,314000,294000,310000,
cong: 152000,220000,96000,239000,279000,145000,83000,104000,143000,80000,85000,289000,161000,149000,130000,162000,136000,54000,56000,85000,92000,
refl: 41000,55000,18000,18000,105000,59000,16000,18000,104000,61000,32000,
trans: 270000,284000,267000,276000,264000,268000,
or_neg: 377000,376000,283000,287000,295000,331000,280000,148000,165000,150000,150000,132000,259000,212000,234000,138000,174000,172000,219000,
or_pos: 345000,186000,193000,262000,189000,
and_neg: 336000,229000,215000,213000,205000,191000,
and_pos: 258000,273000,294000,110000,100000,118000,128000,155000,178000,176000,152000,138000,214000,
implies: 301000,271000,288000,
parsing: 21043000,
aci_simp: 1050000,
subproof: 2542000,1195000,1285000,
equiv_pos1: 91000,82000,60000,78000,
equiv_pos2: 173000,215000,222000,169000,82000,123000,65000,79000,223000,334000,85000,193000,194000,350000,143000,150000,138000,
not_equiv1: 185000,
not_equiv2: 185000,
reordering: 390000,494000,378000,339000,430000,390000,243000,153000,194000,212000,269000,180000,177000,204000,364000,290000,224000,332000,368000,290000,240000,265000,267000,257000,366000,329000,233000,281000,208000,264000,218000,395000,272000,
resolution: 382000,386000,354000,407000,4931000,383000,307000,1260000,4092000,4064000,428000,516000,461000,556000,576000,387000,477000,599000,616000,2139000,1565000,246000,261000,233000,276000,414000,494000,213000,247000,220000,366000,440000,398000,258000,232000,349000,369000,431000,404000,218000,340000,351000,399000,342000,
contraction: 405000,484000,476000,207000,389000,403000,410000,291000,
forall_inst: 1327000,777000,782000,837000,857000,858000,
implies_neg1: 428000,375000,377000,
implies_neg2: 403000,411000,370000,
__local_input: 161000,145000,141000,
__normalized_input: 9243000,5269000,1255000,1122000,1088000,747000,
rare_rewrite_eq-symm: 252000,253000,250000,292000,264000,
rare_rewrite_bool-impl-elim: 11907000,11469000,6448000,
rare_rewrite_bool-double-not-elim: 216000,106000,173000,126000,

