1; Draft.Scratch_smt_check_7_28166; 2026-04-10 13:49:16.946;
bind: 832000,899000,898000,743000,786000,736000,606000,816000,883000,836000,682000,433000,500000,449000,388000,419000,385000,357000,
cong: 334000,393000,253000,354000,442000,417000,281000,424000,394000,287000,170000,250000,137000,208000,
refl: 326000,288000,286000,291000,196000,287000,204000,171000,141000,142000,139000,108000,
symm: 774000,667000,773000,401000,360000,
trans: 812000,854000,820000,823000,1165000,730000,687000,680000,752000,782000,700000,801000,804000,787000,836000,797000,412000,425000,438000,491000,411000,375000,354000,366000,356000,374000,388000,
choice: 38000,85000,
or_neg: 408000,478000,547000,430000,239000,275000,213000,
or_pos: 391000,
implies: 430000,
parsing: 86189000,
qnt_join: 877000,886000,968000,470000,415000,
subproof: 2258000,
equiv_pos2: 635000,587000,566000,264000,261000,320000,
reordering: 749000,382000,608000,
resolution: 664000,677000,741000,413000,400000,720000,858000,375000,666000,694000,383000,441000,626000,706000,427000,403000,
sko_forall: 6456000,
contraction: 862000,410000,641000,
forall_inst: 1510000,
implies_neg1: 652000,
implies_neg2: 617000,
__local_input: 270000,
miniscope_split: 1151000,946000,1591000,629000,527000,
__normalized_input: 1230000,981000,1277000,
rare_rewrite_bool-impl-elim: 13619000,13592000,12779000,13705000,12768000,9383000,7369000,7712000,
rare_rewrite_bool-double-not-elim: 366000,189000,

