1; Draft.Scratch_smt_check_7_30585; 2026-04-10 13:49:16.914;
bind: 678000,691000,278000,1605000,1409000,281000,188000,265000,378000,190000,220000,181000,173000,712000,1334000,542000,560000,1310000,1305000,463000,528000,290000,
cong: 275000,245000,145000,532000,373000,391000,268000,245000,239000,537000,461000,264000,268000,199000,169000,92000,109000,112000,77000,92000,61000,159000,135000,253000,158000,121000,108000,186000,61000,81000,183000,135000,225000,295000,443000,239000,503000,475000,211000,459000,
refl: 92000,75000,69000,61000,44000,54000,47000,29000,48000,27000,22000,29000,67000,15000,12000,14000,15000,16000,19000,72000,16000,13000,13000,14000,20000,92000,161000,119000,175000,133000,117000,70000,137000,
symm: 138000,167000,234000,
trans: 517000,384000,416000,936000,850000,844000,719000,681000,665000,563000,470000,425000,676000,650000,658000,510000,466000,224000,162000,228000,192000,140000,493000,530000,418000,512000,982000,852000,805000,
choice: 67000,
equiv1: 215000,246000,234000,195000,188000,399000,395000,387000,
equiv2: 191000,187000,122000,222000,441000,
or_neg: 170000,191000,177000,199000,265000,303000,211000,217000,200000,239000,258000,276000,
or_pos: 381000,243000,859000,710000,681000,
and_neg: 356000,
and_pos: 246000,280000,237000,291000,301000,276000,306000,308000,308000,293000,319000,570000,627000,620000,
implies: 230000,241000,312000,330000,195000,888000,
not_and: 277000,
not_not: 177000,215000,
parsing: 39124000,
aci_simp: 1335000,2167000,12392000,1472000,1483000,1411000,1934000,1396000,1469000,3088000,
evaluate: 464000,
not_symm: 141000,
subproof: 1661000,1224000,1886000,1568000,1218000,1720000,3003000,
and_intro: 314000,622000,
equiv_pos1: 37000,
equiv_pos2: 467000,972000,97000,111000,124000,258000,161000,106000,243000,107000,110000,205000,98000,89000,990000,226000,55000,891000,193000,147000,580000,
reordering: 563000,219000,301000,279000,474000,982000,997000,1751000,825000,1080000,2164000,1042000,
resolution: 225000,295000,445000,491000,215000,664000,1067000,670000,253000,200000,263000,307000,195000,197000,247000,198000,373000,396000,191000,235000,288000,263000,364000,397000,261000,386000,409000,457000,394000,391000,310000,344000,574000,443000,402000,960000,250000,425000,391000,1174000,224000,290000,216000,315000,200000,200000,187000,299000,210000,241000,417000,329000,340000,275000,313000,192000,246000,510000,523000,341000,310000,367000,329000,953000,200000,240000,289000,210000,313000,265000,321000,426000,507000,445000,601000,1206000,953000,1598000,537000,706000,796000,344000,483000,350000,458000,
sko_forall: 1754000,
contraction: 290000,325000,385000,375000,307000,421000,483000,425000,506000,301000,502000,372000,431000,1264000,1232000,
forall_inst: 1123000,3038000,1003000,855000,861000,868000,1113000,819000,2290000,2006000,1530000,
implies_neg1: 309000,323000,438000,467000,254000,810000,1147000,
implies_neg2: 301000,327000,408000,384000,291000,283000,1096000,
__local_input: 205000,167000,66000,30000,29000,53000,30000,55000,24000,108000,208000,124000,112000,196000,46000,79000,181000,
equiv_simplify: 254000,336000,276000,337000,214000,287000,315000,610000,
implies_simplify: 496000,
__normalized_input: 24603000,19354000,16773000,7167000,3007000,3001000,788000,742000,768000,617000,692000,596000,551000,806000,
rare_rewrite_eq-symm: 198000,142000,126000,184000,150000,149000,236000,159000,155000,296000,
rare_rewrite_bool-impl-elim: 9360000,7212000,9083000,7127000,7332000,9724000,15006000,13795000,13738000,14770000,12194000,
rare_rewrite_bool-and-de-morgan: 7153000,6817000,7215000,7398000,7431000,7683000,8001000,9073000,13772000,
rare_rewrite_bool-double-not-elim: 118000,257000,188000,433000,

