1; Draft.Scratch_smt_check_7_22633; 2026-04-10 13:49:19.829;
bind: 3625000,3379000,3340000,6302000,6171000,6324000,6235000,5155000,3368000,6163000,7248000,8038000,5121000,3535000,3766000,3331000,3264000,3202000,3321000,3229000,2667000,
cong: 2518000,1196000,550000,527000,661000,543000,544000,533000,653000,527000,1092000,331000,329000,394000,301000,321000,319000,375000,287000,368000,519000,125000,102000,105000,96000,1379000,3250000,2504000,3084000,1896000,1764000,2126000,1226000,527000,523000,650000,544000,540000,534000,658000,531000,1062000,326000,321000,409000,299000,319000,322000,375000,290000,369000,519000,130000,103000,107000,84000,1702000,2511000,2997000,3362000,1904000,2534000,1191000,549000,526000,653000,561000,539000,538000,660000,517000,1048000,321000,321000,391000,303000,322000,318000,410000,293000,357000,529000,131000,100000,105000,92000,1336000,1751000,1283000,1724000,
refl: 19000,20000,18000,32000,19000,55000,53000,27000,16000,21000,1235000,1155000,1149000,2371000,1889000,19000,21000,17000,25000,20000,51000,50000,25000,13000,22000,1137000,1891000,21000,19000,19000,17000,18000,50000,52000,28000,15000,22000,1191000,1157000,1162000,1166000,942000,
symm: 3434000,6200000,6245000,3219000,3165000,
trans: 3411000,3582000,3459000,3409000,3406000,3408000,3329000,6323000,6229000,6236000,6274000,6320000,3349000,3283000,3294000,3398000,3284000,6370000,3417000,3321000,3299000,3309000,3611000,3314000,3255000,3239000,3329000,34071000,3263000,3245000,
choice: 182000,228000,
or_neg: 1355000,1179000,1724000,1084000,1185000,1831000,1080000,
or_pos: 1851000,
implies: 3425000,
parsing: 2997558000,
qnt_join: 3299000,6084000,9500000,3235000,3108000,
subproof: 6489000,
equiv_pos2: 4889000,2490000,4936000,5704000,2451000,2399000,
reordering: 2388000,219736000,4108000,
resolution: 631000,1608000,1894000,928000,492000,1708000,2302000,457000,1499000,1580000,1697000,2255000,3948000,3296000,1322000,1583000,
sko_forall: 56072000,
contraction: 2658000,2642000,4723000,
forall_inst: 4437000,
implies_neg1: 5043000,
implies_neg2: 4993000,
__local_input: 663000,
miniscope_split: 4123000,7324000,7197000,4068000,3746000,
__normalized_input: 14148000,5230000,1725000,4502000,
rare_rewrite_bool-impl-elim: 14171000,25211000,22737000,25151000,22827000,13063000,13685000,11854000,
rare_rewrite_bool-double-not-elim: 649000,653000,

