1; Draft.Scratch_smt_check_7_16590; 2026-04-10 13:50:11.634;
cong: 111000,139000,93000,93000,94000,128000,145000,
refl: 31000,
symm: 133000,257000,
trans: 201000,136000,132000,310000,252000,
and_neg: 391000,
and_pos: 163000,200000,358000,369000,
implies: 185000,407000,
parsing: 2651000,
subproof: 1097000,2280000,
and_intro: 162000,
poly_simp: 1762000,2380000,1794000,1626000,2539000,3100000,4555000,
equiv_pos2: 105000,56000,55000,13429000,107000,128000,
reordering: 287000,380000,774000,
resolution: 189000,271000,218000,184000,340000,324000,309000,435000,191000,189000,192000,238000,624000,743000,827000,432000,412000,378000,
contraction: 265000,280000,564000,575000,
forall_inst: 729000,738000,1313000,
implies_neg1: 550000,512000,
implies_neg2: 257000,510000,
__local_input: 66000,72000,75000,120000,
poly_simp_rel: 1076000,1005000,964000,1846000,
__normalized_input: 1546000,1066000,1273000,

