1; Draft.Scratch_smt_check_7_30085; 2026-04-10 13:47:36.735;
bind: 249000,265000,252000,257000,261000,268000,254000,266000,510000,436000,514000,442000,330000,332000,271000,259000,272000,275000,253000,266000,365000,271000,262000,290000,260000,260000,515000,535000,303000,284000,242000,
cong: 168000,139000,171000,120000,78000,174000,141000,176000,112000,79000,353000,323000,177000,150000,173000,133000,80000,170000,142000,176000,127000,77000,347000,253000,288000,346000,142000,174000,270000,317000,115000,90000,133000,85000,88000,107000,297000,339000,156000,171000,264000,284000,115000,81000,128000,87000,85000,112000,731000,403000,458000,76000,134000,92000,104000,176000,89000,105000,129000,129000,148000,140000,183000,130000,124000,131000,79000,266000,294000,317000,259000,219000,78000,88000,223000,80000,81000,98000,100000,128000,77000,449000,140000,189000,124000,248000,185000,193000,132000,148000,80000,185000,185000,135000,143000,86000,1754000,363000,335000,147000,108000,167000,200000,118000,189000,208000,187000,143000,208000,191000,137000,383000,356000,112000,177000,121000,192000,146000,179000,130000,185000,141000,346000,257000,107000,298000,177000,114000,178000,91000,85000,351000,118000,188000,89000,103000,605000,493000,861000,143000,89000,252000,221000,122000,166000,275000,351000,251000,294000,147000,246000,128000,123000,329000,176000,180000,109000,124000,105000,85000,438000,368000,102000,115000,165000,486000,306000,358000,
refl: 39000,42000,42000,41000,67000,29000,49000,56000,30000,30000,56000,53000,30000,27000,28000,29000,73000,25000,183000,28000,100000,24000,29000,24000,28000,17000,37000,44000,47000,39000,41000,43000,46000,39000,37000,118000,83000,87000,59000,84000,31000,31000,47000,94000,49000,46000,
symm: 172000,146000,166000,172000,163000,229000,205000,210000,
trans: 206000,173000,184000,131000,92000,204000,167000,195000,139000,95000,208000,174000,199000,141000,99000,204000,177000,187000,136000,115000,353000,137000,165000,226000,108000,100000,103000,132000,388000,145000,169000,219000,98000,98000,102000,133000,444000,204000,171000,115000,118000,112000,180000,111000,121000,111000,126000,164000,169000,180000,174000,179000,91000,154000,159000,157000,157000,172000,163000,95000,95000,98000,154000,92000,96000,96000,145000,87000,186000,182000,184000,94000,99000,95000,96000,99000,96000,102000,111000,112000,118000,119000,220000,191000,208000,104000,100000,220000,194000,210000,99000,101000,208000,164000,184000,138000,100000,206000,178000,199000,148000,97000,200000,169000,190000,140000,104000,198000,170000,204000,135000,102000,196000,202000,204000,240000,240000,288000,159000,195000,187000,417000,407000,443000,277000,236000,168000,195000,232000,396000,348000,165000,127000,102000,106000,185000,147000,168000,
equiv1: 184000,89000,149000,87000,316000,160000,
or_neg: 315000,237000,236000,241000,443000,362000,323000,207000,230000,250000,210000,215000,229000,493000,511000,471000,543000,327000,306000,270000,279000,274000,310000,198000,212000,230000,222000,230000,247000,269000,
or_pos: 325000,475000,330000,318000,593000,338000,319000,318000,
and_neg: 213000,463000,278000,209000,254000,
and_pos: 158000,151000,149000,157000,231000,245000,
implies: 238000,234000,304000,157000,170000,191000,141000,144000,185000,344000,246000,248000,230000,279000,279000,
not_and: 316000,
parsing: 70978000,
aci_simp: 1041000,1066000,1118000,1075000,958000,965000,1088000,907000,849000,856000,1109000,1206000,1083000,1232000,1106000,1335000,2357000,1289000,1107000,
evaluate: 269000,143000,322000,255000,133000,190000,202000,271000,254000,134000,221000,216000,360000,458000,231000,336000,392000,390000,
not_symm: 68000,
subproof: 1127000,1189000,1488000,1022000,1023000,1007000,994000,1038000,1009000,1383000,2124000,2551000,1759000,2180000,1477000,
and_intro: 124000,125000,198000,
poly_simp: 1677000,1712000,1730000,1734000,1763000,2246000,1760000,2320000,1781000,2184000,1700000,2253000,2529000,2978000,1557000,3039000,2759000,2375000,1769000,1725000,2152000,2129000,2124000,1673000,1686000,1452000,1439000,1630000,2270000,1792000,2338000,1718000,1926000,2263000,1746000,1567000,2535000,1656000,1530000,2907000,3076000,1694000,1776000,1799000,1875000,1760000,1740000,1800000,3297000,2779000,2906000,5452000,3180000,3060000,1736000,1907000,1805000,1859000,1806000,2178000,
equiv_pos1: 174000,
equiv_pos2: 167000,174000,406000,206000,174000,406000,332000,336000,827000,116000,137000,118000,119000,230000,308000,451000,115000,133000,131000,110000,220000,249000,250000,679000,179000,183000,469000,179000,177000,417000,246000,170000,343000,889000,702000,165000,148000,232000,264000,225000,203000,485000,171000,349000,238000,286000,
la_generic: 4969000,5648000,11466000,
not_equiv1: 269000,
not_equiv2: 280000,
reordering: 242000,411000,221000,224000,524000,244000,527000,422000,413000,245000,768000,642000,516000,451000,495000,331000,244000,412000,292000,
resolution: 210000,163000,274000,316000,278000,392000,516000,550000,332000,286000,165000,262000,221000,1074000,312000,285000,393000,520000,554000,324000,285000,226000,400000,548000,1059000,945000,439000,423000,347000,2019000,323000,356000,332000,319000,189000,322000,325000,209000,211000,200000,231000,219000,179000,267000,254000,203000,175000,318000,2188000,486000,569000,454000,316000,337000,314000,308000,187000,316000,330000,210000,208000,193000,221000,220000,157000,270000,260000,198000,170000,371000,543000,827000,747000,363000,359000,334000,327000,416000,559000,612000,376000,302000,319000,302000,416000,762000,603000,349000,329000,411000,501000,329000,297000,386000,515000,555000,328000,340000,973000,3097000,465000,481000,333000,423000,375000,717000,267000,398000,298000,382000,266000,392000,535000,524000,448000,578000,669000,347000,324000,336000,281000,600000,1838000,421000,535000,588000,1653000,
contraction: 383000,391000,889000,263000,230000,234000,155000,467000,251000,222000,219000,177000,636000,416000,413000,338000,383000,1081000,363000,291000,348000,446000,573000,336000,497000,
forall_inst: 837000,834000,1177000,1031000,856000,1006000,1534000,865000,889000,
la_mult_neg: 264000,279000,407000,
implies_neg1: 343000,332000,794000,161000,210000,233000,162000,200000,213000,636000,389000,340000,638000,330000,429000,
implies_neg2: 391000,385000,911000,231000,226000,122000,232000,211000,117000,687000,432000,418000,389000,219000,459000,
__local_input: 75000,83000,129000,53000,34000,53000,50000,33000,55000,133000,83000,91000,131000,41000,65000,95000,
poly_simp_rel: 944000,980000,966000,968000,972000,944000,992000,994000,976000,918000,973000,973000,966000,1029000,934000,926000,1256000,915000,944000,1004000,985000,975000,971000,988000,956000,982000,4629000,969000,1024000,1009000,1110000,977000,1006000,982000,1871000,1848000,1925000,1270000,1113000,1088000,981000,
equiv_simplify: 161000,156000,282000,
implies_simplify: 217000,224000,450000,
__normalized_input: 4381000,4567000,4707000,3784000,6232000,6154000,5172000,5009000,3786000,935000,1410000,
rare_rewrite_eq-symm: 184000,
rare_rewrite_arith-elim-gt: 6082000,11336000,
rare_rewrite_arith-elim-lt: 5490000,5428000,5772000,5518000,5510000,5786000,5552000,5458000,5655000,5524000,5613000,5845000,13247000,5749000,5823000,5820000,6070000,5591000,5663000,5606000,5743000,5808000,6098000,6579000,5396000,5473000,5578000,5645000,5879000,6092000,6352000,6528000,5952000,5385000,5772000,5679000,6154000,5721000,5574000,11166000,11366000,11626000,11254000,11062000,5895000,6228000,6418000,6364000,
rare_rewrite_bool-eq-false: 6141000,
rare_rewrite_arith-elim-leq: 6016000,5379000,5484000,5862000,5500000,5791000,5722000,5754000,5915000,5858000,6203000,5894000,5781000,5795000,6077000,5954000,6372000,5800000,5971000,5818000,5861000,6185000,11211000,11217000,
rare_rewrite_bool-impl-elim: 5624000,5734000,5737000,5729000,5684000,5981000,5999000,6051000,5892000,6067000,6144000,5994000,5914000,6115000,11910000,6714000,6640000,
rare_rewrite_bool-and-de-morgan: 5515000,5544000,5633000,5692000,5689000,5726000,5988000,6660000,5954000,6236000,12836000,6882000,6044000,
rare_rewrite_bool-double-not-elim: 91000,83000,94000,88000,76000,111000,78000,111000,85000,114000,107000,123000,174000,156000,98000,104000,112000,113000,112000,236000,223000,184000,211000,101000,123000,102000,118000,119000,101000,

