1; Draft.Scratch_smt_check_7_30196; 2026-04-10 13:45:31.834;
bind: 437000,534000,329000,324000,345000,375000,395000,281000,234000,300000,288000,263000,311000,176000,173000,207000,200000,234000,260000,236000,302000,509000,
cong: 166000,244000,273000,184000,83000,203000,84000,215000,85000,241000,87000,132000,55000,157000,58000,117000,120000,75000,78000,60000,107000,143000,147000,104000,51000,124000,53000,125000,58000,139000,59000,135000,66000,159000,65000,194000,192000,133000,135000,
refl: 72000,498000,70000,42000,68000,46000,583000,64000,37000,44000,35000,23000,29000,467000,36000,27000,22000,28000,60000,323000,38000,29000,36000,28000,364000,34000,21000,25000,35000,21000,27000,673000,38000,22000,23000,29000,
symm: 350000,384000,217000,263000,183000,219000,224000,267000,
trans: 492000,280000,425000,365000,326000,319000,318000,277000,294000,246000,226000,113000,279000,336000,264000,261000,118000,373000,330000,364000,369000,369000,329000,72000,239000,211000,219000,190000,234000,174000,170000,191000,200000,187000,275000,164000,223000,173000,166000,173000,170000,159000,149000,139000,129000,76000,160000,198000,149000,147000,72000,201000,192000,202000,167000,203000,178000,67000,243000,215000,227000,203000,276000,281000,335000,313000,307000,407000,
or_pos: 179000,396000,
implies: 122000,
parsing: 68338000,
aci_simp: 1703000,1745000,2059000,1880000,1314000,1026000,987000,926000,958000,903000,1263000,998000,1003000,1059000,1163000,1944000,1800000,1814000,
evaluate: 257000,272000,191000,228000,205000,193000,
onepoint: 1850000,2417000,2021000,1215000,1373000,1628000,
qnt_join: 388000,260000,218000,269000,
subproof: 1060000,
equiv_pos2: 265000,472000,
reordering: 212000,184000,430000,
resolution: 228000,304000,334000,462000,227000,234000,164000,202000,301000,
contraction: 213000,
forall_inst: 696000,1442000,
implies_neg1: 292000,
implies_neg2: 160000,
__local_input: 54000,
qnt_rm_unused: 561000,1612000,346000,1574000,276000,1033000,378000,1600000,
__normalized_input: 5798000,821000,1051000,
rare_rewrite_eq-refl: 106000,122000,66000,60000,66000,69000,
rare_rewrite_eq-symm: 117000,123000,75000,71000,79000,79000,
rare_rewrite_or-not-refl: 11763000,11523000,6134000,6031000,7262000,7089000,
rare_rewrite_bool-impl-false1: 5842000,6438000,11700000,19207000,
rare_rewrite_bool-and-de-morgan: 11517000,5606000,5751000,5967000,6098000,11239000,11474000,11910000,
rare_rewrite_bool-double-not-elim: 212000,118000,

