1; Draft.Scratch_smt_check_7_12852; 2026-04-10 13:43:45.630;
bind: 193000,188000,188000,150000,158000,145000,154000,146000,157000,256000,277000,254000,251000,254000,247000,324000,333000,
cong: 130000,86000,126000,95000,120000,90000,86000,73000,113000,85000,79000,69000,115000,153000,58000,45000,62000,61000,150000,140000,138000,197000,137000,131000,107000,177000,277000,82000,77000,106000,82000,104000,207000,211000,166000,136000,174000,
refl: 25000,33000,25000,28000,22000,45000,21000,47000,18000,67000,88000,33000,73000,31000,44000,40000,43000,
trans: 178000,150000,160000,140000,140000,139000,134000,139000,127000,135000,139000,134000,82000,96000,260000,280000,238000,412000,257000,258000,176000,148000,285000,256000,280000,230000,246000,
choice: 68000,
or_neg: 124000,157000,
or_pos: 376000,
and_pos: 101000,98000,177000,
implies: 134000,96000,275000,253000,
parsing: 14132000,
aci_simp: 1103000,1011000,1005000,1831000,1805000,
subproof: 1117000,1112000,2033000,2766000,
equiv_pos1: 51000,117000,
equiv_pos2: 118000,119000,104000,107000,179000,43000,267000,207000,354000,76000,108000,158000,158000,96000,211000,
reordering: 148000,161000,210000,395000,393000,256000,443000,
resolution: 280000,259000,221000,131000,178000,142000,178000,174000,257000,129000,201000,160000,221000,260000,269000,265000,167000,245000,190000,222000,214000,192000,233000,236000,198000,202000,298000,13264000,416000,476000,477000,269000,420000,347000,519000,685000,448000,484000,
sko_forall: 1491000,
contraction: 274000,167000,173000,453000,428000,
forall_inst: 755000,774000,1263000,1204000,
implies_neg1: 175000,375000,189000,380000,
implies_neg2: 180000,112000,313000,382000,
__local_input: 51000,98000,59000,78000,
__normalized_input: 1626000,1519000,1013000,834000,1016000,
rare_rewrite_eq-symm: 93000,82000,79000,123000,80000,73000,119000,86000,155000,66000,77000,144000,213000,141000,136000,232000,150000,222000,129000,128000,157000,
rare_rewrite_bool-impl-false1: 6890000,11326000,
rare_rewrite_bool-and-de-morgan: 6687000,7185000,11569000,11880000,
rare_rewrite_bool-double-not-elim: 148000,189000,

