1; Draft.Scratch_smt_check_7_10147; 2026-04-10 13:43:45.895;
bind: 385000,380000,140000,149000,151000,166000,120000,222000,198000,141000,136000,280000,384000,
cong: 226000,178000,215000,224000,95000,92000,72000,53000,65000,45000,64000,67000,85000,60000,33000,64000,43000,70000,82000,67000,48000,119000,83000,126000,160000,282000,135000,72000,63000,83000,77000,72000,105000,139000,261000,146000,193000,
refl: 32000,18000,17000,25000,21000,35000,102000,26000,73000,62000,
symm: 83000,121000,197000,89000,83000,
trans: 319000,254000,286000,238000,243000,232000,157000,111000,120000,139000,204000,211000,153000,259000,
choice: 36000,71000,
equiv1: 232000,
equiv2: 138000,
or_neg: 100000,131000,144000,119000,127000,146000,112000,290000,308000,266000,320000,209000,212000,168000,
or_pos: 294000,560000,436000,
and_neg: 370000,
and_pos: 117000,172000,144000,158000,168000,150000,183000,162000,
implies: 175000,180000,229000,193000,
parsing: 66318000,
aci_simp: 1187000,1033000,1012000,952000,
subproof: 1066000,15861000,2014000,2163000,
and_intro: 152000,
equiv_pos1: 44000,84000,
equiv_pos2: 312000,103000,87000,95000,43000,74000,101000,155000,146000,103000,101000,191000,172000,308000,67000,69000,91000,144000,366000,156000,324000,
reordering: 194000,154000,143000,201000,410000,181000,328000,529000,537000,992000,258000,313000,500000,
resolution: 163000,173000,152000,136000,156000,135000,166000,302000,396000,324000,205000,1319000,215000,242000,205000,238000,149000,195000,169000,209000,199000,299000,251000,184000,222000,144000,151000,189000,382000,299000,271000,574000,146000,150000,194000,155000,313000,284000,657000,266000,226000,239000,256000,358000,516000,554000,669000,481000,481000,248000,277000,365000,486000,493000,517000,457000,488000,340000,382000,323000,456000,
sko_forall: 1754000,1709000,
contraction: 181000,171000,258000,291000,259000,291000,426000,428000,388000,435000,327000,
forall_inst: 628000,855000,642000,668000,765000,706000,625000,706000,634000,695000,1244000,1322000,1337000,
implies_neg1: 515000,536000,306000,294000,
implies_neg2: 244000,317000,289000,279000,
__local_input: 45000,30000,28000,49000,29000,45000,76000,57000,
equiv_simplify: 305000,411000,
__normalized_input: 2269000,2064000,2008000,1701000,1878000,2028000,1225000,1058000,1146000,1066000,924000,962000,933000,954000,1045000,
rare_rewrite_eq-symm: 78000,122000,94000,91000,153000,138000,
rare_rewrite_bool-eq-false: 5527000,
rare_rewrite_bool-impl-elim: 6005000,5510000,5997000,6041000,12118000,
rare_rewrite_bool-and-de-morgan: 5656000,5777000,5545000,
rare_rewrite_bool-double-not-elim: 80000,73000,270000,252000,170000,
rare_rewrite_bool-implies-de-morgan: 11615000,

