1; Draft.Scratch_smt_check_7_16993; 2026-04-10 13:43:46.172;
bind: 237000,250000,165000,159000,430000,333000,326000,258000,298000,211000,
cong: 90000,61000,185000,89000,132000,213000,217000,154000,217000,
refl: 30000,63000,48000,41000,
symm: 72000,
trans: 100000,119000,138000,296000,462000,220000,230000,
choice: 62000,
equiv1: 85000,
equiv2: 65000,
or_neg: 126000,137000,105000,178000,
or_pos: 167000,251000,268000,413000,326000,280000,
and_pos: 135000,118000,
implies: 155000,180000,
parsing: 36718000,
subproof: 1371000,2264000,
equiv_pos2: 63000,86000,159000,150000,223000,54000,267000,122000,321000,260000,171000,268000,120000,
reordering: 225000,153000,195000,247000,406000,200000,275000,308000,546000,432000,217000,299000,426000,
resolution: 173000,173000,170000,167000,146000,186000,161000,171000,127000,139000,208000,229000,155000,197000,240000,263000,307000,319000,195000,244000,166000,176000,188000,168000,241000,222000,218000,301000,289000,437000,238000,394000,336000,345000,391000,404000,511000,296000,270000,276000,384000,
sko_forall: 1759000,
contraction: 177000,253000,300000,
forall_inst: 647000,721000,692000,1281000,1168000,1262000,1221000,1168000,1315000,
implies_neg1: 214000,246000,
implies_neg2: 204000,248000,
__local_input: 48000,47000,
equiv_simplify: 136000,156000,
__normalized_input: 1740000,1501000,1290000,1193000,775000,815000,751000,965000,803000,
rare_rewrite_eq-symm: 96000,123000,242000,209000,267000,
rare_rewrite_bool-impl-elim: 6209000,5755000,21999000,11377000,11444000,11226000,10626000,
rare_rewrite_bool-double-not-elim: 71000,
rare_rewrite_bool-implies-de-morgan: 11050000,

