1; Draft.Scratch_smt_check_7_900; 2026-04-10 13:43:45.498;
bind: 270000,267000,229000,203000,263000,213000,265000,267000,268000,270000,473000,439000,
cong: 203000,124000,121000,111000,226000,165000,167000,187000,97000,128000,95000,115000,97000,188000,413000,216000,396000,189000,108000,
refl: 57000,75000,77000,21000,23000,23000,27000,48000,
symm: 232000,
trans: 196000,193000,136000,317000,
choice: 73000,
or_neg: 180000,205000,
or_pos: 241000,315000,394000,367000,
and_neg: 389000,
and_pos: 153000,190000,305000,356000,
implies: 194000,205000,182000,140000,181000,201000,338000,379000,
parsing: 43315000,
aci_simp: 947000,
subproof: 1495000,1596000,1101000,1073000,1132000,1505000,2158000,2773000,
and_intro: 166000,
equiv_neg1: 42000,
equiv_neg2: 40000,
equiv_pos1: 68000,59000,
equiv_pos2: 140000,146000,245000,152000,163000,282000,59000,130000,133000,213000,182000,70000,86000,160000,143000,275000,484000,326000,278000,501000,
reordering: 286000,233000,271000,208000,254000,281000,329000,279000,396000,512000,755000,529000,
resolution: 183000,201000,233000,416000,299000,350000,404000,255000,287000,184000,248000,283000,306000,373000,393000,240000,309000,173000,382000,358000,174000,210000,273000,304000,306000,179000,231000,176000,275000,289000,299000,305000,285000,241000,336000,288000,267000,410000,158000,200000,220000,288000,314000,347000,362000,222000,284000,535000,582000,734000,319000,385000,442000,474000,602000,628000,367000,472000,
sko_forall: 1011000,
contraction: 304000,354000,268000,253000,223000,256000,280000,303000,476000,506000,564000,
forall_inst: 816000,782000,749000,808000,1383000,1359000,
implies_neg1: 259000,266000,243000,184000,498000,469000,500000,500000,
implies_neg2: 275000,299000,237000,195000,236000,272000,441000,504000,
__local_input: 52000,55000,41000,40000,137000,125000,33000,56000,41000,69000,
__normalized_input: 6418000,2257000,1872000,2000000,1567000,1238000,
rare_rewrite_eq-symm: 168000,96000,102000,179000,95000,92000,335000,327000,
rare_rewrite_bool-impl-elim: 6533000,6983000,6784000,6090000,6344000,27526000,11948000,11699000,
rare_rewrite_bool-double-not-elim: 164000,

