1; Draft.Scratch_smt_check_7_30929; 2026-04-10 13:46:39.725;
cong: 169000,205000,131000,133000,139000,127000,154000,
refl: 52000,
symm: 179000,181000,
trans: 283000,170000,174000,207000,171000,
and_neg: 364000,
and_pos: 242000,213000,233000,248000,
implies: 294000,355000,
parsing: 2467000,
subproof: 2195000,2212000,
and_intro: 206000,
poly_simp: 3343000,4393000,3224000,3155000,4186000,2979000,4359000,
equiv_pos2: 177000,93000,93000,139000,89000,118000,
reordering: 441000,573000,628000,
resolution: 311000,457000,352000,281000,566000,627000,500000,706000,326000,312000,319000,328000,542000,506000,710000,338000,322000,423000,
contraction: 459000,451000,465000,482000,
forall_inst: 1273000,1228000,2726000,
implies_neg1: 414000,373000,
implies_neg2: 382000,395000,
__local_input: 37000,43000,40000,53000,
poly_simp_rel: 1973000,1775000,1810000,1739000,
__normalized_input: 1287000,972000,1298000,

