1; Draft.Scratch_smt_check_7_10730; 2026-04-10 13:46:35.179;
bind: 259000,290000,261000,318000,256000,244000,
cong: 135000,116000,121000,141000,102000,94000,120000,74000,96000,112000,101000,120000,151000,247000,171000,
refl: 38000,39000,27000,36000,43000,
symm: 143000,125000,
trans: 246000,245000,201000,201000,247000,254000,203000,
implies: 256000,
parsing: 3728000,
subproof: 2065000,
equiv_pos2: 176000,60000,93000,88000,181000,391000,
reordering: 401000,
resolution: 258000,361000,400000,285000,372000,399000,479000,447000,280000,406000,
contraction: 396000,
forall_inst: 1281000,
implies_neg1: 344000,
implies_neg2: 350000,
__local_input: 135000,
__normalized_input: 15956000,6087000,1091000,952000,
rare_rewrite_eq-symm: 171000,194000,197000,179000,225000,193000,165000,225000,

