1; Draft.Scratch_smt_check_7_9848; 2026-04-10 13:49:45.698;
bind: 372000,339000,390000,335000,382000,349000,
cong: 281000,247000,129000,86000,35000,235000,129000,69000,122000,310000,154000,97000,94000,177000,181000,181000,103000,99000,280000,245000,145000,245000,135000,74000,276000,130000,71000,35000,310000,155000,94000,88000,166000,106000,107000,305000,171000,109000,102000,277000,157000,99000,122000,265000,131000,73000,42000,263000,138000,69000,122000,231000,158000,185000,92000,101000,59000,28000,31000,34000,128000,155000,152000,146000,239000,124000,248000,130000,77000,547000,256000,133000,64000,646000,300000,211000,184000,414000,362000,345000,204000,220000,67000,524000,365000,360000,506000,426000,309000,159000,104000,110000,284000,155000,97000,94000,250000,130000,71000,36000,234000,129000,69000,125000,39000,207000,142000,169000,154000,113000,2401000,
ite1: 85000,
ite2: 84000,
refl: 48000,67000,48000,67000,67000,52000,15000,19000,25000,114000,171000,45000,67000,27000,49000,97000,242000,227000,213000,278000,49000,
symm: 482000,444000,142000,153000,222000,486000,447000,146000,
true: 68000,
trans: 662000,680000,503000,633000,689000,557000,769000,643000,100000,345000,142000,316000,324000,637000,743000,1012000,214000,767000,962000,1096000,683000,696000,100000,
equiv1: 117000,559000,236000,125000,327000,
equiv2: 135000,320000,316000,941000,
or_neg: 1219000,1312000,1226000,1235000,1298000,1145000,1336000,1143000,
or_pos: 360000,325000,343000,328000,304000,326000,
and_neg: 1749000,
and_pos: 1570000,1806000,1733000,1720000,1798000,1502000,1522000,1577000,1494000,1565000,1731000,1773000,1782000,1883000,406000,426000,1795000,2001000,2013000,1957000,2064000,1699000,1881000,1760000,3305000,3668000,3680000,3654000,3771000,3445000,3264000,
implies: 1820000,1819000,2141000,3662000,
not_and: 1304000,
not_not: 244000,580000,
parsing: 78826000,
evaluate: 272000,
subproof: 2843000,2902000,1384000,3250000,5551000,
and_intro: 1746000,536000,1888000,
equiv_pos2: 506000,431000,412000,535000,321000,412000,444000,485000,549000,542000,526000,467000,424000,72000,83000,222000,215000,30000,209000,409000,483000,1013000,1199000,655000,622000,540000,481000,431000,409000,2550000,
reordering: 499000,2513000,13798000,502000,13771000,503000,148000,493000,2547000,814000,496000,18606000,493000,29135000,
resolution: 436000,153000,160000,471000,263000,320000,445000,468000,451000,484000,441000,2089000,2155000,1510000,7173000,384000,267000,317000,456000,461000,467000,548000,2143000,1580000,7291000,504000,498000,520000,480000,271000,359000,209000,181000,230000,208000,15984000,512000,344000,3060000,12018000,1213000,346000,434000,372000,619000,163000,224000,256000,301000,347000,278000,357000,2782000,1790000,9213000,267000,292000,343000,411000,480000,486000,874000,884000,739000,378000,3957000,2712000,14510000,440000,533000,784000,827000,512000,480000,453000,452000,239000,
contraction: 2522000,3936000,2541000,3853000,5870000,455000,511000,2966000,4832000,5135000,8555000,
forall_inst: 1056000,966000,1019000,981000,1072000,980000,
implies_neg1: 3359000,3311000,589000,3471000,3773000,
implies_neg2: 2070000,2081000,353000,2366000,3921000,
__local_input: 60000,26000,36000,132000,143000,119000,164000,65000,120000,183000,117000,135000,56000,62000,60000,130000,33000,108000,115000,114000,128000,94000,62000,55000,113000,113000,112000,141000,28000,113000,50000,
equiv_simplify: 202000,403000,419000,382000,1236000,220000,484000,
implies_simplify: 668000,
__normalized_input: 3024000,2842000,2869000,2742000,2337000,838000,540000,620000,1044000,
rare_rewrite_ite-eq: 6210000,
rare_rewrite_eq-refl: 92000,183000,94000,
rare_rewrite_eq-symm: 624000,611000,477000,607000,656000,674000,642000,90000,119000,236000,227000,222000,615000,697000,1084000,936000,639000,616000,
rare_rewrite_bool-impl-elim: 6593000,7779000,6429000,
rare_rewrite_bool-double-not-elim: 536000,

