1; Draft.Scratch_smt_check_7_27043; 2026-04-10 13:51:35.200;
bind: 464000,482000,452000,229000,265000,241000,
cong: 112000,344000,151000,104000,68000,83000,117000,102000,110000,67000,85000,197000,116000,82000,113000,93000,
refl: 66000,40000,73000,25000,28000,
symm: 232000,110000,118000,
false: 21000,
trans: 231000,251000,244000,390000,436000,298000,123000,137000,200000,211000,124000,125000,129000,152000,160000,141000,119000,124000,138000,128000,
equiv1: 229000,
implies: 341000,166000,
parsing: 2497000,
evaluate: 469000,264000,270000,316000,
subproof: 1141000,
and_intro: 265000,
poly_simp: 4290000,2785000,2295000,2290000,1719000,2199000,
equiv_pos2: 65000,92000,133000,50000,141000,217000,45000,67000,
la_generic: 4389000,6034000,
resolution: 337000,380000,436000,460000,424000,344000,332000,476000,369000,596000,540000,313000,349000,337000,229000,303000,491000,
contraction: 296000,
forall_inst: 742000,
la_mult_neg: 402000,
implies_neg1: 253000,
implies_neg2: 246000,
__local_input: 217000,
poly_simp_rel: 1862000,1003000,951000,965000,
equiv_simplify: 398000,
__normalized_input: 812000,494000,677000,
rare_rewrite_eq-refl: 105000,
rare_rewrite_eq-symm: 370000,252000,146000,174000,115000,130000,115000,170000,
rare_rewrite_bool-eq-true: 5744000,
rare_rewrite_arith-elim-lt: 11346000,6189000,5878000,5812000,
rare_rewrite_arith-geq-tighten: 11144000,5700000,
rare_rewrite_bool-double-not-elim: 272000,275000,144000,122000,142000,

