1; Draft.Scratch_smt_check_7_7474; 2026-04-10 13:45:46.116;
bind: 260000,145000,198000,212000,478000,549000,213000,238000,239000,312000,263000,142000,167000,167000,152000,212000,244000,237000,283000,267000,519000,557000,217000,238000,240000,279000,271000,142000,167000,172000,162000,217000,241000,275000,273000,250000,359000,387000,499000,834000,423000,262000,259000,229000,253000,
cong: 144000,104000,107000,137000,139000,138000,135000,141000,40000,48000,126000,140000,216000,105000,130000,53000,274000,135000,558000,430000,140000,130000,49000,135000,132000,65000,140000,204000,103000,125000,53000,261000,136000,137000,134000,149000,137000,134000,45000,126000,140000,216000,106000,133000,56000,265000,132000,422000,97000,322000,286000,332000,527000,188000,167000,54000,215000,126000,116000,111000,80000,80000,74000,97000,85000,53000,101000,50000,96000,81000,120000,147000,52000,163000,51000,132000,119000,109000,77000,78000,76000,281000,436000,107000,305000,305000,368000,534000,154000,166000,58000,216000,134000,122000,120000,82000,83000,81000,92000,90000,55000,107000,58000,102000,78000,124000,153000,54000,173000,59000,128000,115000,109000,79000,94000,73000,288000,23017000,724000,243000,282000,85000,242000,268000,104000,244000,370000,208000,220000,134000,440000,216000,233000,244000,198000,186000,207000,166000,205000,433000,511000,402000,216000,170000,281000,266000,136000,165000,78000,190000,135000,154000,45000,
refl: 29000,100000,24000,27000,28000,19000,22000,28000,70000,17000,22000,29000,32000,20000,24000,33000,17000,22000,29000,69000,31000,21000,28000,32000,72000,91000,19000,22000,27000,29000,431000,21000,29000,29000,26000,28000,35000,246000,23000,24000,29000,20000,22000,31000,31000,448000,20000,22000,27000,24000,24000,97000,22000,26000,31000,31000,437000,20000,24000,31000,26000,28000,31000,251000,25000,34000,31000,21000,23000,30000,31000,441000,22000,25000,32000,26000,28000,30000,41000,51000,58000,35000,39000,58000,39000,43000,107000,131000,38000,200000,104000,377000,44000,26000,22000,31000,27000,36000,40000,24000,36000,
symm: 44000,91000,52000,50000,67000,44000,57000,212000,258000,215000,258000,224000,419000,222000,252000,51000,52000,
trans: 208000,161000,171000,149000,142000,83000,51000,61000,65000,66000,520000,451000,109000,446000,451000,398000,490000,497000,212000,214000,216000,190000,232000,222000,226000,210000,238000,182000,197000,189000,174000,155000,177000,185000,167000,135000,132000,140000,125000,95000,65000,131000,138000,111000,153000,129000,134000,117000,124000,220000,217000,214000,197000,71000,248000,233000,232000,210000,239000,199000,188000,173000,152000,182000,182000,167000,543000,535000,443000,108000,453000,459000,407000,504000,499000,211000,217000,223000,193000,244000,226000,231000,212000,234000,192000,204000,194000,180000,160000,187000,190000,175000,125000,123000,131000,111000,96000,74000,132000,146000,113000,158000,134000,139000,118000,129000,215000,217000,222000,213000,95000,247000,233000,237000,215000,232000,196000,191000,174000,151000,177000,185000,163000,535000,414000,297000,285000,264000,256000,754000,705000,733000,639000,665000,689000,622000,325000,276000,321000,134000,154000,323000,193000,240000,128000,157000,64000,
choice: 24000,24000,26000,28000,26000,27000,27000,28000,29000,61000,
equiv1: 100000,99000,104000,
equiv2: 61000,60000,60000,72000,58000,64000,
or_neg: 119000,123000,160000,162000,196000,139000,160000,193000,143000,162000,196000,148000,156000,190000,144000,156000,197000,140000,141000,120000,132000,123000,254000,262000,150000,172000,136000,288000,255000,150000,183000,133000,163000,192000,143000,151000,184000,141000,148000,167000,201000,148000,160000,191000,145000,152000,197000,142000,116000,119000,117000,257000,271000,152000,175000,145000,461000,451000,382000,343000,235000,281000,338000,255000,292000,331000,249000,242000,318000,199000,245000,297000,241000,208000,376000,440000,135000,
or_pos: 250000,170000,237000,180000,242000,156000,285000,274000,437000,273000,821000,472000,294000,275000,230000,191000,
and_neg: 145000,149000,
and_pos: 76000,72000,76000,80000,68000,74000,79000,88000,76000,83000,74000,82000,87000,103000,77000,85000,76000,79000,98000,76000,79000,84000,78000,79000,81000,79000,96000,87000,80000,77000,83000,92000,83000,84000,
implies: 128000,221000,78000,85000,221000,100000,194000,439000,194000,242000,104000,196000,453000,476000,320000,224000,82000,79000,
not_and: 128000,149000,134000,
not_not: 83000,90000,87000,
parsing: 161839000,
aci_simp: 1016000,906000,1295000,961000,993000,991000,946000,959000,919000,860000,878000,929000,905000,915000,979000,1022000,996000,939000,929000,950000,1459000,1465000,1361000,995000,1191000,1026000,986000,935000,937000,860000,922000,968000,935000,953000,1007000,1027000,994000,933000,915000,909000,1468000,1472000,1895000,1696000,2903000,2272000,1329000,1098000,1232000,932000,1001000,
evaluate: 162000,161000,159000,173000,179000,187000,182000,
onepoint: 1406000,904000,1451000,1446000,926000,1447000,
qnt_join: 250000,259000,254000,265000,
subproof: 1006000,1073000,2087000,976000,959000,2065000,979000,1019000,1111000,2872000,1137000,2099000,1000000,995000,1117000,2942000,2229000,2041000,2136000,966000,992000,
and_intro: 115000,82000,77000,75000,78000,
equiv_pos2: 181000,88000,27000,77000,138000,144000,138000,135000,144000,24000,76000,132000,244000,255000,140000,726000,124000,241000,253000,134000,145000,132000,154000,139000,142000,26000,78000,127000,242000,260000,141000,486000,484000,1537000,258000,496000,505000,263000,282000,258000,220000,235000,382000,243000,476000,363000,208000,169000,
reordering: 302000,171000,307000,178000,300000,165000,126000,265000,302000,131000,119000,129000,239000,240000,230000,232000,240000,382000,174000,246000,254000,381000,235000,262000,213000,649000,233000,234000,223000,242000,237000,5388000,374000,253000,272000,218000,1376000,436000,433000,416000,329000,336000,539000,392000,430000,224000,257000,258000,294000,186000,
resolution: 161000,176000,200000,224000,319000,169000,222000,372000,232000,1257000,318000,201000,139000,161000,121000,267000,231000,1267000,331000,217000,233000,1314000,326000,291000,196000,200000,309000,275000,149000,151000,171000,181000,426000,170000,126000,133000,181000,221000,222000,481000,4322000,3017000,279000,1102000,298000,1119000,305000,1115000,308000,1083000,1540000,280000,1137000,438000,438000,626000,408000,320000,187000,187000,439000,127000,195000,190000,439000,404000,471000,615000,409000,308000,293000,149000,160000,177000,179000,439000,130000,128000,128000,158000,215000,211000,468000,392000,1453000,299000,568000,370000,304000,158000,246000,295000,457000,546000,726000,778000,490000,389000,1408000,292000,536000,359000,301000,262000,321000,282000,338000,286000,307000,1437000,296000,1089000,343000,1105000,497000,1695000,398000,441000,626000,411000,308000,268000,169000,159000,180000,179000,435000,139000,126000,124000,154000,218000,219000,474000,397000,1434000,306000,596000,374000,313000,169000,271000,293000,458000,419000,585000,751000,812000,450000,419000,681000,2440000,515000,987000,658000,706000,440000,568000,491000,566000,514000,531000,708000,381000,349000,2191000,403000,478000,428000,490000,548000,451000,612000,669000,782000,549000,479000,716000,450000,626000,415000,167000,286000,252000,255000,300000,323000,195000,194000,442000,130000,196000,195000,488000,
sko_forall: 1188000,1205000,1193000,2264000,5357000,2914000,
contraction: 228000,139000,174000,182000,204000,261000,270000,262000,255000,270000,354000,119000,149000,125000,155000,361000,197000,111000,147000,142000,167000,363000,324000,234000,698000,345000,315000,252000,265000,257000,270000,261000,486000,357000,191000,114000,152000,144000,175000,358000,325000,264000,703000,685000,613000,492000,504000,474000,385000,392000,635000,601000,365000,126000,156000,122000,164000,
forall_inst: 626000,714000,702000,616000,747000,642000,708000,618000,737000,746000,995000,754000,1126000,1318000,802000,809000,
implies_neg1: 106000,137000,345000,113000,117000,342000,100000,134000,257000,635000,251000,348000,106000,133000,257000,686000,498000,436000,353000,119000,128000,
implies_neg2: 81000,136000,318000,98000,100000,320000,87000,130000,259000,627000,255000,322000,86000,134000,258000,650000,534000,418000,339000,102000,108000,
__local_input: 12000,11000,17000,12000,13000,21000,67000,11000,12000,14000,12000,12000,17000,84000,15000,11000,15000,12000,14000,17000,46000,110000,46000,69000,12000,11000,19000,11000,12000,17000,45000,112000,91000,99000,72000,11000,12000,14000,12000,13000,19000,
qnt_rm_unused: 317000,1196000,326000,1269000,333000,1214000,313000,1225000,
equiv_simplify: 132000,133000,136000,137000,124000,133000,
miniscope_split: 255000,258000,1140000,
implies_simplify: 176000,166000,173000,
__normalized_input: 2113000,1536000,1165000,836000,719000,684000,369000,496000,
rare_rewrite_eq-refl: 61000,62000,65000,62000,
rare_rewrite_eq-symm: 71000,69000,80000,72000,69000,69000,66000,67000,66000,73000,72000,73000,73000,215000,139000,120000,
rare_rewrite_or-not-refl: 6180000,6147000,6426000,6717000,6431000,6610000,
rare_rewrite_bool-impl-elim: 6203000,6238000,10996000,10852000,7004000,6182000,6047000,
rare_rewrite_bool-impl-false1: 6344000,5905000,12208000,7507000,6504000,6387000,6363000,7677000,
rare_rewrite_bool-or-de-morgan: 5846000,6256000,
rare_rewrite_bool-and-de-morgan: 5808000,7918000,6215000,6453000,6638000,5739000,5873000,6028000,6212000,5865000,6035000,5926000,6054000,6318000,6481000,6332000,6739000,7401000,6055000,6159000,6330000,6483000,6052000,6372000,5888000,5904000,6112000,6226000,10703000,10785000,11822000,10891000,10902000,11690000,6362000,5874000,
rare_rewrite_bool-double-not-elim: 70000,78000,86000,79000,76000,83000,77000,193000,103000,179000,77000,84000,85000,92000,79000,75000,77000,194000,100000,69000,76000,76000,103000,83000,82000,359000,151000,156000,144000,158000,150000,351000,

