1; Draft.Scratch_smt_check_7_19627; 2026-04-10 13:45:44.970;
bind: 215000,283000,493000,329000,
cong: 101000,103000,167000,117000,108000,247000,191000,187000,159000,297000,234000,192000,178000,
refl: 37000,96000,59000,185000,121000,43000,
trans: 222000,185000,221000,146000,157000,127000,407000,359000,380000,240000,318000,277000,252000,221000,
choice: 97000,
or_neg: 135000,136000,112000,126000,151000,118000,310000,324000,
or_pos: 269000,439000,321000,
implies: 241000,194000,
parsing: 25933000,
aci_simp: 1100000,956000,2156000,1868000,
subproof: 1991000,2050000,
equiv_pos2: 109000,99000,97000,184000,104000,388000,165000,304000,227000,154000,
reordering: 160000,153000,345000,633000,332000,379000,
resolution: 125000,159000,185000,247000,131000,214000,1425000,216000,245000,225000,237000,161000,334000,341000,150000,265000,542000,451000,570000,550000,614000,516000,499000,527000,386000,393000,240000,385000,
sko_forall: 1844000,
contraction: 182000,182000,446000,434000,301000,
forall_inst: 736000,675000,829000,13429000,1620000,1247000,
implies_neg1: 334000,254000,
implies_neg2: 368000,246000,
__local_input: 72000,61000,
connective_def: 214000,390000,335000,
__normalized_input: 1677000,1511000,1307000,1006000,1028000,
rare_rewrite_bool-impl-elim: 6635000,6557000,12435000,
rare_rewrite_bool-and-de-morgan: 5914000,6156000,11593000,11752000,11774000,
rare_rewrite_bool-double-not-elim: 84000,88000,129000,151000,252000,218000,

