1; Draft.Scratch_smt_check_7_23479; 2026-04-10 13:45:45.140;
bind: 412000,358000,351000,346000,441000,345000,347000,
cong: 285000,187000,159000,161000,137000,272000,212000,170000,
trans: 332000,316000,193000,347000,338000,
or_pos: 420000,
implies: 315000,
parsing: 23498000,
aci_simp: 1862000,1910000,
subproof: 2754000,
equiv_pos2: 488000,208000,267000,102000,397000,184000,
reordering: 646000,389000,604000,736000,
resolution: 425000,344000,325000,464000,439000,279000,259000,391000,607000,686000,480000,338000,347000,469000,
contraction: 548000,
forall_inst: 1386000,1269000,1413000,1466000,
implies_neg1: 504000,
implies_neg2: 499000,
__local_input: 139000,
connective_def: 362000,391000,403000,
__normalized_input: 1841000,3809000,1372000,3150000,1277000,1304000,
rare_rewrite_bool-impl-elim: 11345000,18083000,
rare_rewrite_bool-double-not-elim: 215000,

