1; Draft.Scratch_smt_check_7_19779; 2026-04-10 13:49:20.802;
bind: 277000,277000,262000,504000,501000,467000,521000,522000,466000,283000,272000,286000,287000,348000,292000,
cong: 83000,111000,83000,108000,128000,54000,134000,121000,106000,104000,167000,179000,133000,170000,245000,89000,213000,183000,171000,167000,150000,184000,131000,175000,241000,95000,232000,226000,387000,120000,79000,67000,91000,243000,136000,128000,62000,76000,107000,89000,110000,138000,51000,56000,83000,120000,81000,114000,148000,51000,54000,137000,116000,220000,
ite1: 237000,
ite2: 250000,
refl: 19000,20000,20000,20000,35000,67000,31000,31000,32000,31000,31000,31000,74000,30000,64000,57000,16000,19000,21000,19000,33000,17000,19000,25000,21000,34000,49000,47000,36000,
symm: 291000,221000,147000,118000,
true: 159000,
trans: 292000,237000,277000,155000,140000,143000,146000,
choice: 26000,77000,
equiv1: 577000,348000,612000,177000,192000,
equiv2: 283000,233000,340000,149000,125000,
or_neg: 164000,177000,196000,159000,242000,295000,11645000,422000,304000,346000,381000,308000,317000,346000,317000,330000,423000,429000,410000,485000,170000,236000,
and_pos: 389000,422000,454000,434000,406000,434000,400000,405000,413000,435000,235000,235000,227000,241000,219000,250000,
implies: 218000,419000,606000,415000,217000,321000,220000,
not_and: 443000,513000,
not_not: 284000,159000,
parsing: 23810000,
evaluate: 424000,226000,
subproof: 1131000,2332000,2273000,2507000,2216000,1227000,1170000,1377000,1167000,
and_intro: 462000,266000,
equiv_pos2: 159000,165000,255000,131000,123000,94000,313000,323000,446000,251000,227000,180000,76000,202000,315000,307000,457000,246000,269000,352000,213000,238000,134000,118000,164000,162000,232000,28000,163000,166000,242000,129000,136000,201000,
reordering: 209000,1411000,403000,1617000,378000,332000,1440000,899000,
resolution: 240000,184000,177000,190000,255000,199000,287000,294000,360000,334000,202000,284000,205000,193000,315000,328000,269000,300000,561000,1533000,468000,501000,588000,511000,1701000,392000,353000,470000,435000,446000,515000,546000,661000,601000,366000,516000,313000,417000,575000,597000,493000,555000,830000,767000,1749000,342000,486000,585000,433000,509000,528000,645000,591000,412000,537000,359000,543000,615000,434000,423000,548000,404000,965000,2801000,510000,478000,583000,523000,1544000,185000,193000,216000,314000,341000,234000,257000,275000,292000,487000,332000,210000,288000,217000,183000,225000,461000,439000,951000,192000,219000,290000,395000,365000,348000,211000,328000,214000,205000,308000,359000,
sko_forall: 1687000,3222000,3067000,1720000,1707000,
contraction: 334000,240000,495000,669000,676000,626000,437000,823000,920000,451000,614000,982000,578000,699000,337000,430000,492000,326000,
forall_inst: 704000,842000,1445000,1450000,817000,727000,771000,868000,
implies_neg1: 280000,552000,592000,525000,797000,278000,313000,286000,476000,
implies_neg2: 267000,399000,515000,888000,487000,439000,266000,603000,270000,
__local_input: 139000,185000,70000,108000,138000,135000,189000,48000,59000,62000,92000,141000,25000,30000,34000,84000,160000,31000,33000,25000,90000,
equiv_simplify: 418000,460000,492000,244000,262000,216000,277000,
implies_simplify: 744000,766000,
__normalized_input: 3045000,2986000,3106000,
rare_rewrite_ite-eq: 11462000,
rare_rewrite_eq-refl: 248000,147000,152000,
rare_rewrite_eq-symm: 126000,121000,228000,244000,235000,237000,298000,286000,123000,122000,128000,133000,
rare_rewrite_bool-impl-elim: 6478000,11557000,11534000,6585000,6148000,
rare_rewrite_bool-double-not-elim: 127000,261000,258000,169000,

