1; Draft.Scratch_smt_check_7_30968; 2026-04-10 13:49:20.291;
bind: 270000,302000,308000,525000,233000,231000,214000,227000,237000,291000,240000,208000,242000,251000,279000,253000,218000,281000,247000,299000,297000,258000,447000,461000,
cong: 136000,904000,135000,202000,263000,128000,239000,132000,114000,108000,81000,88000,234000,271000,109000,67000,72000,62000,162000,156000,270000,80000,74000,101000,65000,75000,66000,105000,65000,100000,65000,81000,163000,570000,73000,69000,161000,139000,253000,174000,440000,249000,305000,278000,105000,418000,
refl: 62000,39000,44000,86000,37000,334000,34000,331000,34000,338000,29000,50000,86000,141000,85000,90000,
symm: 188000,217000,245000,231000,242000,216000,246000,169000,187000,320000,314000,268000,261000,230000,
trans: 212000,189000,207000,187000,199000,210000,187000,170000,228000,227000,260000,225000,229000,198000,228000,197000,177000,156000,237000,228000,314000,218000,185000,204000,228000,213000,205000,156000,238000,227000,264000,232000,189000,270000,247000,272000,294000,310000,
choice: 29000,68000,
equiv1: 197000,156000,389000,686000,
equiv2: 194000,210000,352000,342000,248000,258000,
or_neg: 206000,230000,207000,283000,300000,216000,248000,199000,203000,258000,280000,287000,344000,356000,376000,371000,365000,386000,221000,206000,247000,292000,313000,201000,269000,261000,275000,396000,426000,418000,431000,432000,409000,478000,
or_pos: 271000,290000,361000,250000,266000,
and_neg: 300000,495000,
and_pos: 270000,265000,271000,270000,385000,405000,428000,398000,454000,306000,352000,351000,293000,316000,300000,536000,580000,555000,666000,569000,553000,435000,477000,469000,436000,427000,400000,392000,433000,321000,295000,
implies: 245000,357000,262000,270000,250000,261000,287000,201000,436000,202000,292000,355000,304000,205000,265000,727000,371000,585000,355000,334000,
not_and: 272000,468000,
not_not: 193000,198000,312000,325000,
parsing: 24442000,
aci_simp: 1006000,1091000,1000000,1092000,1042000,1123000,
evaluate: 265000,272000,272000,469000,450000,
onepoint: 1166000,1205000,1162000,
qnt_join: 254000,246000,254000,
subproof: 1513000,1700000,1427000,1213000,1268000,1299000,1294000,1178000,1382000,1148000,1301000,1335000,1331000,1184000,1251000,2311000,2569000,2062000,2257000,2461000,2083000,2197000,
and_intro: 233000,312000,312000,506000,478000,312000,
equiv_pos1: 43000,79000,
equiv_pos2: 147000,129000,45000,420000,240000,120000,230000,126000,50000,299000,118000,219000,330000,147000,174000,164000,331000,109000,112000,175000,419000,137000,132000,127000,251000,52000,437000,1287000,308000,287000,53000,310000,256000,463000,
not_equiv1: 279000,
not_equiv2: 274000,
reordering: 259000,304000,328000,411000,275000,285000,422000,299000,521000,631000,625000,1834000,906000,791000,344000,270000,1404000,1722000,589000,1522000,1591000,740000,
resolution: 291000,217000,290000,239000,234000,222000,309000,344000,241000,229000,371000,275000,264000,406000,410000,292000,297000,443000,537000,516000,327000,237000,297000,2174000,419000,380000,407000,278000,411000,434000,441000,399000,391000,326000,358000,248000,330000,460000,329000,301000,477000,525000,436000,390000,373000,539000,250000,394000,425000,1012000,246000,267000,299000,245000,383000,470000,417000,276000,237000,296000,222000,312000,330000,338000,246000,1000000,3455000,805000,527000,474000,1544000,226000,217000,310000,329000,333000,240000,242000,240000,378000,452000,426000,287000,495000,477000,804000,287000,250000,288000,416000,378000,788000,218000,243000,259000,301000,303000,232000,305000,344000,356000,284000,279000,293000,411000,420000,422000,442000,474000,427000,369000,488000,527000,288000,365000,14846000,616000,1442000,350000,412000,454000,391000,964000,875000,1478000,699000,740000,393000,503000,570000,549000,399000,975000,2700000,487000,510000,597000,556000,1577000,379000,366000,376000,376000,497000,395000,456000,832000,792000,1808000,364000,514000,581000,561000,423000,369000,509000,512000,759000,354000,551000,
sko_forall: 1254000,1301000,
contraction: 288000,346000,537000,332000,403000,391000,293000,444000,344000,358000,351000,401000,431000,277000,1220000,537000,714000,294000,435000,473000,506000,388000,439000,278000,350000,430000,387000,464000,424000,735000,1287000,1058000,619000,499000,1133000,566000,697000,903000,898000,508000,444000,482000,
forall_inst: 787000,810000,833000,864000,979000,897000,847000,1066000,862000,974000,780000,835000,846000,928000,991000,843000,829000,927000,870000,1425000,1474000,1523000,1441000,1538000,
implies_neg1: 327000,493000,325000,338000,369000,373000,403000,254000,256000,385000,547000,255000,440000,667000,355000,746000,991000,441000,631000,456000,415000,777000,
implies_neg2: 314000,495000,327000,320000,333000,331000,390000,250000,433000,247000,384000,440000,326000,253000,331000,524000,1030000,423000,428000,827000,454000,480000,
__local_input: 138000,175000,151000,123000,68000,70000,76000,99000,99000,60000,64000,97000,49000,78000,105000,43000,38000,41000,48000,35000,44000,52000,62000,104000,117000,88000,81000,143000,77000,147000,185000,95000,52000,61000,59000,131000,94000,53000,100000,69000,51000,48000,135000,
qnt_rm_unused: 309000,1030000,303000,934000,317000,932000,
equiv_simplify: 268000,277000,290000,229000,501000,508000,398000,447000,
implies_simplify: 493000,770000,
__normalized_input: 25673000,13824000,13764000,13430000,3939000,4080000,3779000,662000,
rare_rewrite_eq-refl: 170000,149000,158000,
rare_rewrite_eq-symm: 304000,250000,160000,142000,272000,140000,219000,198000,270000,143000,167000,208000,155000,362000,314000,337000,296000,
rare_rewrite_or-not-refl: 6965000,6991000,7116000,
rare_rewrite_bool-impl-elim: 6550000,6813000,7350000,6641000,6767000,6906000,7137000,
rare_rewrite_bool-double-not-elim: 162000,270000,162000,162000,206000,225000,162000,281000,367000,321000,310000,

