1; Draft.Scratch_smt_check_7_17812; 2026-04-10 13:48:34.982;
bind: 285000,376000,459000,
cong: 141000,117000,368000,139000,70000,81000,284000,81000,84000,103000,79000,81000,105000,76000,80000,104000,118000,338000,220000,
ite1: 151000,
ite2: 175000,
refl: 87000,57000,92000,43000,71000,23000,34000,116000,99000,55000,54000,54000,54000,86000,195000,94000,168000,
symm: 215000,273000,414000,
true: 67000,
trans: 243000,202000,165000,284000,204000,193000,176000,202000,443000,374000,
equiv1: 171000,297000,291000,283000,188000,
equiv2: 239000,285000,232000,
or_neg: 264000,312000,406000,328000,295000,311000,
or_pos: 235000,215000,
and_neg: 323000,364000,
and_pos: 275000,299000,279000,301000,318000,320000,294000,315000,
implies: 262000,264000,295000,292000,208000,
not_not: 208000,195000,
parsing: 15771000,
subproof: 1338000,1236000,1297000,1268000,1341000,
and_intro: 236000,253000,
equiv_pos2: 181000,304000,243000,269000,186000,133000,130000,129000,334000,315000,
reordering: 590000,579000,255000,316000,631000,625000,266000,
resolution: 239000,324000,226000,224000,199000,507000,606000,434000,410000,371000,564000,203000,414000,375000,573000,189000,210000,323000,320000,329000,317000,321000,270000,330000,238000,262000,516000,640000,467000,447000,433000,630000,218000,234000,271000,477000,402000,595000,193000,197000,218000,265000,313000,345000,407000,15489000,508000,
contraction: 492000,374000,386000,373000,384000,534000,407000,459000,399000,406000,297000,
forall_inst: 925000,1404000,
implies_neg1: 714000,430000,469000,488000,531000,
implies_neg2: 322000,335000,372000,371000,257000,
__local_input: 62000,50000,64000,50000,43000,37000,64000,51000,174000,
equiv_simplify: 344000,251000,382000,374000,396000,306000,271000,
__normalized_input: 1382000,1203000,1420000,
rare_rewrite_ite-eq: 6915000,
rare_rewrite_eq-refl: 185000,182000,201000,
rare_rewrite_eq-symm: 215000,251000,
rare_rewrite_bool-impl-elim: 7200000,7159000,11983000,
rare_rewrite_bool-double-not-elim: 140000,246000,219000,

