1; Draft.Scratch_smt_check_7_8609; 2026-04-10 13:48:34.600;
bind: 200000,460000,266000,270000,378000,
cong: 59000,98000,143000,136000,299000,14044000,165000,129000,167000,115000,97000,147000,
refl: 23000,148000,121000,83000,51000,85000,87000,55000,84000,51000,46000,
symm: 290000,211000,219000,234000,187000,
trans: 305000,216000,183000,218000,190000,273000,278000,
or_pos: 348000,420000,
implies: 196000,348000,
parsing: 9955000,
subproof: 1172000,2263000,
equiv_pos2: 115000,222000,145000,155000,446000,122000,237000,
reordering: 555000,559000,
resolution: 164000,241000,206000,251000,344000,185000,290000,304000,289000,327000,341000,212000,285000,477000,642000,570000,340000,424000,
contraction: 302000,528000,
forall_inst: 1145000,910000,1445000,
implies_neg1: 298000,468000,
implies_neg2: 251000,463000,
__local_input: 113000,213000,
__normalized_input: 7378000,1590000,4196000,826000,932000,
rare_rewrite_eq-symm: 266000,215000,
rare_rewrite_bool-impl-elim: 7337000,6441000,6524000,
rare_rewrite_bool-double-not-elim: 118000,110000,

