1; Draft.Scratch_smt_check_7_6204; 2026-04-10 13:42:52.466;
cong: 70000,71000,84000,44000,113000,60000,49000,41000,133000,78000,132000,85000,57000,42000,44000,43000,374000,
refl: 27000,28000,32000,27000,27000,32000,85000,93000,
symm: 78000,154000,115000,
trans: 235000,203000,230000,
equiv1: 245000,
equiv2: 197000,
or_neg: 314000,328000,326000,
and_neg: 386000,
and_pos: 294000,267000,
implies: 310000,
not_not: 189000,
parsing: 2222000,
subproof: 2050000,
equiv_pos2: 144000,148000,168000,128000,147000,402000,
reordering: 702000,
resolution: 310000,308000,302000,285000,659000,807000,608000,517000,477000,795000,293000,241000,312000,404000,384000,
contraction: 705000,442000,593000,
implies_neg1: 446000,
implies_neg2: 414000,
__local_input: 47000,44000,
equiv_simplify: 339000,379000,
__normalized_input: 1088000,1074000,970000,
rare_rewrite_eq-symm: 241000,235000,
rare_rewrite_bool-double-not-elim: 237000,

