1; Draft.Scratch_smt_check_7_13313; 2026-04-10 13:46:59.558;
bind: 393000,435000,368000,286000,391000,419000,371000,
cong: 171000,164000,105000,147000,109000,108000,169000,107000,101000,97000,72000,84000,174000,156000,102000,140000,107000,131000,167000,
refl: 67000,29000,32000,24000,29000,71000,28000,28000,
symm: 120000,148000,
trans: 373000,359000,292000,194000,231000,254000,360000,408000,292000,212000,223000,258000,
implies: 329000,
parsing: 14254000,
subproof: 2084000,
equiv_pos1: 95000,
equiv_pos2: 93000,249000,189000,91000,94000,269000,
reordering: 443000,
resolution: 300000,437000,409000,388000,273000,387000,381000,536000,523000,417000,445000,409000,
contraction: 538000,
forall_inst: 1286000,1320000,
implies_neg1: 539000,
implies_neg2: 404000,
__local_input: 143000,
__normalized_input: 7043000,4457000,2592000,881000,719000,961000,
rare_rewrite_eq-symm: 155000,287000,231000,276000,219000,157000,365000,184000,283000,172000,228000,191000,141000,244000,
rare_rewrite_bool-double-not-elim: 203000,206000,

