1; Draft.Scratch_smt_check_7_17114; 2026-04-10 13:47:26.319;
bind: 653000,375000,322000,412000,420000,250000,282000,247000,
cong: 187000,59000,235000,194000,140000,88000,86000,76000,79000,232000,96000,82000,77000,63000,73000,40000,62000,198000,185000,
refl: 37000,80000,445000,56000,43000,61000,
symm: 204000,300000,328000,383000,193000,101000,111000,397000,
false: 18000,
trans: 292000,204000,580000,579000,661000,515000,99000,343000,310000,335000,355000,284000,303000,273000,223000,382000,381000,
choice: 64000,
equiv1: 350000,
equiv2: 252000,227000,152000,
or_neg: 206000,
or_pos: 345000,464000,
not_not: 180000,177000,
parsing: 23020000,
aci_simp: 1459000,1194000,1253000,
evaluate: 216000,282000,
onepoint: 1436000,
qnt_join: 358000,
equiv_pos2: 278000,93000,152000,72000,96000,202000,198000,47000,
reordering: 521000,803000,
resolution: 227000,290000,337000,332000,343000,287000,315000,579000,572000,634000,551000,248000,289000,220000,250000,270000,240000,297000,288000,221000,264000,342000,
sko_forall: 1671000,
forall_inst: 1255000,1262000,1124000,951000,
qnt_rm_unused: 517000,2734000,
equiv_simplify: 372000,315000,461000,249000,
__normalized_input: 7802000,3059000,2996000,3194000,2977000,2841000,527000,589000,
rare_rewrite_eq-refl: 118000,
rare_rewrite_eq-symm: 145000,382000,
rare_rewrite_or-not-refl: 6551000,
rare_rewrite_bool-eq-false: 7600000,7089000,
rare_rewrite_bool-impl-elim: 6592000,6251000,6011000,
rare_rewrite_bool-and-de-morgan: 6173000,

