1; Draft.Scratch_smt_check_7_15108; 2026-04-10 13:46:22.632;
bind: 161000,153000,346000,353000,204000,202000,166000,208000,196000,169000,151000,270000,274000,319000,305000,288000,303000,280000,226000,258000,218000,268000,220000,273000,229000,315000,309000,315000,309000,312000,259000,161000,151000,261000,243000,264000,252000,169000,388000,286000,200000,176000,214000,197000,206000,171000,251000,283000,299000,309000,291000,310000,292000,382000,343000,319000,326000,304000,228000,315000,266000,174000,144000,250000,237000,297000,247000,158000,263000,325000,346000,371000,415000,344000,330000,404000,353000,332000,284000,416000,346000,355000,390000,477000,352000,196000,200000,149000,
cong: 87000,200000,141000,123000,101000,205000,143000,126000,104000,340000,235000,73000,143000,123000,114000,119000,112000,213000,121000,103000,74000,64000,111000,103000,149000,95000,149000,93000,261000,167000,174000,100000,188000,114000,118000,124000,71000,172000,120000,113000,119000,69000,275000,242000,68000,111000,141000,158000,134000,68000,157000,133000,94000,87000,70000,161000,154000,89000,425000,177000,104000,135000,115000,175000,103000,135000,112000,327000,239000,58000,180000,103000,165000,77000,85000,51000,155000,114000,119000,167000,119000,116000,233000,191000,74000,119000,220000,122000,112000,96000,68000,112000,113000,187000,106000,108000,122000,118000,125000,121000,216000,132000,109000,79000,69000,108000,109000,139000,98000,160000,114000,153000,111000,237000,170000,61000,64000,64000,174000,116000,120000,130000,77000,180000,115000,118000,133000,72000,275000,252000,187000,104000,116000,90000,187000,123000,135000,117000,180000,106000,131000,119000,327000,239000,133000,56000,165000,99000,158000,79000,76000,49000,156000,111000,116000,155000,117000,117000,247000,236000,70000,117000,208000,124000,104000,75000,71000,112000,107000,145000,176000,111000,70000,58000,203000,148000,125000,112000,200000,141000,125000,116000,587000,388000,100000,131000,202000,193000,216000,184000,199000,203000,381000,196000,191000,126000,111000,200000,178000,225000,191000,210000,190000,223000,140000,110000,82000,97000,112000,128000,86000,
refl: 25000,134000,28000,126000,19000,26000,39000,102000,40000,112000,51000,128000,33000,32000,24000,30000,45000,55000,39000,60000,39000,30000,61000,40000,29000,46000,52000,57000,25000,36000,54000,53000,31000,54000,33000,58000,122000,56000,23000,29000,33000,22000,26000,51000,142000,46000,32000,43000,100000,42000,109000,32000,33000,52000,156000,20000,56000,32000,54000,35000,38000,50000,120000,55000,22000,31000,33000,22000,26000,50000,54000,117000,18000,34000,131000,25000,246000,38000,40000,48000,52000,
symm: 141000,132000,137000,118000,78000,83000,86000,87000,146000,98000,90000,118000,73000,79000,91000,97000,
trans: 160000,303000,229000,253000,218000,219000,181000,142000,323000,231000,256000,224000,217000,183000,143000,189000,171000,192000,157000,227000,166000,186000,127000,132000,228000,172000,185000,140000,129000,272000,215000,228000,137000,145000,254000,198000,211000,174000,181000,177000,169000,255000,197000,209000,173000,168000,164000,165000,157000,170000,181000,209000,142000,161000,175000,189000,213000,153000,181000,172000,187000,192000,207000,149000,162000,277000,203000,234000,139000,142000,141000,275000,209000,224000,144000,148000,139000,152000,263000,205000,235000,132000,141000,190000,204000,97000,156000,222000,177000,190000,158000,181000,224000,176000,197000,166000,165000,295000,226000,242000,158000,158000,148000,216000,160000,197000,163000,146000,164000,257000,230000,178000,193000,156000,146000,232000,182000,189000,143000,150000,190000,116000,259000,203000,214000,187000,177000,172000,164000,269000,198000,221000,177000,176000,169000,170000,304000,239000,252000,153000,165000,147000,293000,234000,244000,150000,167000,158000,282000,212000,228000,139000,146000,133000,145000,168000,153000,269000,207000,223000,127000,141000,186000,205000,101000,149000,212000,176000,189000,167000,158000,226000,181000,190000,162000,166000,150000,176000,275000,218000,239000,137000,148000,100000,296000,239000,246000,221000,214000,181000,148000,300000,231000,263000,217000,221000,185000,150000,403000,283000,337000,291000,425000,282000,365000,309000,159000,
choice: 24000,25000,67000,
equiv1: 169000,
equiv2: 126000,
or_neg: 143000,161000,129000,134000,152000,135000,138000,151000,120000,324000,325000,324000,306000,308000,311000,329000,153000,149000,121000,137000,146000,122000,130000,148000,121000,150000,153000,127000,136000,152000,129000,246000,253000,194000,241000,271000,236000,255000,262000,204000,142000,160000,141000,
or_pos: 176000,218000,316000,243000,275000,291000,218000,363000,300000,193000,264000,256000,206000,262000,259000,203000,256000,224000,354000,340000,267000,234000,174000,223000,253000,232000,210000,333000,260000,224000,357000,291000,379000,205000,325000,274000,234000,175000,237000,249000,250000,285000,389000,618000,228000,204000,
and_neg: 425000,641000,
and_pos: 319000,318000,280000,291000,304000,311000,201000,173000,440000,414000,457000,400000,421000,393000,393000,383000,409000,392000,433000,
implies: 277000,189000,204000,246000,364000,212000,274000,211000,186000,178000,533000,209000,244000,277000,231000,183000,275000,335000,466000,
not_not: 123000,
parsing: 170533000,
aci_simp: 1263000,1028000,1267000,1060000,1001000,887000,1013000,934000,1089000,907000,1137000,963000,901000,910000,1161000,995000,917000,936000,990000,1058000,967000,1019000,969000,1058000,991000,1113000,911000,896000,1085000,944000,902000,1069000,923000,1031000,1121000,944000,917000,1090000,964000,960000,1132000,982000,1030000,1067000,923000,1040000,930000,1133000,986000,918000,979000,1143000,975000,932000,949000,1175000,954000,1287000,987000,892000,1095000,922000,892000,1020000,1048000,923000,1030000,1051000,928000,923000,1055000,943000,930000,1090000,1080000,923000,1278000,1078000,1360000,1103000,
subproof: 2611000,1413000,1623000,2033000,1282000,1147000,1903000,1879000,1477000,1464000,1554000,1640000,2099000,1914000,1843000,1397000,2694000,2722000,2656000,
and_intro: 180000,
equiv_pos2: 98000,254000,246000,655000,108000,146000,154000,266000,102000,101000,196000,215000,300000,229000,213000,215000,349000,110000,151000,179000,147000,183000,148000,182000,147000,465000,83000,230000,231000,428000,257000,186000,97000,177000,176000,289000,110000,268000,105000,100000,61000,276000,143000,147000,264000,108000,100000,150000,188000,195000,312000,212000,221000,348000,283000,227000,236000,411000,149000,223000,181000,96000,171000,171000,297000,109000,270000,111000,100000,60000,152000,224000,242000,505000,899000,237000,213000,296000,298000,540000,194000,193000,316000,149000,1904000,105000,135000,99000,
reordering: 199000,175000,273000,165000,464000,312000,369000,173000,383000,261000,549000,366000,260000,354000,613000,2010000,365000,257000,371000,435000,370000,248000,364000,321000,291000,584000,437000,359000,301000,190000,182000,284000,164000,358000,259000,284000,158000,255000,516000,1070000,5400000,315000,441000,539000,393000,514000,248000,434000,368000,313000,203000,175000,288000,154000,322000,260000,271000,381000,285000,336000,623000,312000,924000,293000,171000,203000,
resolution: 479000,163000,157000,194000,207000,323000,523000,313000,379000,510000,765000,513000,318000,155000,230000,262000,135000,252000,213000,230000,233000,291000,344000,384000,275000,249000,220000,251000,235000,317000,259000,315000,403000,506000,368000,269000,251000,340000,298000,268000,412000,292000,342000,444000,630000,434000,289000,164000,255000,253000,206000,265000,258000,201000,301000,396000,1051000,224000,287000,265000,223000,292000,205000,260000,246000,173000,1108000,4185000,862000,518000,412000,1899000,173000,228000,299000,278000,234000,300000,194000,259000,265000,171000,309000,304000,508000,174000,179000,208000,235000,307000,293000,240000,302000,247000,276000,258000,187000,316000,458000,207000,275000,167000,278000,367000,303000,385000,497000,598000,367000,319000,252000,350000,295000,224000,324000,270000,164000,202000,212000,228000,328000,286000,321000,396000,546000,331000,272000,155000,233000,262000,139000,269000,213000,242000,291000,365000,402000,283000,220000,254000,169000,316000,456000,334000,153000,283000,232000,291000,329000,296000,362000,399000,255000,296000,218000,253000,214000,258000,265000,1815000,661000,539000,3935000,241000,352000,298000,311000,414000,528000,339000,284000,351000,461000,213000,287000,172000,296000,417000,310000,348000,456000,633000,429000,305000,312000,459000,340000,176000,289000,425000,340000,393000,516000,589000,361000,303000,203000,264000,257000,251000,348000,303000,224000,275000,272000,165000,194000,232000,244000,847000,296000,312000,394000,503000,321000,275000,155000,231000,260000,134000,258000,204000,227000,285000,361000,402000,285000,217000,264000,165000,203000,270000,276000,255000,360000,304000,314000,510000,335000,392000,521000,790000,514000,330000,237000,372000,449000,271000,386000,462000,263000,433000,378000,426000,455000,486000,616000,639000,440000,429000,378000,448000,264000,488000,365000,394000,453000,503000,679000,644000,413000,436000,255000,270000,164000,202000,269000,
sko_forall: 981000,1007000,1023000,1075000,1834000,1515000,
contraction: 433000,199000,331000,185000,361000,364000,191000,1507000,508000,702000,298000,318000,427000,325000,199000,293000,184000,290000,185000,743000,1402000,338000,370000,433000,315000,203000,289000,182000,442000,337000,536000,573000,360000,573000,203000,
forall_inst: 666000,644000,791000,713000,722000,774000,799000,683000,878000,760000,777000,705000,717000,785000,793000,683000,684000,773000,826000,690000,697000,898000,724000,839000,793000,770000,636000,755000,742000,674000,938000,725000,749000,758000,873000,722000,702000,788000,1010000,820000,693000,790000,790000,618000,770000,738000,664000,735000,830000,1597000,1342000,832000,725000,
implies_neg1: 393000,244000,296000,324000,272000,570000,385000,286000,299000,256000,293000,331000,421000,295000,245000,754000,452000,265000,813000,
implies_neg2: 382000,242000,277000,324000,399000,237000,419000,281000,255000,248000,511000,276000,323000,392000,283000,253000,383000,471000,456000,
__local_input: 81000,53000,66000,73000,27000,25000,27000,29000,15000,16000,29000,27000,79000,65000,60000,57000,72000,71000,77000,70000,60000,143000,96000,70000,27000,18000,31000,18000,22000,18000,16000,14000,17000,19000,39000,
connective_def: 214000,213000,221000,211000,395000,385000,387000,248000,
equiv_simplify: 200000,210000,
__normalized_input: 4119000,3928000,3642000,2900000,2744000,2693000,2549000,2450000,2384000,1733000,1754000,1657000,1426000,783000,873000,907000,815000,671000,647000,696000,397000,389000,400000,572000,
rare_rewrite_eq-symm: 93000,100000,90000,94000,81000,76000,77000,93000,123000,100000,149000,103000,167000,110000,86000,86000,73000,93000,98000,94000,100000,86000,81000,82000,123000,105000,134000,104000,161000,91000,87000,81000,78000,98000,106000,159000,164000,171000,163000,106000,
rare_rewrite_bool-impl-elim: 5820000,6162000,6045000,5894000,5902000,6036000,5990000,6138000,12397000,6334000,6028000,6087000,6223000,6135000,6294000,6605000,6401000,6345000,6577000,6324000,6169000,6146000,6347000,6410000,7121000,7038000,6217000,6364000,6421000,6484000,6473000,6373000,6841000,6484000,6400000,6160000,6038000,6249000,5778000,5962000,6333000,6071000,6199000,6426000,12177000,11633000,11503000,11544000,11908000,7111000,
rare_rewrite_bool-and-de-morgan: 5782000,5783000,5906000,6041000,5737000,5834000,5976000,6087000,5791000,5845000,5697000,5799000,14971000,5811000,5724000,5798000,5998000,11853000,17030000,5779000,5927000,6049000,5822000,5861000,5943000,14039000,5991000,6145000,5992000,5915000,5982000,5936000,6186000,5993000,6120000,5883000,5842000,15963000,6038000,6216000,6135000,6169000,6664000,6220000,6457000,6123000,6046000,6134000,13147000,6237000,5929000,6235000,6351000,6026000,6296000,6235000,6047000,6163000,6415000,6277000,6050000,5942000,6237000,5944000,14257000,5761000,5955000,5436000,5657000,5621000,5906000,5934000,5704000,5903000,5905000,5912000,6047000,6298000,37889000,12118000,12281000,12225000,11317000,11333000,11642000,7910000,
rare_rewrite_bool-double-not-elim: 99000,86000,93000,139000,96000,86000,84000,103000,86000,162000,183000,158000,109000,

