1; Draft.Scratch_smt_check_7_17413; 2026-04-10 13:49:39.609;
cong: 512000,141000,143000,129000,102000,173000,567000,443000,124000,455000,606000,486000,364000,85000,96000,83000,73000,103000,333000,673000,622000,293000,296000,466000,211000,286000,391000,83000,284000,448000,326000,1246000,
refl: 30000,302000,21000,169000,
symm: 180000,363000,381000,18315000,
trans: 824000,304000,264000,721000,691000,672000,384000,166000,166000,457000,469000,432000,380000,190000,359000,365000,383000,434000,387000,393000,366000,390000,
equiv1: 1358000,431000,96000,
or_neg: 932000,939000,920000,
and_pos: 975000,789000,1129000,
implies: 385000,
not_and: 810000,
parsing: 7273000,
evaluate: 2414000,3236000,270000,186000,224000,1235000,1166000,1261000,1843000,
subproof: 2784000,1279000,
and_intro: 283000,
poly_simp: 4487000,2712000,3731000,4599000,
equiv_pos2: 653000,149000,640000,329000,77000,94000,411000,335000,325000,334000,676000,1642000,
la_generic: 6688000,10940000,12005000,
reordering: 2959000,
resolution: 388000,705000,459000,745000,1339000,1961000,912000,1272000,1074000,2304000,285000,603000,360000,425000,408000,405000,240000,750000,370000,450000,179000,236000,294000,423000,309000,388000,460000,
contraction: 1603000,1313000,1433000,363000,
la_mult_neg: 458000,
implies_neg1: 400000,1617000,
implies_neg2: 831000,248000,
__local_input: 165000,184000,131000,371000,
poly_simp_rel: 1965000,1211000,
equiv_simplify: 190000,
implies_simplify: 1757000,692000,
__normalized_input: 3575000,2514000,2131000,1815000,
rare_rewrite_arith-elim-gt: 8792000,
rare_rewrite_arith-elim-lt: 12985000,12277000,12037000,6744000,6765000,9730000,14200000,
rare_rewrite_arith-elim-leq: 7461000,
rare_rewrite_arith-leq-norm: 13197000,7599000,7168000,
rare_rewrite_bool-double-not-elim: 692000,411000,688000,375000,

