1; Draft.Scratch_smt_check_7_14229; 2026-04-10 13:46:43.948;
bind: 1011000,1163000,564000,557000,539000,532000,
cong: 500000,80000,126000,534000,828000,442000,408000,335000,315000,270000,312000,466000,67000,151000,144000,123000,114000,282000,57000,81000,309000,488000,232000,212000,188000,170000,173000,307000,490000,68000,150000,137000,147000,209000,943000,917000,129000,102000,
refl: 87000,76000,68000,46000,38000,43000,78000,42000,96000,75000,110000,36000,40000,28000,29000,28000,38000,37000,38000,23000,25000,35000,25000,34000,38000,46000,36000,46000,30000,31000,79000,72000,43000,186000,43000,69000,
trans: 942000,1052000,844000,867000,804000,790000,775000,782000,643000,536000,521000,391000,378000,356000,311000,281000,508000,518000,428000,458000,377000,421000,401000,369000,324000,289000,275000,384000,383000,353000,304000,15759000,853000,155000,
or_pos: 436000,
implies: 482000,
parsing: 47687000,
aci_simp: 3355000,2713000,1310000,1244000,1115000,1123000,1140000,1642000,1373000,1179000,1134000,1245000,2111000,2148000,2536000,
evaluate: 342000,
not_symm: 82000,
subproof: 2979000,
equiv_pos2: 388000,847000,1308000,
reordering: 743000,
resolution: 1017000,847000,624000,558000,735000,1095000,754000,413000,
contraction: 711000,
forall_inst: 2006000,
implies_neg1: 1324000,
implies_neg2: 688000,
__local_input: 257000,
__normalized_input: 4366000,1179000,1042000,988000,906000,942000,879000,872000,1023000,
rare_rewrite_eq-refl: 172000,
rare_rewrite_eq-symm: 115000,101000,122000,98000,224000,
rare_rewrite_bool-impl-elim: 7325000,7001000,
rare_rewrite_bool-and-de-morgan: 13263000,12760000,13048000,12881000,9988000,7194000,5980000,6516000,6275000,6675000,6560000,6908000,
rare_rewrite_bool-double-not-elim: 192000,161000,198000,98000,91000,109000,

