1; Draft.Scratch_smt_check_7_31426; 2026-04-10 13:47:09.851;
and: 133000,129000,165000,218000,
bind: 225000,230000,413000,378000,557000,410000,362000,529000,369000,236000,232000,236000,244000,297000,245000,220000,297000,229000,
cong: 140000,137000,125000,234000,232000,201000,601000,402000,321000,318000,193000,194000,227000,246000,845000,145000,147000,117000,152000,138000,114000,340000,228000,188000,170000,133000,124000,131000,164000,846000,656000,431000,246000,
refl: 167000,148000,37000,46000,67000,69000,76000,83000,82000,21000,29000,40000,65000,50000,63000,61000,
trans: 179000,196000,157000,166000,343000,330000,294000,283000,231000,266000,312000,262000,335000,355000,188000,196000,154000,167000,227000,188000,153000,165000,127000,150000,139000,155000,187000,204000,
or_neg: 637000,543000,755000,623000,550000,785000,
or_pos: 436000,479000,453000,623000,586000,252000,274000,261000,368000,
implies: 551000,351000,298000,
parsing: 63986000,
aci_simp: 981000,1851000,1926000,1993000,2730000,964000,955000,1037000,1000000,1046000,
subproof: 2303000,1845000,1268000,
equiv_pos1: 178000,286000,106000,295000,
equiv_pos2: 414000,350000,907000,354000,282000,399000,235000,1183000,184000,189000,462000,156000,147000,200000,126000,1137000,902000,
reordering: 665000,773000,799000,1036000,683000,1022000,988000,374000,385000,396000,512000,583000,539000,
resolution: 286000,240000,243000,294000,685000,875000,822000,484000,452000,344000,333000,470000,631000,437000,400000,492000,422000,360000,501000,483000,400000,515000,478000,1008000,1553000,514000,386000,509000,556000,323000,287000,250000,291000,393000,487000,454000,254000,301000,204000,204000,283000,324000,271000,243000,289000,256000,215000,283000,292000,219000,262000,271000,655000,15880000,
contraction: 914000,1355000,501000,480000,814000,
forall_inst: 1633000,1393000,1622000,1432000,1610000,1600000,890000,751000,861000,765000,839000,1018000,1649000,
implies_neg1: 699000,395000,785000,
implies_neg2: 858000,451000,444000,
__local_input: 125000,84000,136000,
connective_def: 540000,537000,284000,290000,
__normalized_input: 8861000,4297000,4551000,4161000,3762000,2618000,2202000,1415000,1063000,1337000,1284000,
rare_rewrite_eq-symm: 323000,177000,430000,
rare_rewrite_bool-impl-elim: 11234000,11658000,11999000,11845000,6555000,6216000,6637000,5946000,
rare_rewrite_bool-and-de-morgan: 18749000,11635000,11409000,11571000,11314000,11401000,12527000,5980000,6191000,6049000,6277000,6000000,6051000,5882000,
rare_rewrite_bool-double-not-elim: 524000,491000,

