1; Draft.Scratch_smt_check_7_13810; 2026-04-10 13:47:10.177;
bind: 458000,413000,401000,
cong: 417000,164000,
trans: 380000,245000,
and_neg: 611000,
and_pos: 559000,682000,553000,
implies: 478000,704000,
parsing: 13448000,
subproof: 2272000,2598000,
equiv_pos2: 252000,263000,552000,308000,
reordering: 1095000,1858000,
resolution: 374000,375000,392000,552000,669000,599000,422000,438000,355000,919000,861000,775000,1574000,353000,446000,419000,
contraction: 711000,1039000,1109000,
forall_inst: 1502000,1357000,1474000,1369000,
implies_neg1: 633000,1064000,
implies_neg2: 730000,972000,
__local_input: 275000,49000,102000,72000,
__normalized_input: 3241000,2926000,6990000,2551000,
rare_rewrite_eq-symm: 362000,365000,541000,374000,

