1; Draft.Scratch_smt_check_7_32080; 2026-04-10 13:45:03.627;
bind: 217000,198000,168000,168000,285000,260000,230000,215000,194000,149000,168000,197000,174000,243000,203000,235000,270000,404000,450000,397000,445000,487000,449000,351000,350000,399000,256000,330000,381000,175000,257000,204000,288000,265000,225000,212000,203000,146000,178000,194000,166000,236000,208000,
cong: 120000,106000,51000,95000,93000,166000,55000,50000,59000,225000,143000,133000,101000,138000,117000,107000,86000,52000,48000,55000,97000,63000,65000,57000,127000,130000,134000,318000,229000,557000,223000,545000,256000,218000,197000,179000,190000,165000,140000,82000,101000,79000,153000,101000,67000,57000,127000,130000,69000,142000,135000,158000,114000,121000,110000,91000,55000,49000,56000,95000,63000,68000,62000,130000,129000,362000,
refl: 46000,39000,32000,33000,26000,39000,28000,35000,22000,26000,30000,331000,42000,56000,39000,64000,74000,326000,26000,39000,25000,29000,31000,322000,
symm: 72000,75000,159000,194000,210000,119000,158000,199000,118000,81000,158000,201000,
trans: 182000,151000,104000,112000,98000,109000,99000,109000,245000,192000,149000,172000,131000,149000,122000,93000,137000,141000,148000,124000,89000,184000,158000,179000,173000,159000,446000,379000,261000,303000,251000,307000,210000,165000,263000,275000,370000,226000,150000,343000,270000,337000,172000,172000,269000,191000,155000,173000,132000,159000,124000,88000,143000,152000,153000,118000,85000,174000,153000,178000,164000,
choice: 36000,75000,
equiv1: 226000,94000,564000,177000,90000,
equiv2: 108000,78000,298000,293000,131000,72000,
or_neg: 172000,185000,185000,181000,153000,160000,140000,257000,235000,290000,455000,478000,392000,406000,460000,468000,516000,451000,422000,505000,158000,162000,137000,150000,165000,149000,
or_pos: 196000,220000,262000,220000,358000,441000,216000,263000,210000,268000,
and_pos: 138000,144000,158000,168000,145000,163000,164000,155000,356000,360000,557000,522000,476000,516000,197000,218000,202000,
implies: 144000,252000,699000,264000,
not_and: 192000,466000,
not_not: 112000,303000,
parsing: 67553000,
aci_simp: 988000,910000,1055000,1850000,1784000,985000,1015000,916000,1003000,
evaluate: 187000,183000,279000,302000,183000,
onepoint: 1020000,1940000,1020000,
qnt_join: 202000,197000,193000,
subproof: 1049000,1109000,1176000,2055000,2469000,1166000,
and_intro: 183000,423000,458000,
equiv_pos1: 97000,192000,187000,
equiv_pos2: 134000,111000,114000,210000,27000,160000,45000,209000,137000,39000,102000,121000,129000,128000,181000,158000,340000,332000,289000,670000,45000,338000,284000,702000,393000,271000,68000,188000,121000,141000,133000,222000,138000,36000,100000,124000,142000,123000,298000,
reordering: 603000,720000,197000,239000,273000,370000,197000,283000,386000,738000,605000,726000,2325000,539000,685000,279000,361000,193000,899000,269000,379000,202000,
resolution: 210000,189000,201000,253000,171000,154000,208000,282000,273000,257000,155000,224000,237000,480000,1401000,207000,208000,258000,277000,765000,150000,192000,194000,375000,346000,1099000,149000,263000,229000,263000,300000,207000,248000,253000,132000,130000,164000,145000,236000,155000,224000,246000,267000,176000,173000,213000,212000,249000,184000,243000,279000,462000,616000,607000,8697000,450000,369000,480000,421000,759000,239000,306000,289000,405000,342000,426000,314000,397000,418000,769000,1055000,434000,286000,850000,697000,1851000,371000,369000,338000,409000,314000,413000,425000,758000,1050000,291000,310000,272000,446000,393000,423000,445000,360000,433000,409000,266000,229000,291000,233000,352000,318000,398000,239000,283000,368000,326000,770000,185000,154000,264000,254000,265000,298000,212000,250000,267000,134000,136000,161000,142000,200000,150000,217000,280000,300000,
sko_forall: 1891000,1933000,2381000,
contraction: 229000,421000,221000,275000,328000,387000,275000,506000,674000,455000,516000,952000,985000,1124000,946000,223000,386000,398000,232000,
forall_inst: 709000,709000,787000,723000,646000,677000,745000,805000,777000,762000,1425000,1348000,1312000,1401000,1369000,1280000,1294000,1452000,1282000,1247000,683000,812000,809000,729000,657000,1017000,
implies_neg1: 189000,233000,318000,477000,351000,512000,
implies_neg2: 211000,164000,326000,307000,822000,293000,
__local_input: 59000,14000,16000,20000,37000,19000,20000,23000,44000,54000,63000,23000,29000,25000,28000,28000,20000,36000,
qnt_rm_unused: 268000,987000,270000,1039000,259000,1015000,
connective_def: 289000,247000,430000,428000,500000,287000,
equiv_simplify: 186000,145000,174000,411000,418000,262000,323000,143000,165000,
implies_simplify: 309000,647000,
__normalized_input: 5186000,20904000,6355000,6081000,5139000,4636000,2963000,2108000,1129000,916000,876000,
rare_rewrite_eq-refl: 82000,169000,98000,
rare_rewrite_eq-symm: 68000,103000,64000,113000,97000,64000,113000,139000,69000,97000,82000,127000,170000,86000,74000,95000,84000,
rare_rewrite_or-not-refl: 6226000,8946000,6128000,
rare_rewrite_bool-impl-elim: 5950000,6231000,5935000,6164000,5991000,11188000,10922000,11022000,11208000,6147000,6274000,6316000,6333000,
rare_rewrite_bool-and-de-morgan: 6130000,5723000,11453000,10997000,6155000,5856000,
rare_rewrite_bool-double-not-elim: 87000,112000,100000,86000,76000,122000,178000,345000,346000,167000,171000,147000,117000,169000,93000,77000,120000,172000,

