1; Draft.Scratch_smt_check_7_5296; 2026-04-10 13:50:24.676;
cong: 112000,136000,81000,140000,243000,110000,157000,
refl: 29000,
symm: 258000,386000,214000,231000,
false: 20000,
trans: 210000,242000,268000,224000,244000,244000,253000,146000,227000,187000,
equiv1: 129000,
implies: 260000,
parsing: 992000,
evaluate: 330000,188000,250000,288000,323000,
and_intro: 183000,
poly_simp: 4336000,1900000,1925000,1668000,1623000,4172000,
equiv_pos2: 196000,98000,114000,147000,
la_generic: 6952000,
resolution: 294000,392000,547000,465000,418000,267000,318000,217000,
la_mult_neg: 386000,
poly_simp_rel: 1926000,1089000,1132000,
equiv_simplify: 205000,
__normalized_input: 3199000,3084000,
rare_rewrite_arith-elim-gt: 6200000,
rare_rewrite_arith-elim-lt: 6711000,
rare_rewrite_arith-elim-leq: 6406000,6326000,

