1; Draft.Scratch_smt_check_7_11539; 2026-04-10 13:50:26.154;
bind: 278000,442000,420000,430000,379000,308000,288000,385000,411000,431000,405000,284000,274000,442000,400000,272000,258000,295000,459000,470000,418000,394000,763000,415000,264000,
cong: 415000,253000,153000,122000,121000,131000,172000,81000,133000,127000,314000,150000,446000,425000,213000,118000,140000,174000,114000,138000,111000,121000,74000,298000,159000,301000,272000,98000,114000,130000,173000,204000,154000,111000,112000,103000,111000,102000,282000,133000,89000,89000,126000,143000,439000,240000,134000,156000,189000,130000,150000,123000,125000,79000,313000,212000,325000,241000,111000,253000,110000,448000,293000,156000,123000,131000,136000,180000,87000,143000,153000,318000,165000,319000,175000,194000,129000,133000,133000,132000,306000,138000,95000,95000,126000,142000,122000,110000,114000,112000,303000,143000,95000,92000,154000,152000,332000,121000,339000,396000,115000,100000,118000,94000,107000,336000,
refl: 59000,29000,62000,66000,72000,28000,26000,62000,64000,76000,29000,34000,113000,42000,31000,29000,32000,32000,65000,70000,77000,61000,32000,67000,65000,82000,30000,35000,31000,59000,39000,77000,49000,
symm: 196000,192000,187000,194000,231000,190000,203000,194000,211000,202000,200000,301000,226000,205000,203000,212000,246000,199000,216000,188000,203000,207000,237000,272000,223000,222000,189000,189000,210000,221000,222000,
trans: 166000,260000,229000,227000,136000,211000,175000,217000,152000,161000,229000,235000,233000,131000,206000,185000,200000,206000,212000,214000,202000,160000,214000,330000,369000,372000,302000,361000,327000,258000,286000,256000,193000,166000,165000,262000,244000,258000,184000,242000,283000,285000,270000,369000,213000,213000,222000,241000,230000,229000,170000,357000,186000,236000,181000,354000,179000,234000,185000,164000,251000,250000,250000,154000,223000,203000,249000,176000,297000,239000,208000,386000,267000,261000,274000,203000,179000,288000,245000,255000,237000,561000,214000,166000,275000,256000,
choice: 44000,43000,49000,104000,
equiv1: 257000,198000,120000,256000,197000,129000,275000,218000,137000,289000,206000,137000,571000,244000,686000,
equiv2: 324000,209000,262000,273000,267000,
or_neg: 280000,283000,286000,209000,291000,301000,275000,273000,287000,202000,296000,311000,304000,292000,318000,245000,301000,322000,300000,291000,344000,236000,328000,337000,317000,318000,305000,297000,339000,284000,324000,
or_pos: 356000,377000,387000,430000,297000,557000,
and_neg: 321000,366000,373000,287000,259000,371000,
and_pos: 197000,252000,327000,330000,367000,187000,226000,319000,339000,364000,227000,235000,228000,242000,213000,250000,324000,326000,325000,216000,257000,349000,339000,338000,258000,271000,244000,286000,412000,402000,426000,314000,324000,295000,360000,428000,404000,371000,429000,456000,458000,459000,461000,344000,392000,339000,382000,
implies: 374000,236000,395000,241000,366000,245000,366000,265000,215000,221000,364000,375000,274000,390000,270000,389000,256000,409000,272000,244000,274000,681000,487000,388000,398000,382000,611000,
not_and: 309000,282000,291000,302000,325000,328000,
not_not: 312000,221000,
parsing: 55688000,
aci_simp: 1137000,1187000,1388000,
evaluate: 325000,188000,237000,273000,307000,316000,183000,260000,275000,312000,425000,286000,325000,421000,361000,379000,257000,270000,365000,368000,269000,305000,
qnt_join: 389000,
subproof: 1851000,1138000,1110000,1262000,1248000,1858000,1136000,1102000,1289000,1208000,1154000,1180000,1325000,3208000,1351000,1241000,1380000,1239000,2079000,1262000,1176000,1388000,1547000,1713000,1663000,4719000,1638000,1762000,1496000,1387000,1376000,1384000,1573000,
and_intro: 199000,201000,174000,227000,198000,189000,226000,198000,230000,241000,384000,329000,450000,
poly_simp: 1802000,1888000,1496000,1569000,3355000,1867000,9025000,1547000,1641000,3374000,2537000,1955000,2582000,1872000,2783000,2772000,2573000,2540000,2609000,3035000,2145000,2068000,2094000,2041000,5130000,3033000,2664000,1941000,2581000,1967000,1968000,2074000,1731000,1740000,4190000,3150000,5377000,4912000,4811000,3029000,3602000,4173000,3790000,2831000,3210000,2776000,3294000,2998000,1942000,2699000,2960000,
equiv_pos1: 129000,138000,135000,111000,
equiv_pos2: 533000,97000,102000,86000,128000,100000,278000,136000,262000,517000,109000,99000,80000,122000,102000,305000,140000,266000,104000,107000,80000,291000,221000,229000,469000,118000,536000,107000,111000,88000,131000,106000,295000,155000,274000,289000,270000,586000,104000,108000,93000,133000,107000,295000,147000,296000,412000,125000,92000,243000,276000,508000,116000,31000,235000,236000,486000,111000,95000,241000,507000,212000,92000,31000,98000,90000,348000,
la_generic: 6999000,7595000,10913000,7922000,
reordering: 400000,929000,485000,385000,942000,495000,313000,441000,446000,405000,8895000,435000,977000,543000,432000,991000,555000,358000,520000,520000,425000,1094000,379000,505000,1064000,348000,490000,521000,522000,752000,741000,815000,562000,422000,953000,499000,1812000,1694000,
resolution: 271000,286000,267000,349000,581000,672000,598000,371000,256000,232000,250000,225000,226000,497000,615000,306000,254000,292000,276000,456000,205000,239000,245000,248000,235000,262000,264000,201000,293000,247000,272000,246000,244000,220000,513000,459000,873000,233000,259000,411000,440000,470000,416000,375000,257000,330000,530000,612000,597000,377000,250000,235000,248000,229000,229000,502000,604000,308000,263000,304000,323000,453000,160000,249000,261000,246000,231000,278000,274000,218000,302000,249000,255000,284000,234000,220000,523000,474000,861000,227000,247000,423000,453000,492000,427000,408000,383000,380000,324000,483000,197000,372000,365000,497000,211000,237000,249000,295000,380000,556000,397000,254000,259000,282000,235000,259000,288000,378000,455000,578000,522000,300000,386000,281000,332000,238000,280000,387000,536000,665000,690000,399000,280000,248000,264000,247000,239000,542000,633000,325000,272000,387000,299000,487000,168000,267000,279000,266000,249000,295000,297000,213000,318000,277000,288000,261000,276000,248000,598000,502000,891000,245000,245000,451000,469000,501000,454000,401000,290000,365000,405000,515000,630000,621000,364000,400000,274000,236000,259000,255000,258000,537000,617000,336000,323000,622000,296000,484000,167000,253000,266000,277000,236000,278000,279000,221000,306000,279000,260000,254000,249000,242000,617000,526000,927000,285000,266000,457000,517000,517000,469000,441000,430000,498000,397000,591000,415000,432000,409000,590000,276000,334000,356000,418000,571000,629000,392000,454000,608000,501000,1074000,260000,306000,405000,305000,391000,356000,478000,553000,665000,975000,367000,467000,287000,354000,664000,601000,888000,291000,344000,423000,482000,578000,545000,320000,389000,269000,359000,301000,287000,485000,519000,445000,662000,236000,289000,527000,442000,609000,225000,262000,333000,259000,311000,269000,366000,361000,513000,301000,667000,1795000,341000,448000,560000,474000,1305000,232000,217000,330000,253000,806000,752000,1318000,333000,302000,
sko_forall: 1271000,1294000,1324000,1817000,
contraction: 654000,511000,261000,285000,228000,491000,533000,388000,371000,565000,505000,272000,289000,233000,501000,537000,385000,380000,300000,312000,302000,324000,540000,604000,546000,281000,306000,257000,527000,563000,403000,385000,591000,529000,9769000,313000,241000,533000,596000,416000,475000,346000,372000,352000,368000,579000,506000,592000,620000,655000,690000,557000,525000,513000,516000,514000,686000,557000,696000,852000,881000,
forall_inst: 942000,837000,859000,838000,830000,848000,854000,971000,829000,857000,869000,839000,839000,844000,1232000,919000,1015000,1021000,945000,921000,965000,898000,891000,851000,1082000,924000,871000,896000,850000,1002000,887000,1789000,1169000,1022000,992000,979000,1299000,1017000,
la_mult_neg: 325000,356000,399000,395000,
implies_neg1: 498000,213000,275000,540000,334000,548000,200000,271000,546000,343000,319000,335000,478000,558000,230000,279000,573000,338000,535000,243000,295000,578000,372000,453000,437000,502000,521000,511000,644000,557000,591000,752000,880000,
implies_neg2: 959000,204000,170000,471000,325000,501000,208000,172000,470000,381000,270000,277000,508000,541000,225000,207000,498000,336000,529000,222000,182000,501000,348000,311000,335000,417000,574000,702000,526000,472000,501000,464000,964000,
__local_input: 190000,84000,30000,103000,44000,39000,101000,111000,207000,96000,31000,108000,41000,40000,108000,116000,38000,46000,39000,117000,184000,214000,128000,55000,110000,57000,57000,112000,133000,226000,113000,44000,126000,50000,69000,115000,143000,93000,126000,82000,173000,274000,62000,93000,139000,210000,39000,55000,102000,59000,51000,43000,141000,44000,45000,78000,70000,30000,46000,66000,66000,
comp_simplify: 1478000,1758000,
poly_simp_rel: 1055000,1178000,1095000,1226000,1067000,1136000,1129000,1080000,1170000,1187000,1165000,1081000,1231000,1092000,1146000,1196000,1652000,1427000,1454000,1711000,1340000,1355000,1156000,1277000,1138000,1127000,1076000,1087000,
equiv_simplify: 196000,200000,219000,206000,469000,309000,328000,335000,333000,358000,
la_disequality: 86000,113000,
miniscope_split: 468000,
implies_simplify: 339000,279000,335000,275000,352000,297000,416000,298000,653000,813000,
__normalized_input: 60412000,59709000,38935000,25424000,13342000,10909000,5543000,5683000,5371000,5617000,5520000,3494000,2857000,2951000,1263000,
rare_rewrite_arith-elim-gt: 6255000,6979000,
rare_rewrite_arith-elim-lt: 6286000,6175000,6568000,7202000,8186000,7496000,7290000,7463000,6759000,
rare_rewrite_arith-elim-leq: 5962000,6328000,7114000,6745000,6677000,6824000,6433000,6752000,6593000,6711000,11173000,10069000,10150000,25681000,7736000,6317000,
rare_rewrite_bool-impl-elim: 6558000,6820000,6913000,6608000,7023000,6620000,6499000,6535000,
rare_rewrite_bool-and-de-morgan: 6496000,
rare_rewrite_bool-double-not-elim: 211000,244000,215000,254000,248000,220000,262000,236000,280000,278000,263000,248000,290000,

