1; Draft.Scratch_smt_check_7_23240; 2026-04-10 13:50:24.882;
bind: 371000,361000,376000,378000,696000,737000,
cong: 100000,135000,290000,134000,97000,88000,110000,108000,99000,108000,98000,264000,120000,80000,89000,103000,99000,112000,301000,133000,92000,87000,112000,109000,97000,109000,98000,274000,124000,84000,86000,111000,257000,312000,280000,732000,486000,245000,149000,138000,170000,172000,170000,192000,186000,524000,253000,174000,168000,179000,100000,114000,474000,
refl: 29000,27000,28000,29000,26000,71000,62000,36000,57000,43000,42000,
symm: 197000,209000,265000,319000,372000,
trans: 192000,207000,229000,192000,154000,157000,223000,189000,214000,194000,235000,200000,154000,158000,236000,192000,411000,443000,394000,169000,334000,292000,421000,344000,274000,295000,454000,348000,188000,205000,
equiv1: 213000,193000,509000,187000,218000,198000,125000,428000,214000,
equiv2: 205000,235000,204000,205000,367000,424000,
or_neg: 330000,327000,299000,331000,
and_neg: 248000,305000,449000,
and_pos: 246000,306000,342000,348000,343000,240000,679000,698000,611000,647000,264000,
implies: 440000,347000,232000,356000,274000,341000,226000,1044000,854000,702000,
not_and: 330000,
not_not: 189000,186000,363000,
parsing: 13490000,
evaluate: 337000,178000,248000,323000,338000,
subproof: 1244000,1284000,1299000,1123000,1252000,1285000,2952000,2635000,2406000,
and_intro: 173000,224000,167000,726000,
poly_simp: 2407000,2253000,2412000,2378000,2382000,2243000,2404000,2436000,2277000,2474000,2468000,2393000,2387000,2531000,3162000,1630000,15148000,3033000,13897000,4463000,4510000,4336000,4389000,4391000,4366000,4403000,2684000,
equiv_pos1: 86000,113000,86000,115000,165000,212000,
equiv_pos2: 90000,524000,96000,126000,218000,237000,446000,87000,476000,96000,130000,227000,228000,452000,126000,78000,549000,165000,937000,447000,431000,914000,94000,130000,89000,388000,
la_generic: 13808000,
reordering: 412000,504000,336000,377000,449000,326000,482000,1279000,413000,487000,337000,388000,462000,352000,3075000,752000,876000,652000,404000,487000,352000,
resolution: 251000,299000,199000,215000,255000,325000,771000,558000,516000,323000,225000,249000,231000,238000,257000,332000,269000,349000,414000,522000,491000,267000,354000,248000,238000,212000,204000,286000,268000,681000,1810000,357000,363000,464000,399000,1143000,154000,228000,257000,254000,228000,489000,238000,303000,247000,215000,262000,277000,438000,583000,509000,321000,235000,252000,216000,304000,266000,250000,283000,270000,364000,410000,533000,492000,321000,350000,266000,242000,214000,218000,293000,302000,227000,234000,220000,217000,406000,408000,1376000,1260000,2420000,358000,469000,494000,504000,753000,981000,1057000,554000,539000,456000,394000,387000,512000,1084000,502000,498000,679000,764000,1026000,902000,479000,563000,407000,461000,401000,413000,474000,306000,
contraction: 532000,503000,723000,462000,573000,249000,528000,500000,1475000,1645000,1019000,1012000,
forall_inst: 764000,989000,873000,950000,839000,908000,965000,871000,979000,844000,968000,858000,1314000,1353000,1696000,1540000,1777000,1627000,1152000,
la_mult_neg: 353000,385000,348000,
implies_neg1: 477000,443000,471000,449000,355000,1114000,814000,850000,742000,
implies_neg2: 515000,468000,342000,158000,502000,464000,1401000,889000,1031000,
__local_input: 177000,177000,177000,183000,149000,49000,81000,83000,141000,266000,288000,46000,42000,33000,116000,
poly_simp_rel: 1053000,1009000,1035000,1050000,1026000,1015000,1926000,1942000,1920000,1127000,
equiv_simplify: 278000,286000,269000,278000,271000,285000,289000,279000,210000,530000,516000,564000,286000,
implies_simplify: 647000,259000,
__normalized_input: 16530000,6200000,3845000,2657000,2670000,2377000,2623000,2967000,
rare_rewrite_arith-elim-lt: 6065000,6054000,7551000,14163000,6465000,
rare_rewrite_arith-elim-leq: 5968000,5916000,6229000,6051000,11342000,11373000,
rare_rewrite_bool-double-not-elim: 204000,209000,220000,239000,

