1; Draft.Scratch_smt_check_7_3739; 2026-04-10 13:50:25.597;
bind: 305000,280000,574000,543000,376000,449000,534000,389000,391000,1868000,1893000,447000,300000,
cong: 133000,113000,120000,348000,295000,281000,124000,198000,167000,525000,358000,344000,516000,472000,336000,199000,226000,184000,137000,113000,
refl: 29000,99000,57000,50000,41000,142000,158000,83000,83000,88000,55000,107000,30000,108000,
symm: 374000,
trans: 262000,176000,208000,180000,201000,566000,488000,521000,395000,416000,445000,403000,396000,1255000,886000,903000,755000,836000,651000,763000,739000,251000,177000,204000,219000,196000,
choice: 25000,28000,87000,
equiv1: 350000,
or_neg: 181000,195000,175000,181000,321000,326000,261000,290000,181000,189000,266000,
or_pos: 223000,409000,812000,617000,287000,
implies: 217000,
parsing: 56404000,
aci_simp: 1127000,1019000,2372000,3000000,2395000,2301000,2307000,1079000,1011000,
qnt_join: 421000,
subproof: 1745000,
equiv_pos2: 200000,133000,102000,442000,204000,183000,1231000,173000,136000,96000,188000,
reordering: 229000,250000,401000,459000,2304000,880000,227000,346000,
resolution: 384000,336000,347000,333000,316000,343000,209000,324000,430000,210000,207000,341000,418000,509000,562000,384000,475000,486000,335000,459000,514000,412000,550000,445000,723000,969000,897000,284000,326000,411000,561000,401000,350000,
sko_forall: 1921000,2287000,
contraction: 262000,509000,245000,357000,
forall_inst: 855000,1561000,1330000,2355000,913000,
implies_neg1: 374000,
implies_neg2: 275000,
__local_input: 281000,
miniscope_split: 571000,
__normalized_input: 35120000,11217000,7153000,5326000,2234000,1343000,1798000,1176000,768000,945000,
rare_rewrite_bool-impl-elim: 7588000,7498000,12612000,12058000,11923000,12265000,13551000,12209000,7382000,
rare_rewrite_bool-and-de-morgan: 6904000,7708000,12433000,12326000,13050000,13193000,6804000,6888000,
rare_rewrite_bool-double-not-elim: 135000,221000,118000,

