1; Draft.Scratch_smt_check_7_25526; 2026-04-10 13:44:30.512;
bind: 116000,339000,318000,807000,825000,606000,895000,860000,358000,509000,325000,419000,404000,469000,503000,344000,546000,518000,243000,241000,202000,273000,196000,204000,
cong: 130000,433000,79000,442000,274000,342000,278000,172000,138000,132000,264000,180000,94000,156000,187000,130000,277000,59000,241000,177000,212000,223000,116000,98000,78000,172000,97000,89000,123000,109000,133000,307000,
refl: 125000,55000,1232000,69000,68000,62000,57000,65000,33000,1041000,46000,44000,38000,34000,58000,67000,56000,
symm: 707000,814000,137000,326000,191000,469000,504000,103000,174000,107000,160000,
trans: 289000,636000,649000,676000,533000,159000,707000,577000,588000,706000,504000,529000,438000,469000,425000,263000,314000,326000,214000,179000,286000,302000,173000,169000,357000,359000,370000,309000,82000,418000,327000,350000,406000,308000,316000,281000,262000,249000,138000,187000,190000,134000,93000,163000,171000,110000,
choice: 85000,
equiv1: 314000,155000,217000,
equiv2: 236000,138000,141000,
or_neg: 130000,140000,156000,132000,179000,189000,201000,230000,130000,
or_pos: 547000,193000,371000,
and_neg: 408000,
and_pos: 136000,129000,145000,
implies: 274000,191000,159000,
not_not: 248000,138000,156000,
parsing: 54761000,
aci_simp: 2244000,2251000,2381000,2024000,2006000,1767000,1229000,1293000,1368000,1166000,1187000,994000,
evaluate: 322000,226000,
onepoint: 3345000,2275000,
qnt_join: 726000,432000,
subproof: 2582000,1208000,1600000,
equiv_pos2: 73000,192000,662000,234000,239000,398000,164000,196000,98000,352000,128000,130000,199000,85000,111000,238000,321000,
reordering: 928000,348000,222000,473000,504000,
resolution: 205000,164000,142000,212000,6481000,338000,355000,397000,257000,425000,480000,572000,659000,316000,326000,283000,383000,244000,452000,408000,545000,562000,346000,447000,226000,269000,504000,1464000,426000,302000,258000,584000,166000,157000,164000,277000,322000,341000,400000,166000,204000,156000,218000,158000,284000,256000,318000,361000,210000,281000,248000,306000,247000,388000,
sko_forall: 1959000,1104000,
contraction: 512000,207000,467000,263000,299000,273000,
forall_inst: 671000,1230000,1260000,1858000,1316000,1130000,920000,1327000,1251000,
implies_neg1: 377000,212000,400000,
implies_neg2: 353000,183000,212000,
__local_input: 109000,72000,94000,28000,87000,
qnt_rm_unused: 1117000,6440000,633000,4591000,
equiv_simplify: 397000,430000,240000,241000,16477000,341000,
__normalized_input: 6583000,4009000,3155000,3076000,3088000,3048000,3213000,1115000,
rare_rewrite_eq-refl: 132000,146000,87000,93000,
rare_rewrite_eq-symm: 94000,189000,225000,185000,182000,307000,118000,117000,113000,196000,172000,
rare_rewrite_or-not-refl: 12280000,7349000,
rare_rewrite_bool-eq-false: 12318000,11970000,6647000,6654000,
rare_rewrite_bool-impl-elim: 11374000,12246000,11658000,28636000,11786000,7201000,7655000,6683000,7118000,
rare_rewrite_bool-and-de-morgan: 11542000,11840000,7411000,6562000,
rare_rewrite_bool-double-not-elim: 128000,216000,

