1; Draft.Scratch_smt_check_7_3080; 2026-04-10 13:47:34.754;
bind: 126000,208000,129000,210000,380000,231000,
cong: 77000,46000,70000,96000,99000,108000,150000,88000,69000,39000,39000,60000,104000,111000,96000,112000,179000,201000,177000,114000,69000,74000,132000,756000,
refl: 29000,27000,96000,52000,103000,130000,60000,63000,90000,
symm: 95000,71000,112000,94000,118000,113000,118000,114000,84000,64000,82000,96000,96000,140000,116000,92000,148000,188000,226000,180000,161000,157000,329000,213000,329000,
trans: 141000,95000,125000,184000,134000,137000,105000,102000,146000,162000,142000,142000,147000,167000,130000,184000,254000,333000,255000,212000,215000,
equiv1: 269000,139000,
equiv2: 131000,120000,128000,
or_neg: 339000,329000,324000,315000,309000,310000,327000,342000,
and_pos: 186000,181000,225000,332000,325000,331000,321000,316000,325000,328000,347000,
implies: 458000,271000,
not_and: 387000,
not_not: 146000,153000,
parsing: 23736000,
evaluate: 229000,
subproof: 1164000,1556000,2501000,
and_intro: 214000,
poly_simp: 2501000,1843000,1948000,2158000,3681000,3395000,5059000,3315000,4766000,
equiv_pos2: 48000,49000,76000,136000,75000,49000,83000,32000,84000,241000,92000,356000,97000,157000,138000,95000,949000,
reordering: 222000,561000,3365000,447000,468000,
resolution: 327000,180000,162000,183000,175000,187000,151000,211000,180000,290000,1713000,5509000,340000,245000,357000,278000,618000,156000,195000,188000,201000,165000,208000,152000,209000,190000,226000,700000,619000,2673000,191000,255000,191000,366000,177000,202000,307000,343000,405000,569000,554000,347000,376000,507000,370000,404000,292000,401000,376000,400000,417000,
contraction: 1905000,259000,305000,661000,981000,403000,
forall_inst: 639000,710000,783000,813000,846000,799000,768000,774000,1390000,1509000,1342000,1384000,1350000,1500000,1753000,
implies_neg1: 287000,358000,1380000,
implies_neg2: 192000,633000,310000,
__local_input: 34000,40000,73000,136000,63000,42000,92000,52000,59000,72000,97000,171000,
poly_simp_rel: 996000,1019000,1190000,1160000,2107000,2185000,
equiv_simplify: 204000,198000,200000,230000,
implies_simplify: 388000,
__normalized_input: 2914000,2312000,1771000,1614000,1391000,1337000,1486000,1046000,958000,1215000,
rare_rewrite_eq-symm: 100000,127000,236000,
rare_rewrite_bool-eq-false: 6661000,6626000,7283000,7285000,
rare_rewrite_bool-double-not-elim: 312000,

