1; Draft.Scratch_smt_check_7_18082; 2026-04-10 13:47:34.619;
bind: 348000,231000,300000,161000,138000,129000,235000,183000,261000,209000,147000,243000,123000,235000,
cong: 148000,83000,81000,58000,163000,170000,296000,75000,
refl: 141000,51000,22000,
symm: 108000,85000,89000,
trans: 198000,190000,152000,116000,188000,201000,154000,
equiv1: 168000,111000,113000,
equiv2: 95000,101000,111000,
or_pos: 280000,206000,247000,177000,207000,214000,
and_neg: 153000,
implies: 274000,125000,180000,
not_not: 111000,125000,
parsing: 21184000,
aci_simp: 1174000,
subproof: 1204000,1646000,
equiv_pos1: 57000,
equiv_pos2: 221000,268000,118000,188000,75000,96000,74000,179000,178000,346000,86000,107000,125000,71000,123000,
reordering: 412000,294000,235000,341000,407000,219000,257000,262000,260000,
resolution: 347000,421000,368000,406000,415000,369000,200000,227000,270000,256000,312000,310000,176000,148000,167000,248000,190000,187000,240000,232000,180000,160000,150000,203000,166000,218000,190000,266000,208000,227000,298000,337000,409000,397000,219000,378000,160000,225000,147000,148000,205000,161000,165000,218000,297000,148000,224000,319000,344000,234000,272000,
contraction: 404000,305000,
forall_inst: 1074000,775000,1015000,659000,755000,722000,714000,875000,686000,1140000,744000,715000,859000,
implies_neg1: 324000,265000,
implies_neg2: 350000,244000,
__local_input: 84000,75000,
equiv_simplify: 167000,249000,183000,183000,192000,180000,
__normalized_input: 5761000,5689000,23188000,10956000,11297000,10623000,4079000,3740000,3127000,2618000,1705000,1703000,1392000,944000,895000,1196000,
rare_rewrite_eq-symm: 127000,99000,182000,111000,201000,102000,279000,122000,109000,
rare_rewrite_bool-eq-false: 6230000,
rare_rewrite_bool-impl-elim: 11804000,6328000,6618000,6495000,6460000,7104000,6750000,
rare_rewrite_bool-and-de-morgan: 7799000,

