1; Draft.Scratch_smt_check_7_24527; 2026-04-10 13:52:12.870;
bind: 480000,369000,398000,400000,433000,438000,392000,419000,188000,214000,210000,238000,230000,
cong: 122000,103000,107000,154000,74000,192000,85000,210000,171000,149000,124000,118000,158000,120000,105000,101000,99000,52000,127000,56000,113000,111000,
refl: 60000,451000,54000,44000,104000,131000,135000,138000,130000,30000,35000,272000,29000,25000,60000,70000,77000,78000,79000,
symm: 397000,448000,555000,410000,280000,365000,413000,189000,252000,267000,194000,
trans: 461000,356000,431000,362000,370000,339000,271000,391000,385000,379000,358000,413000,444000,493000,373000,389000,417000,434000,441000,176000,183000,183000,186000,164000,118000,208000,194000,197000,188000,205000,219000,204000,
equiv1: 412000,
equiv2: 246000,
implies: 443000,
not_not: 297000,
parsing: 5905000,
aci_simp: 1758000,1900000,944000,971000,
evaluate: 378000,205000,
onepoint: 1772000,968000,
qnt_join: 480000,236000,
subproof: 2201000,
equiv_pos2: 147000,391000,229000,261000,187000,79000,190000,126000,
resolution: 380000,489000,516000,513000,401000,507000,346000,410000,412000,467000,631000,604000,413000,482000,398000,297000,
contraction: 597000,
forall_inst: 1374000,745000,
implies_neg1: 287000,
implies_neg2: 520000,
__local_input: 100000,
qnt_rm_unused: 562000,1343000,289000,778000,
equiv_simplify: 380000,555000,
__normalized_input: 2184000,942000,710000,600000,669000,
rare_rewrite_eq-refl: 222000,106000,
rare_rewrite_eq-symm: 361000,250000,285000,239000,288000,398000,159000,110000,133000,125000,
rare_rewrite_or-not-refl: 10937000,5960000,
rare_rewrite_bool-eq-false: 11127000,11204000,
rare_rewrite_bool-impl-elim: 10709000,6046000,
rare_rewrite_bool-double-not-elim: 361000,181000,

