1; Draft.Scratch_smt_check_7_5504; 2026-04-10 13:44:15.333;
bind: 229000,253000,219000,290000,420000,357000,
cong: 111000,123000,81000,108000,98000,84000,85000,126000,85000,195000,205000,176000,142000,126000,125000,283000,
refl: 93000,38000,105000,22000,98000,39000,168000,170000,60000,172000,31000,52000,90000,
symm: 177000,90000,96000,184000,227000,337000,152000,163000,
trans: 190000,130000,154000,111000,97000,107000,117000,115000,194000,138000,156000,113000,348000,235000,302000,180000,150000,187000,179000,175000,
equiv1: 135000,107000,175000,
equiv2: 79000,145000,
or_neg: 158000,165000,161000,
or_pos: 210000,350000,333000,
and_pos: 100000,120000,257000,277000,247000,
implies: 314000,
not_and: 163000,
not_not: 96000,196000,
parsing: 36480000,
aci_simp: 1001000,1079000,1946000,
subproof: 1207000,2047000,
and_intro: 198000,
poly_simp: 1623000,1586000,2089000,2520000,3056000,3790000,3718000,
equiv_pos2: 148000,183000,151000,69000,68000,321000,322000,366000,127000,319000,
reordering: 256000,252000,443000,911000,440000,
resolution: 171000,169000,252000,203000,239000,262000,378000,361000,196000,178000,210000,198000,342000,102000,172000,146000,176000,144000,171000,160000,245000,216000,234000,275000,521000,495000,1123000,371000,395000,420000,235000,297000,216000,293000,253000,406000,
contraction: 303000,161000,176000,487000,626000,
forall_inst: 695000,771000,703000,1310000,1332000,1233000,
implies_neg1: 267000,448000,
implies_neg2: 106000,394000,
__local_input: 31000,40000,26000,41000,43000,
poly_simp_rel: 871000,928000,1627000,1738000,
equiv_simplify: 159000,172000,285000,363000,
implies_simplify: 208000,
__normalized_input: 1223000,1137000,3931000,720000,853000,
rare_rewrite_bool-eq-false: 5669000,5784000,11005000,19828000,
rare_rewrite_bool-impl-elim: 6063000,11467000,12014000,
rare_rewrite_bool-and-de-morgan: 5880000,19548000,11137000,
rare_rewrite_bool-double-not-elim: 78000,90000,161000,186000,

