1; Draft.Scratch_smt_check_7_5345; 2026-04-10 13:48:39.735;
bind: 318000,331000,289000,309000,321000,295000,
cong: 181000,69000,310000,51000,49000,51000,50000,60000,84000,173000,171000,128000,111000,109000,51000,67000,184000,68000,263000,46000,44000,48000,54000,60000,85000,164000,177000,129000,105000,109000,536000,291000,105000,
refl: 28000,22000,29000,27000,26000,28000,30000,103000,27000,22000,29000,26000,25000,28000,28000,182000,51000,41000,57000,52000,
trans: 267000,277000,255000,239000,255000,217000,203000,165000,184000,300000,290000,271000,251000,250000,210000,202000,175000,160000,495000,202000,
or_pos: 300000,
implies: 253000,
parsing: 20151000,
aci_simp: 1031000,1102000,1960000,
evaluate: 304000,
subproof: 1903000,
equiv_pos2: 216000,39000,48000,417000,767000,
reordering: 350000,
resolution: 357000,327000,287000,160000,182000,362000,512000,696000,468000,346000,
contraction: 436000,
forall_inst: 1517000,
implies_neg1: 786000,
implies_neg2: 392000,
__local_input: 253000,
connective_def: 348000,639000,
__normalized_input: 1046000,859000,875000,893000,826000,1236000,
rare_rewrite_eq-refl: 178000,
rare_rewrite_eq-symm: 113000,112000,
rare_rewrite_bool-and-de-morgan: 5744000,5810000,6284000,6240000,20617000,11319000,11496000,11692000,
rare_rewrite_bool-double-not-elim: 250000,239000,

