1; Draft.Scratch_smt_check_7_19953; 2026-04-10 13:48:39.873;
bind: 127000,122000,145000,130000,217000,127000,129000,129000,271000,260000,237000,231000,
cong: 56000,52000,77000,62000,81000,72000,55000,74000,58000,56000,52000,75000,63000,82000,53000,84000,83000,117000,85000,103000,115000,133000,99000,129000,86000,129000,116000,319000,
refl: 23000,24000,23000,20000,24000,41000,32000,44000,60000,69000,60000,
symm: 67000,86000,79000,91000,76000,151000,80000,134000,155000,177000,156000,258000,
trans: 102000,109000,124000,135000,97000,161000,196000,107000,122000,120000,123000,123000,130000,254000,218000,208000,232000,191000,254000,219000,245000,
equiv1: 154000,200000,
equiv2: 106000,100000,202000,
or_neg: 182000,272000,206000,202000,
and_pos: 119000,121000,189000,314000,316000,352000,
implies: 209000,
not_and: 210000,
not_not: 115000,247000,
parsing: 7949000,
evaluate: 203000,
subproof: 1175000,2515000,
and_intro: 259000,
equiv_pos2: 49000,73000,78000,77000,47000,74000,57000,26000,163000,112000,154000,129000,334000,
reordering: 257000,709000,
resolution: 204000,232000,145000,210000,174000,148000,281000,526000,1428000,214000,186000,215000,205000,346000,152000,162000,155000,266000,259000,148000,208000,212000,174000,159000,253000,323000,320000,990000,266000,429000,307000,319000,280000,396000,428000,304000,290000,404000,
contraction: 463000,164000,211000,276000,350000,
forall_inst: 622000,763000,706000,713000,695000,698000,1401000,1391000,1272000,
implies_neg1: 148000,596000,
implies_neg2: 124000,298000,
__local_input: 21000,49000,36000,42000,44000,110000,
equiv_simplify: 180000,184000,377000,373000,
implies_simplify: 216000,
__normalized_input: 13507000,6499000,2158000,943000,1020000,
rare_rewrite_eq-symm: 95000,99000,102000,115000,100000,98000,121000,103000,125000,189000,199000,195000,204000,242000,
rare_rewrite_bool-eq-false: 6097000,6653000,11985000,11903000,
rare_rewrite_bool-double-not-elim: 233000,

