1; Draft.Scratch_smt_check_7_6169; 2026-04-10 13:48:39.970;
bind: 562000,570000,540000,539000,343000,503000,510000,300000,280000,231000,235000,235000,230000,192000,237000,237000,239000,189000,238000,
cong: 236000,316000,243000,113000,91000,266000,138000,236000,118000,86000,432000,305000,132000,88000,269000,215000,219000,167000,139000,130000,276000,216000,108000,120000,103000,114000,102000,120000,105000,153000,97000,221000,150000,70000,106000,
refl: 97000,80000,87000,80000,86000,30000,43000,26000,31000,78000,70000,31000,79000,66000,28000,
symm: 180000,184000,120000,102000,
false: 20000,
trans: 269000,483000,405000,397000,263000,531000,420000,404000,243000,253000,476000,385000,420000,412000,400000,251000,210000,219000,202000,213000,205000,222000,180000,193000,213000,213000,182000,188000,
equiv1: 95000,
equiv2: 197000,158000,158000,
or_pos: 317000,178000,281000,240000,184000,227000,
implies: 455000,504000,224000,
not_not: 142000,
parsing: 29281000,
aci_simp: 2114000,2051000,2093000,1881000,1951000,1077000,991000,976000,
evaluate: 215000,
subproof: 3074000,2167000,1495000,
equiv_pos2: 408000,490000,623000,189000,381000,192000,344000,110000,136000,140000,268000,114000,70000,37000,
reordering: 397000,215000,407000,323000,227000,313000,
resolution: 196000,261000,272000,410000,459000,476000,558000,821000,759000,462000,478000,242000,246000,321000,335000,430000,418000,623000,528000,595000,454000,579000,360000,300000,171000,204000,258000,188000,230000,282000,301000,378000,385000,239000,355000,173000,220000,268000,170000,227000,236000,
contraction: 711000,725000,332000,
forall_inst: 1464000,1252000,829000,732000,806000,737000,
implies_neg1: 613000,358000,351000,
implies_neg2: 593000,375000,309000,
__local_input: 141000,105000,78000,
equiv_simplify: 334000,172000,214000,233000,
__normalized_input: 8720000,8845000,20054000,5064000,4084000,3586000,3179000,2080000,1833000,1078000,793000,941000,
rare_rewrite_eq-symm: 178000,151000,154000,146000,86000,94000,164000,115000,161000,112000,179000,
rare_rewrite_bool-impl-elim: 11814000,11847000,11483000,11592000,6457000,6118000,6178000,6183000,6496000,
rare_rewrite_bool-and-de-morgan: 11271000,11386000,11219000,11503000,5865000,6159000,
rare_rewrite_bool-double-not-elim: 167000,177000,

