1; Draft.Scratch_smt_check_7_3463; 2026-04-10 13:47:49.779;
bind: 197000,814000,378000,188000,349000,380000,
cong: 101000,211000,139000,104000,189000,136000,
refl: 28000,37000,100000,29000,41000,102000,
trans: 144000,307000,307000,318000,287000,297000,219000,240000,141000,308000,319000,357000,296000,296000,231000,250000,
equiv1: 137000,133000,
equiv2: 143000,145000,
or_pos: 366000,
implies: 227000,
parsing: 11710000,
aci_simp: 1383000,1455000,1562000,1649000,1182000,1333000,
subproof: 1498000,
equiv_pos2: 118000,192000,156000,188000,
reordering: 286000,
resolution: 226000,223000,173000,194000,176000,254000,473000,264000,327000,370000,232000,219000,170000,182000,178000,260000,453000,
contraction: 320000,
forall_inst: 775000,883000,807000,
implies_neg1: 273000,
implies_neg2: 260000,
__local_input: 91000,
equiv_simplify: 224000,224000,251000,213000,
miniscope_split: 461000,456000,
__normalized_input: 27237000,3186000,2490000,2512000,2576000,2676000,
rare_rewrite_eq-symm: 174000,225000,
rare_rewrite_bool-impl-elim: 7405000,6893000,
rare_rewrite_bool-and-de-morgan: 6448000,6925000,6988000,7622000,

