1; Draft.Scratch_smt_check_7_18093; 2026-04-10 13:49:44.872;
bind: 325000,330000,336000,618000,
cong: 151000,162000,148000,94000,349000,230000,289000,169000,80000,
refl: 42000,14000,39000,
symm: 150000,332000,
false: 13000,
trans: 161000,175000,192000,265000,104000,
equiv2: 233000,505000,
or_pos: 382000,582000,511000,
implies: 324000,239000,
not_not: 187000,
parsing: 14438000,
aci_simp: 1058000,1046000,
evaluate: 237000,355000,
subproof: 1641000,1532000,
equiv_pos2: 215000,445000,198000,205000,13830000,409000,75000,
reordering: 631000,1050000,883000,
resolution: 111000,150000,193000,294000,365000,324000,279000,229000,280000,413000,515000,538000,328000,192000,306000,332000,450000,435000,250000,323000,362000,429000,460000,514000,
contraction: 483000,395000,
forall_inst: 1017000,914000,827000,1578000,
implies_neg1: 409000,361000,
implies_neg2: 487000,423000,
__local_input: 117000,112000,
equiv_simplify: 344000,632000,
__normalized_input: 3065000,2733000,2480000,1188000,832000,1066000,
rare_rewrite_eq-refl: 162000,
rare_rewrite_eq-symm: 233000,231000,
rare_rewrite_bool-impl-elim: 6070000,6252000,6273000,12074000,
rare_rewrite_bool-and-de-morgan: 5811000,

