1; Draft.Scratch_smt_check_7_21267; 2026-04-10 13:47:26.023;
bind: 702000,369000,407000,387000,426000,362000,428000,368000,438000,15112000,
cong: 156000,162000,105000,67000,154000,157000,156000,126000,155000,70000,116000,131000,198000,147000,113000,101000,68000,255000,446000,
refl: 23000,55000,20000,122000,75000,96000,
symm: 120000,122000,116000,123000,
trans: 594000,318000,178000,324000,247000,254000,254000,324000,191000,321000,
equiv1: 387000,
equiv2: 106000,
or_neg: 244000,221000,231000,237000,
or_pos: 448000,245000,254000,245000,251000,258000,255000,244000,280000,488000,
and_neg: 240000,493000,
and_pos: 162000,166000,171000,156000,168000,166000,159000,173000,172000,172000,169000,180000,
implies: 245000,241000,242000,244000,
not_not: 119000,
parsing: 24627000,
subproof: 1535000,1184000,1208000,1205000,
and_intro: 207000,204000,
equiv_pos2: 253000,249000,240000,153000,243000,523000,589000,
not_equiv1: 180000,
not_equiv2: 315000,
reordering: 731000,356000,374000,580000,370000,361000,579000,361000,358000,393000,583000,366000,359000,587000,379000,689000,
resolution: 359000,342000,430000,346000,455000,399000,427000,538000,445000,325000,315000,611000,197000,235000,254000,190000,258000,334000,337000,366000,621000,192000,264000,196000,259000,365000,327000,553000,1604000,444000,340000,330000,654000,193000,197000,263000,196000,249000,330000,348000,336000,658000,200000,152000,193000,186000,268000,192000,253000,327000,
contraction: 326000,348000,361000,354000,568000,334000,369000,336000,355000,
forall_inst: 1687000,1037000,887000,913000,930000,903000,895000,910000,903000,1652000,
implies_neg1: 296000,312000,710000,625000,
implies_neg2: 288000,296000,303000,311000,
__local_input: 24000,25000,24000,24000,25000,48000,46000,44000,55000,47000,48000,133000,
equiv_simplify: 179000,572000,
__normalized_input: 4809000,4718000,1650000,1747000,1324000,
rare_rewrite_eq-symm: 140000,134000,146000,173000,97000,228000,94000,188000,134000,255000,
rare_rewrite_bool-impl-elim: 6694000,6844000,6734000,6313000,6341000,
rare_rewrite_bool-double-not-elim: 269000,

