1; Draft.Scratch_smt_check_7_11735; 2026-04-10 13:45:30.753;
bind: 208000,225000,206000,236000,234000,190000,
cong: 100000,69000,138000,126000,77000,92000,116000,145000,180000,120000,67000,89000,102000,158000,232000,172000,
refl: 45000,28000,48000,48000,27000,49000,57000,
symm: 114000,117000,94000,
trans: 234000,1293000,179000,203000,205000,150000,163000,198000,
implies: 190000,
parsing: 15736000,
subproof: 2043000,
equiv_pos2: 61000,86000,154000,158000,272000,
reordering: 349000,
resolution: 261000,263000,316000,367000,438000,518000,452000,233000,350000,
contraction: 369000,
forall_inst: 1151000,
implies_neg1: 276000,
implies_neg2: 286000,
__local_input: 78000,
__normalized_input: 5206000,912000,737000,824000,
rare_rewrite_eq-refl: 127000,
rare_rewrite_eq-symm: 147000,133000,175000,179000,95000,174000,153000,
rare_rewrite_bool-eq-true: 25234000,
rare_rewrite_bool-double-not-elim: 132000,

