1; Draft.Scratch_smt_check_7_9876; 2026-04-10 13:45:19.668;
and: 67000,88000,94000,108000,124000,140000,157000,178000,192000,207000,221000,239000,249000,271000,281000,302000,326000,386000,336000,359000,368000,393000,408000,417000,435000,456000,473000,496000,
bind: 269000,275000,286000,431000,
cong: 135000,91000,122000,66000,64000,131000,92000,220000,115000,87000,376000,260000,
refl: 37000,31000,37000,58000,64000,
trans: 215000,159000,181000,134000,215000,159000,176000,134000,
or_pos: 223000,
implies: 206000,
parsing: 14240000,
aci_simp: 1038000,1013000,
subproof: 1654000,
equiv_pos2: 196000,336000,547000,
reordering: 295000,
resolution: 253000,274000,290000,303000,388000,398000,246000,273000,
contraction: 319000,
forall_inst: 1330000,
implies_neg1: 480000,
implies_neg2: 273000,
__local_input: 106000,
__normalized_input: 1553000,1163000,2914000,829000,
rare_rewrite_eq-symm: 84000,118000,112000,
rare_rewrite_bool-impl-elim: 6505000,11195000,
rare_rewrite_bool-and-de-morgan: 6276000,20375000,
rare_rewrite_bool-double-not-elim: 89000,90000,

