1; Draft.Scratch_smt_check_7_7503; 2026-04-10 13:50:55.804;
bind: 650000,694000,659000,733000,748000,353000,
cong: 314000,313000,188000,381000,321000,168000,186000,186000,136000,113000,99000,126000,79000,90000,276000,288000,202000,325000,197000,
refl: 85000,137000,76000,68000,28000,44000,29000,70000,135000,76000,42000,
symm: 667000,597000,
trans: 638000,609000,650000,663000,638000,619000,636000,393000,632000,682000,634000,644000,630000,614000,645000,
or_pos: 625000,
implies: 765000,
parsing: 7337000,
qnt_join: 686000,694000,
subproof: 3045000,
equiv_pos2: 493000,145000,103000,168000,204000,
reordering: 967000,
resolution: 573000,706000,656000,485000,604000,599000,1034000,926000,631000,662000,
contraction: 1029000,
forall_inst: 1009000,
implies_neg1: 524000,
implies_neg2: 948000,
__local_input: 271000,
connective_def: 962000,682000,508000,366000,
miniscope_split: 879000,857000,
__normalized_input: 8214000,4178000,2744000,2850000,2049000,2046000,2251000,
rare_rewrite_bool-and-de-morgan: 12017000,6823000,
rare_rewrite_bool-double-not-elim: 689000,531000,638000,473000,

