1; Draft.Scratch_smt_check_7_5524; 2026-04-10 13:43:16.523;
bind: 259000,402000,370000,325000,421000,325000,257000,
cong: 104000,138000,200000,167000,145000,164000,223000,
refl: 27000,59000,
symm: 108000,
trans: 137000,175000,296000,304000,
choice: 109000,
equiv1: 144000,204000,
equiv2: 139000,126000,
or_neg: 226000,255000,
or_pos: 323000,355000,290000,286000,
implies: 167000,205000,
not_not: 143000,
parsing: 20788000,
subproof: 1934000,5683000,
equiv_pos2: 177000,70000,307000,304000,309000,115000,185000,216000,223000,
reordering: 315000,497000,507000,426000,335000,
resolution: 331000,346000,320000,231000,278000,204000,236000,360000,317000,407000,235000,247000,292000,206000,339000,355000,460000,371000,363000,319000,415000,434000,392000,320000,371000,462000,419000,518000,391000,350000,
sko_forall: 1551000,
contraction: 340000,285000,2557000,
forall_inst: 1200000,1431000,1249000,1238000,1244000,
implies_neg1: 193000,322000,
implies_neg2: 225000,272000,
__local_input: 219000,55000,
connective_def: 312000,327000,
equiv_simplify: 234000,349000,287000,278000,
__normalized_input: 1529000,955000,2993000,732000,804000,845000,
rare_rewrite_bool-impl-elim: 11194000,11603000,11927000,22733000,24234000,
rare_rewrite_bool-double-not-elim: 142000,230000,

