1; Draft.Scratch_smt_check_7_27979; 2026-04-10 13:49:45.380;
bind: 627000,345000,334000,331000,347000,347000,304000,146000,139000,120000,
cong: 790000,165000,165000,86000,59000,97000,165000,162000,143000,95000,65000,99000,189000,313000,172000,74000,196000,168000,64000,55000,56000,102000,121000,82000,95000,51000,
refl: 30000,36000,66000,23000,29000,63000,79000,36000,
symm: 97000,100000,89000,168000,
false: 20000,
trans: 307000,293000,287000,349000,272000,266000,140000,138000,210000,182000,
equiv2: 306000,242000,
or_pos: 330000,
implies: 709000,302000,
not_not: 198000,
parsing: 20560000,
aci_simp: 1057000,
evaluate: 210000,223000,
subproof: 2535000,1593000,
equiv_pos2: 1055000,463000,209000,213000,379000,170000,85000,72000,38000,
reordering: 537000,640000,
resolution: 242000,331000,423000,498000,521000,810000,1062000,964000,576000,455000,544000,560000,329000,343000,356000,470000,513000,281000,338000,167000,165000,241000,147000,198000,213000,243000,204000,298000,
contraction: 1165000,481000,
forall_inst: 1896000,1738000,875000,644000,666000,589000,780000,857000,
implies_neg1: 893000,430000,
implies_neg2: 1145000,424000,
__local_input: 157000,114000,
equiv_simplify: 393000,325000,
__normalized_input: 14918000,11483000,10448000,9555000,6933000,23339000,10197000,7783000,1256000,
rare_rewrite_eq-refl: 113000,
rare_rewrite_eq-symm: 951000,115000,113000,114000,101000,
rare_rewrite_bool-impl-elim: 11585000,6242000,6332000,

