1; Draft.Scratch_smt_check_7_13433; 2026-04-10 13:49:46.479;
and: 116000,114000,120000,
bind: 335000,243000,273000,212000,292000,229000,220000,220000,221000,170000,171000,180000,180000,232000,171000,465000,461000,207000,160000,155000,178000,216000,149000,172000,178000,257000,212000,230000,221000,143000,141000,298000,261000,142000,156000,156000,179000,176000,156000,179000,184000,254000,215000,251000,237000,145000,138000,257000,257000,274000,269000,136000,131000,174000,153000,145000,177000,166000,148000,179000,171000,238000,218000,228000,244000,262000,266000,265000,269000,274000,306000,248000,274000,209000,294000,269000,262000,210000,321000,
cong: 448000,354000,111000,61000,119000,101000,85000,85000,91000,88000,309000,205000,155000,284000,219000,69000,61000,79000,93000,84000,63000,70000,94000,286000,205000,201000,191000,114000,93000,201000,202000,584000,463000,61000,173000,71000,45000,155000,70000,52000,76000,73000,51000,178000,115000,53000,111000,55000,95000,52000,115000,61000,127000,132000,106000,80000,46000,50000,68000,60000,62000,99000,93000,548000,439000,149000,69000,50000,71000,67000,51000,1886000,95000,56000,108000,54000,96000,54000,113000,77000,132000,128000,117000,122000,45000,47000,68000,67000,44000,59000,58000,110000,95000,551000,452000,102000,97000,531000,428000,103000,75000,162000,125000,116000,126000,122000,127000,163000,121000,53000,54000,164000,111000,78000,87000,45000,58000,64000,42000,162000,68000,50000,70000,64000,48000,223000,94000,54000,114000,55000,92000,52000,113000,58000,130000,122000,108000,83000,50000,54000,66000,84000,76000,76000,76000,56000,123000,178000,82000,126000,178000,80000,444000,310000,361000,148000,445000,203000,85000,67000,82000,53000,131000,180000,87000,130000,180000,88000,442000,313000,469000,154000,462000,212000,137000,190000,85000,134000,182000,84000,438000,314000,369000,149000,449000,217000,87000,80000,396000,202000,158000,279000,198000,114000,62000,153000,122000,118000,114000,65000,162000,
ite2: 281000,
refl: 357000,41000,19000,31000,19000,32000,20000,61000,62000,120000,19000,32000,262000,30000,27000,32000,294000,27000,25000,70000,74000,43000,20000,51000,263000,27000,26000,39000,288000,29000,28000,71000,79000,44000,17000,17000,37000,255000,29000,28000,32000,285000,30000,27000,68000,77000,40000,20000,69000,22000,130000,140000,357000,20000,358000,
symm: 213000,250000,148000,158000,160000,192000,162000,154000,186000,277000,133000,206000,233000,260000,229000,220000,233000,175000,74000,103000,96000,160000,153000,191000,94000,92000,252000,216000,223000,252000,211000,299000,118000,211000,208000,262000,
true: 64000,
trans: 194000,206000,158000,102000,235000,197000,211000,225000,199000,164000,145000,116000,140000,116000,228000,155000,165000,107000,115000,163000,171000,108000,120000,225000,261000,283000,265000,286000,604000,120000,105000,210000,192000,178000,175000,180000,210000,150000,145000,97000,164000,156000,166000,149000,149000,123000,87000,168000,156000,167000,140000,186000,242000,164000,147000,213000,199000,188000,189000,209000,230000,151000,124000,91000,165000,159000,169000,141000,150000,141000,91000,173000,167000,176000,151000,169000,248000,161000,99000,144000,382000,255000,218000,294000,227000,293000,137000,231000,189000,98000,170000,210000,185000,195000,185000,190000,212000,150000,127000,95000,166000,178000,167000,143000,156000,128000,89000,171000,159000,163000,145000,166000,243000,162000,169000,116000,172000,111000,396000,229000,230000,484000,173000,120000,182000,119000,411000,232000,243000,492000,207000,187000,127000,209000,132000,420000,227000,237000,491000,390000,201000,209000,160000,100000,231000,195000,208000,226000,276000,271000,216000,215000,163000,101000,232000,200000,239000,224000,
equiv1: 605000,
equiv2: 523000,
or_pos: 454000,420000,353000,
and_neg: 272000,1390000,968000,2306000,
and_pos: 238000,239000,244000,242000,1206000,1233000,1116000,1246000,1175000,1139000,1098000,1129000,1212000,1092000,1255000,1093000,1150000,1255000,1106000,1103000,1108000,1116000,1130000,1205000,1190000,1180000,1129000,1258000,579000,535000,425000,424000,550000,610000,1185000,1211000,1116000,1075000,1057000,1214000,1111000,1089000,1108000,1053000,1035000,1188000,1176000,1208000,
implies: 423000,280000,260000,269000,214000,310000,252000,305000,208000,469000,490000,1386000,507000,1358000,505000,362000,493000,368000,508000,398000,1199000,188000,1175000,
parsing: 126019000,
aci_simp: 922000,1020000,1233000,1156000,1467000,937000,920000,910000,984000,1019000,928000,939000,924000,1041000,1038000,893000,933000,936000,1122000,1043000,924000,996000,1014000,981000,
evaluate: 191000,200000,214000,199000,214000,190000,190000,198000,214000,
onepoint: 1070000,1008000,1099000,967000,980000,943000,934000,1057000,1114000,
qnt_join: 257000,186000,216000,195000,205000,193000,192000,268000,240000,
subproof: 1310000,1246000,1157000,1211000,1075000,1208000,1073000,1262000,1068000,2130000,1460000,2343000,1413000,2342000,1577000,1280000,1507000,1293000,1500000,1406000,2169000,1100000,2150000,
and_intro: 223000,1312000,467000,1119000,
poly_simp: 2376000,2252000,1907000,1556000,2179000,1560000,2216000,2487000,1744000,2048000,1614000,2280000,1707000,2227000,2809000,1957000,2184000,1773000,2314000,1656000,2342000,2698000,1910000,1997000,3026000,
equiv_pos1: 224000,238000,122000,
equiv_pos2: 582000,208000,168000,148000,136000,137000,361000,338000,111000,114000,329000,128000,252000,257000,246000,309000,312000,700000,62000,156000,83000,160000,168000,703000,270000,154000,41000,80000,164000,172000,705000,279000,162000,165000,692000,272000,82000,42000,154000,167000,173000,497000,530000,42000,41000,168000,176000,511000,544000,174000,182000,540000,528000,44000,669000,131000,240000,173000,168000,
reordering: 839000,809000,480000,593000,583000,730000,896000,1073000,16611000,17145000,995000,16859000,999000,478000,704000,1585000,1634000,450000,567000,1776000,9083000,8898000,
resolution: 407000,300000,190000,232000,288000,297000,321000,491000,607000,593000,373000,302000,368000,296000,295000,262000,260000,287000,264000,241000,249000,277000,412000,648000,464000,247000,273000,215000,342000,254000,243000,368000,426000,421000,285000,1737000,441000,276000,351000,415000,438000,236000,273000,184000,285000,331000,296000,203000,411000,435000,394000,539000,223000,189000,282000,335000,310000,205000,483000,397000,506000,186000,290000,334000,312000,221000,355000,390000,549000,784000,775000,427000,374000,181000,159000,293000,230000,216000,173000,195000,322000,355000,310000,358000,261000,548000,715000,692000,367000,289000,263000,186000,306000,2687000,1769000,1223000,9228000,332000,261000,175000,155000,282000,177000,174000,262000,254000,212000,194000,304000,360000,256000,567000,711000,687000,360000,288000,1625000,1220000,9006000,311000,363000,253000,599000,715000,687000,370000,290000,224000,232000,203000,267000,189000,179000,164000,276000,283000,212000,293000,292000,462000,495000,574000,543000,297000,301000,189000,664000,721000,568000,1164000,222000,183000,309000,311000,455000,510000,585000,563000,300000,322000,767000,599000,1301000,296000,327000,456000,482000,591000,575000,293000,327000,251000,590000,482000,411000,1534000,1518000,1109000,5201000,316000,235000,180000,278000,332000,318000,190000,178000,278000,277000,278000,347000,1565000,1120000,5259000,202000,200000,279000,293000,239000,294000,358000,
contraction: 617000,425000,455000,391000,291000,413000,429000,293000,418000,420000,303000,763000,717000,1886000,3986000,758000,1850000,3839000,726000,526000,696000,784000,543000,739000,811000,541000,1689000,2593000,291000,1684000,2559000,
forall_inst: 929000,659000,752000,906000,2512000,1078000,950000,928000,885000,830000,867000,770000,807000,785000,1142000,641000,848000,627000,721000,1108000,1202000,882000,682000,1056000,874000,776000,601000,684000,863000,777000,768000,1191000,1114000,764000,767000,872000,697000,606000,847000,749000,961000,1089000,999000,799000,690000,658000,879000,964000,1031000,782000,743000,912000,777000,918000,1137000,
implies_neg1: 510000,359000,315000,326000,256000,257000,258000,433000,439000,658000,597000,604000,613000,2373000,2386000,469000,485000,480000,934000,1006000,256000,4273000,4199000,
implies_neg2: 700000,435000,408000,409000,248000,427000,251000,438000,249000,807000,868000,1532000,862000,1532000,862000,582000,642000,579000,647000,598000,1423000,247000,1427000,
__local_input: 120000,120000,68000,108000,105000,82000,65000,43000,41000,41000,89000,143000,209000,118000,183000,40000,70000,30000,25000,31000,25000,40000,68000,64000,60000,40000,81000,59000,68000,32000,67000,40000,39000,25000,41000,67000,27000,81000,67000,121000,314000,126000,24000,68000,99000,148000,72000,78000,84000,54000,57000,33000,35000,85000,183000,204000,214000,172000,112000,60000,63000,192000,145000,
poly_simp_rel: 935000,920000,1091000,913000,924000,1081000,1291000,943000,987000,1144000,1485000,949000,936000,1153000,1384000,1455000,
qnt_rm_unused: 359000,1188000,285000,768000,250000,739000,253000,732000,361000,1187000,346000,1169000,
equiv_simplify: 748000,
__normalized_input: 28881000,29329000,27424000,22329000,22286000,13105000,11892000,11650000,8397000,5544000,5135000,4570000,4433000,3529000,3494000,2866000,2886000,2543000,2554000,2063000,1303000,863000,899000,
rare_rewrite_ite-eq: 7292000,
miniscope_distribute: 372000,405000,364000,
rare_rewrite_eq-refl: 94000,98000,82000,77000,83000,82000,79000,83000,347000,95000,98000,
rare_rewrite_eq-symm: 355000,120000,125000,145000,152000,85000,106000,78000,127000,90000,109000,77000,126000,337000,174000,176000,172000,289000,98000,106000,97000,75000,83000,113000,110000,129000,129000,436000,90000,97000,74000,79000,106000,93000,108000,136000,127000,428000,127000,132000,425000,114000,91000,85000,89000,80000,101000,116000,165000,127000,122000,
rare_rewrite_or-not-refl: 6129000,6036000,6055000,6088000,6180000,5841000,5801000,6097000,6528000,
rare_rewrite_ite-not-cond: 5801000,5882000,14746000,6046000,6031000,7219000,6524000,6242000,6801000,
rare_rewrite_arith-elim-lt: 6000000,6029000,5758000,5713000,6147000,7361000,6233000,6273000,
rare_rewrite_bool-impl-elim: 6008000,5903000,6097000,6605000,6369000,6401000,6112000,5989000,5999000,5972000,
rare_rewrite_arith-geq-tighten: 6195000,6745000,6445000,
rare_rewrite_bool-and-de-morgan: 6090000,6013000,
rare_rewrite_bool-or-and-distrib: 6086000,6079000,5837000,
rare_rewrite_bool-double-not-elim: 112000,226000,122000,120000,114000,

