1; Draft.Scratch_smt_check_7_15907; 2026-04-10 13:51:45.197;
bind: 374000,374000,315000,325000,688000,711000,544000,565000,
cong: 64000,193000,161000,123000,132000,62000,76000,66000,293000,274000,236000,203000,88000,113000,98000,168000,193000,77000,74000,49000,39000,48000,50000,39000,44000,311000,
refl: 47000,35000,43000,20000,69000,55000,56000,28000,32000,32000,83000,
symm: 237000,
false: 13000,
trans: 227000,333000,297000,334000,231000,254000,886000,577000,611000,447000,486000,325000,
choice: 76000,
equiv1: 440000,
equiv2: 184000,389000,
or_neg: 285000,316000,398000,
or_pos: 334000,394000,625000,693000,
implies: 283000,
not_not: 390000,
parsing: 4915000,
aci_simp: 1264000,1236000,2513000,2229000,
evaluate: 527000,
subproof: 10274000,
equiv_pos2: 216000,137000,57000,37000,378000,290000,96000,63000,189000,350000,310000,60000,
reordering: 430000,485000,778000,1051000,
resolution: 198000,246000,251000,270000,257000,242000,270000,285000,390000,415000,406000,324000,364000,372000,285000,310000,435000,440000,342000,438000,492000,658000,682000,756000,720000,682000,690000,652000,605000,573000,502000,533000,
sko_forall: 2133000,
contraction: 401000,535000,
forall_inst: 840000,836000,1025000,957000,1802000,1802000,
implies_neg1: 731000,
implies_neg2: 280000,
__local_input: 290000,
equiv_simplify: 445000,518000,475000,
__normalized_input: 20219000,17906000,17745000,16332000,10131000,6612000,6480000,806000,
rare_rewrite_eq-refl: 370000,
rare_rewrite_bool-impl-elim: 7029000,6966000,6518000,13057000,12983000,13400000,
rare_rewrite_bool-and-de-morgan: 6658000,6490000,12739000,12434000,
rare_rewrite_bool-double-not-elim: 492000,

