1; Draft.Scratch_smt_check_7_4616; 2026-04-10 13:46:19.511;
bind: 273000,306000,319000,271000,311000,265000,503000,
cong: 168000,167000,166000,159000,158000,655000,299000,258000,270000,164000,667000,
refl: 109000,110000,
trans: 254000,249000,241000,242000,
equiv2: 224000,
or_neg: 603000,511000,740000,
or_pos: 212000,
implies: 306000,
parsing: 18613000,
subproof: 1322000,
equiv_pos1: 218000,
equiv_pos2: 140000,169000,235000,452000,960000,848000,
reordering: 233000,857000,
resolution: 188000,186000,229000,293000,229000,334000,230000,341000,388000,471000,434000,227000,366000,973000,1317000,
contraction: 496000,1166000,
forall_inst: 766000,1672000,
implies_neg1: 779000,
implies_neg2: 423000,
__local_input: 295000,
connective_def: 330000,326000,586000,
__normalized_input: 1464000,1516000,1452000,1002000,
rare_rewrite_eq-symm: 249000,
rare_rewrite_bool-impl-elim: 6929000,
rare_rewrite_bool-and-de-morgan: 6702000,7081000,29074000,
rare_rewrite_bool-double-not-elim: 475000,

