1; Draft.Scratch_smt_check_7_26258; 2026-04-10 13:45:46.879;
cong: 563000,598000,298000,1843000,1184000,578000,701000,306000,2583000,876000,150000,217000,189000,236000,222000,223000,105000,111000,424000,599000,605000,380000,1848000,1174000,381000,387000,249000,156000,100000,376000,392000,289000,293000,444000,192000,212000,84000,74000,143000,178000,205000,85000,74000,96000,156000,187000,205000,87000,76000,89000,382000,387000,251000,159000,102000,372000,388000,283000,292000,421000,181000,196000,86000,76000,88000,174000,210000,85000,77000,92000,161000,197000,201000,89000,80000,87000,624000,647000,440000,2018000,406000,385000,252000,163000,103000,390000,393000,279000,293000,468000,182000,202000,87000,80000,97000,185000,210000,86000,74000,97000,166000,195000,206000,87000,77000,99000,1194000,229000,108000,113000,166000,481000,384000,388000,250000,160000,170000,99000,381000,384000,285000,358000,474000,190000,262000,89000,76000,109000,192000,239000,85000,80000,100000,171000,202000,205000,90000,105000,93000,586000,733000,443000,2065000,376000,392000,249000,159000,168000,102000,383000,397000,308000,278000,421000,177000,241000,86000,76000,89000,179000,204000,132000,109000,135000,156000,215000,201000,87000,66000,82000,1156000,125000,174000,219000,244000,286000,234000,107000,112000,161000,419000,373000,387000,246000,160000,158000,101000,160000,375000,387000,278000,288000,443000,174000,203000,85000,72000,92000,173000,210000,91000,77000,108000,250000,286000,295000,125000,121000,158000,793000,879000,382000,2388000,378000,387000,244000,161000,160000,107000,158000,380000,388000,279000,285000,416000,189000,198000,83000,73000,89000,179000,202000,85000,73000,91000,155000,186000,201000,82000,74000,89000,1548000,
ite1: 142000,150000,134000,
ite2: 204000,6383000,134000,
refl: 22000,34000,83000,20000,29000,76000,89000,39000,43000,47000,33000,38000,20000,28000,90000,85000,27000,72000,80000,27000,25000,92000,24000,23000,28000,32000,27000,76000,82000,27000,25000,92000,24000,20000,31000,34000,29000,73000,81000,28000,26000,91000,24000,24000,31000,32000,92000,34000,39000,73000,82000,28000,75000,82000,75000,84000,28000,27000,91000,27000,29000,39000,35000,27000,74000,83000,75000,83000,27000,22000,90000,21000,23000,27000,32000,88000,25000,23000,44000,33000,38000,76000,82000,27000,76000,81000,72000,82000,74000,82000,27000,25000,91000,20000,21000,40000,41000,54000,35000,30000,74000,84000,75000,80000,71000,81000,29000,29000,98000,22000,23000,29000,33000,185000,198000,195000,
symm: 211000,134000,210000,486000,210000,209000,226000,486000,226000,119000,106000,114000,236000,457000,219000,212000,209000,207000,450000,208000,131000,213000,351000,468000,209000,116000,103000,105000,206000,834000,376000,417000,
true: 37000,36000,27000,
trans: 676000,620000,602000,137000,565000,394000,594000,561000,655000,110000,856000,510000,177000,171000,179000,102000,124000,114000,658000,618000,604000,136000,557000,398000,338000,437000,181000,377000,196000,246000,77000,108000,120000,165000,162000,76000,105000,101000,184000,242000,168000,83000,97000,107000,319000,427000,188000,367000,160000,163000,67000,96000,103000,165000,162000,73000,106000,105000,192000,210000,173000,74000,102000,107000,710000,652000,664000,158000,634000,336000,449000,182000,369000,172000,174000,74000,103000,106000,170000,174000,69000,98000,112000,190000,218000,188000,80000,104000,111000,193000,336000,450000,187000,200000,377000,176000,189000,4842000,168000,114000,193000,189000,74000,103000,106000,189000,220000,184000,115000,110000,106000,704000,652000,659000,172000,631000,324000,464000,189000,195000,366000,168000,173000,69000,96000,102000,165000,171000,75000,103000,159000,183000,205000,170000,75000,95000,101000,142000,144000,146000,93000,124000,134000,189000,323000,439000,213000,184000,188000,376000,166000,164000,72000,95000,100000,166000,163000,80000,97000,109000,335000,390000,322000,121000,163000,173000,1084000,1044000,1001000,208000,909000,679000,326000,448000,189000,190000,185000,375000,175000,167000,71000,99000,100000,160000,166000,74000,103000,102000,174000,206000,165000,72000,96000,101000,
equiv1: 876000,227000,78000,70000,830000,231000,88000,191000,93000,78000,917000,229000,76000,79000,270000,909000,132000,83000,269000,78000,79000,2276000,275000,898000,94000,286000,274000,80000,80000,84000,262000,320000,213000,73000,269000,861000,228000,260000,266000,265000,133000,263000,272000,272000,
equiv2: 232000,244000,225000,
or_neg: 546000,544000,552000,659000,537000,499000,509000,547000,605000,173000,181000,195000,543000,551000,579000,649000,531000,552000,554000,548000,654000,533000,553000,547000,573000,661000,574000,174000,183000,196000,524000,527000,542000,618000,
and_pos: 590000,678000,508000,454000,501000,495000,486000,497000,610000,461000,509000,591000,544000,478000,458000,458000,469000,597000,125000,130000,138000,135000,132000,144000,500000,519000,629000,566000,470000,509000,508000,507000,624000,478000,464000,515000,629000,530000,512000,528000,519000,505000,614000,463000,506000,519000,636000,516000,510000,509000,504000,508000,626000,474000,125000,135000,141000,489000,501000,644000,496000,491000,495000,492000,614000,
implies: 282000,135000,248000,882000,287000,857000,130000,137000,181000,129000,237000,271000,924000,250000,275000,460000,268000,133000,5642000,262000,274000,484000,257000,142000,890000,126000,246000,473000,1626000,
not_and: 591000,533000,190000,639000,576000,571000,190000,517000,
parsing: 177033000,
evaluate: 254000,250000,138000,199000,317000,238000,284000,1046000,146000,275000,421000,398000,278000,145000,197000,247000,321000,246000,286000,143000,197000,299000,243000,272000,375000,299000,280000,141000,191000,302000,264000,274000,274000,380000,356000,302000,149000,209000,324000,426000,287000,291000,234000,123000,195000,261000,313000,440000,220000,318000,505000,417000,
subproof: 1425000,1165000,1923000,1495000,1250000,1854000,1025000,1076000,1135000,1384000,1203000,1902000,1400000,1016000,1892000,1452000,1148000,1869000,1036000,1347000,1057000,1852000,
and_intro: 161000,111000,147000,532000,161000,522000,87000,87000,120000,117000,144000,159000,513000,149000,151000,257000,157000,86000,514000,153000,157000,272000,156000,89000,530000,79000,146000,267000,493000,
poly_simp: 3077000,2814000,3030000,1503000,1510000,1675000,1717000,10232000,2736000,2558000,2800000,3934000,1635000,1585000,1702000,9744000,2791000,2154000,1558000,1608000,4575000,2615000,2655000,2612000,2673000,2876000,1468000,1529000,1621000,1679000,10865000,2806000,2595000,2901000,2552000,4779000,5149000,1694000,1592000,1742000,3254000,1603000,1677000,2470000,1632000,1635000,1787000,2479000,2544000,2452000,2959000,2475000,1770000,1569000,1620000,1603000,1753000,1613000,1650000,1661000,2538000,1728000,1629000,1673000,2618000,10521000,1840000,1955000,2042000,1971000,1882000,2444000,3005000,2586000,1829000,1698000,1647000,1732000,1880000,1758000,1668000,1665000,2588000,1744000,1652000,1731000,3113000,2582000,2699000,2594000,2764000,2831000,3157000,3165000,2633000,2050000,2131000,1683000,1880000,1930000,1857000,1815000,1758000,2732000,1915000,1934000,1941000,2649000,10542000,1912000,1891000,2234000,2002000,1823000,2519000,3015000,2984000,2529000,1884000,1741000,1572000,1609000,1800000,7173000,3009000,2937000,2425000,1634000,1608000,1865000,2131000,1504000,1519000,4191000,2834000,2370000,2489000,2801000,2502000,2953000,2946000,2945000,2497000,1795000,1643000,1559000,1647000,1809000,1645000,1673000,1680000,4490000,2983000,2979000,2983000,4599000,5022000,2873000,2786000,2811000,2906000,13869000,4456000,2747000,2872000,2945000,3088000,4043000,1774000,1493000,1515000,1621000,2197000,1547000,1559000,1624000,2473000,1721000,1611000,1772000,
equiv_pos2: 181000,73000,189000,444000,606000,178000,937000,183000,187000,426000,541000,184000,948000,79000,141000,83000,69000,207000,387000,383000,72000,196000,428000,186000,608000,184000,939000,119000,134000,263000,184000,181000,143000,121000,265000,425000,183000,660000,91000,76000,118000,123000,259000,948000,377000,370000,273000,185000,128000,121000,270000,434000,183000,651000,81000,75000,118000,121000,258000,948000,72000,69000,119000,189000,375000,372000,219000,121000,236000,533000,824000,374000,1099000,395000,118000,123000,533000,1836000,
la_generic: 19261000,20558000,9037000,20329000,20118000,21291000,7981000,25308000,
reordering: 3121000,3647000,2363000,2968000,431000,541000,3308000,3692000,3145000,3708000,3303000,3722000,189000,435000,2402000,3040000,
resolution: 210000,192000,198000,202000,882000,1098000,3592000,594000,610000,898000,706000,2687000,113000,233000,302000,268000,275000,805000,249000,309000,196000,225000,150000,236000,280000,143000,476000,290000,1697000,1477000,3101000,198000,1148000,649000,1319000,2607000,590000,591000,825000,602000,2120000,106000,230000,317000,270000,237000,723000,279000,301000,459000,247000,354000,292000,1554000,1348000,2398000,371000,416000,217000,258000,277000,235000,579000,94000,162000,162000,151000,180000,199000,152000,296000,177000,227000,166000,176000,482000,401000,706000,348000,366000,325000,1181000,3567000,638000,611000,951000,752000,2668000,104000,230000,305000,263000,256000,812000,184000,219000,146000,295000,432000,230000,270000,244000,172000,275000,1691000,1536000,3157000,402000,272000,272000,273000,1121000,3655000,605000,614000,907000,640000,2660000,93000,164000,174000,159000,177000,184000,259000,870000,226000,264000,238000,258000,145000,357000,393000,403000,282000,249000,251000,251000,280000,145000,177000,166000,1748000,1495000,3099000,409000,276000,267000,263000,380000,438000,339000,300000,1288000,3693000,606000,626000,921000,701000,2770000,96000,172000,174000,159000,180000,202000,262000,871000,249000,280000,247000,283000,354000,402000,418000,293000,293000,277000,268000,145000,311000,300000,145000,160000,167000,1720000,1558000,3044000,403000,287000,280000,256000,249000,366000,418000,226000,265000,243000,629000,151000,259000,197000,238000,159000,150000,339000,344000,306000,283000,931000,2634000,570000,585000,909000,604000,2080000,111000,218000,273000,273000,233000,696000,229000,262000,403000,409000,276000,263000,281000,246000,249000,380000,569000,250000,421000,1673000,1405000,2438000,456000,277000,275000,296000,249000,242000,
contraction: 1424000,725000,1068000,237000,1354000,1614000,1067000,669000,921000,231000,1338000,1413000,279000,185000,234000,119000,291000,331000,1471000,852000,1197000,231000,1391000,1627000,1391000,735000,1075000,126000,1407000,1709000,1398000,748000,1102000,170000,1372000,1684000,280000,178000,233000,1111000,703000,934000,208000,1491000,1471000,
la_mult_neg: 387000,369000,520000,255000,253000,326000,387000,365000,253000,358000,259000,213000,344000,612000,
la_mult_pos: 247000,243000,346000,539000,357000,372000,373000,620000,
implies_neg1: 247000,951000,1421000,249000,881000,1320000,107000,200000,293000,250000,957000,1463000,105000,991000,1562000,135000,1045000,1477000,214000,412000,1711000,2563000,
implies_neg2: 550000,166000,1425000,506000,164000,1310000,147000,82000,306000,6304000,163000,1489000,571000,83000,1483000,564000,91000,1457000,141000,538000,148000,1435000,
__local_input: 55000,35000,91000,41000,22000,43000,38000,36000,41000,103000,27000,53000,37000,92000,43000,48000,42000,37000,40000,108000,26000,24000,19000,25000,17000,19000,25000,52000,35000,41000,93000,43000,29000,35000,39000,35000,90000,38000,26000,19000,36000,99000,39000,48000,41000,52000,37000,91000,27000,25000,18000,44000,92000,42000,45000,39000,37000,41000,94000,29000,19000,20000,26000,94000,78000,79000,197000,104000,79000,82000,83000,203000,
poly_simp_rel: 1128000,1070000,1101000,1102000,1224000,1132000,1120000,1129000,1076000,1076000,1109000,1163000,1080000,1008000,1077000,1060000,1057000,1118000,1021000,1036000,1090000,1102000,1165000,1041000,1072000,1094000,1160000,1158000,1122000,1096000,1086000,1336000,1188000,1257000,1059000,1115000,1070000,1164000,1130000,1063000,1024000,1063000,1102000,1046000,1050000,1056000,1223000,1180000,1125000,1022000,1055000,2090000,1946000,1920000,1147000,1121000,1185000,1006000,992000,1105000,
equiv_simplify: 162000,145000,171000,151000,145000,149000,375000,167000,363000,153000,153000,363000,421000,362000,359000,157000,155000,154000,362000,364000,145000,373000,361000,356000,366000,262000,358000,360000,378000,
implies_simplify: 1234000,325000,1007000,313000,279000,169000,1050000,323000,1114000,163000,1092000,182000,1436000,1017000,284000,
__normalized_input: 1017000,961000,1240000,
rare_rewrite_ite-eq: 7225000,10841000,6491000,
rare_rewrite_eq-refl: 163000,174000,158000,169000,165000,170000,170000,164000,184000,164000,163000,166000,164000,159000,167000,
rare_rewrite_ite-not-cond: 12305000,6351000,6471000,6428000,6404000,6459000,6412000,6613000,6649000,6984000,6867000,7161000,6603000,6322000,6357000,6542000,6387000,11791000,6080000,6028000,6031000,
rare_rewrite_arith-elim-lt: 6417000,7716000,10601000,8693000,9899000,6648000,7050000,6560000,6555000,7582000,10277000,6293000,6188000,14226000,6071000,6231000,6344000,7494000,10494000,6836000,6331000,6217000,6677000,6746000,7170000,7018000,8027000,10549000,6674000,6091000,8703000,6347000,5973000,6090000,6629000,6032000,15063000,11410000,13253000,16360000,5718000,5853000,86514000,
rare_rewrite_arith-elim-leq: 6438000,6432000,6643000,6721000,6250000,12051000,6172000,
rare_rewrite_bool-double-not-elim: 99000,84000,92000,874000,

