1; Draft.Scratch_smt_check_7_19121; 2026-04-10 13:45:44.884;
bind: 281000,252000,266000,259000,281000,251000,540000,438000,
cong: 125000,127000,153000,136000,77000,122000,115000,46000,45000,174000,404000,354000,203000,108000,345000,186000,104000,197000,500000,225000,133000,269000,263000,259000,149000,63000,396000,179000,95000,187000,100000,61000,211000,97000,58000,232000,119000,75000,139000,137000,126000,82000,34000,228000,142000,218000,339000,219000,230000,123000,81000,202000,117000,73000,180000,98000,59000,191000,99000,56000,95000,38000,154000,134000,87000,1834000,210000,
ite1: 59000,
ite2: 53000,
refl: 27000,23000,77000,105000,43000,40000,52000,24000,54000,26000,40000,81000,26915000,372000,342000,533000,76000,
symm: 323000,295000,91000,65000,331000,301000,92000,
true: 61000,
trans: 238000,236000,347000,235000,847000,809000,733000,124000,425000,464000,353000,71000,278000,371000,403000,449000,436000,78000,426000,
equiv1: 166000,88000,111000,227000,
equiv2: 149000,344000,
or_neg: 1579000,1763000,1667000,1712000,1700000,1525000,1672000,1517000,
or_pos: 248000,267000,257000,424000,
and_neg: 1265000,1439000,
and_pos: 1086000,1220000,1225000,1177000,1255000,1011000,1049000,1090000,1033000,1046000,1173000,1179000,1209000,1245000,2567000,2438000,2435000,3244000,2131000,2314000,1157000,1127000,1245000,1262000,1282000,1361000,1220000,1107000,
implies: 1249000,1236000,2376000,1244000,419000,
not_not: 265000,
parsing: 103089000,
subproof: 2199000,2161000,2236000,2304000,2790000,
and_intro: 1197000,1297000,
equiv_pos2: 188000,177000,174000,134000,140000,731000,709000,676000,820000,530000,305000,322000,356000,409000,241000,242000,401000,367000,340000,296000,3997000,365000,
reordering: 345000,1804000,9355000,347000,9373000,391000,121000,3659000,19538000,10222000,671000,
resolution: 214000,236000,413000,123000,138000,395000,217000,239000,281000,1622000,1580000,1167000,5480000,329000,207000,229000,267000,1572000,1128000,5397000,207000,236000,265000,15162000,257000,261000,549000,579000,539000,624000,535000,300000,4338000,17215000,3137000,2986000,1954000,10901000,290000,329000,338000,325000,369000,321000,184000,1623000,1117000,6013000,192000,233000,342000,373000,379000,364000,347000,338000,213000,782000,735000,417000,490000,
contraction: 1757000,2845000,1745000,2658000,8186000,3510000,5584000,1778000,2791000,694000,
forall_inst: 853000,854000,824000,1505000,
implies_neg1: 2231000,2307000,2382000,2408000,651000,
implies_neg2: 1454000,1426000,2566000,1369000,640000,
__local_input: 34000,14000,23000,75000,75000,83000,96000,35000,82000,75000,73000,97000,17000,30000,23000,71000,77000,81000,92000,57000,26000,83000,76000,75000,92000,16000,61000,32000,119000,
equiv_simplify: 305000,172000,471000,188000,347000,
__normalized_input: 4905000,4578000,4278000,4540000,3162000,1288000,946000,872000,1500000,
rare_rewrite_ite-eq: 10702000,
rare_rewrite_eq-refl: 120000,63000,71000,
rare_rewrite_eq-symm: 177000,163000,157000,133000,129000,849000,778000,678000,410000,454000,331000,336000,437000,742000,352000,
rare_rewrite_bool-impl-elim: 6134000,5962000,5888000,11796000,
rare_rewrite_bool-double-not-elim: 721000,

