1; Draft.Scratch_smt_check_7_7534; 2026-04-10 13:42:44.741;
bind: 255000,249000,396000,395000,371000,556000,581000,
cong: 76000,87000,78000,87000,248000,124000,118000,178000,478000,
refl: 123000,113000,124000,110000,128000,110000,232000,212000,221000,203000,97000,81000,101000,
symm: 248000,270000,107000,231000,395000,152000,183000,482000,
trans: 206000,129000,235000,244000,125000,240000,417000,268000,446000,
equiv1: 81000,276000,
equiv2: 79000,222000,
or_neg: 479000,379000,374000,413000,
or_pos: 200000,200000,189000,332000,365000,
and_neg: 1339000,234000,507000,
and_pos: 205000,209000,196000,188000,179000,197000,67000,340000,374000,351000,363000,386000,358000,
implies: 207000,211000,216000,402000,434000,
not_not: 207000,
parsing: 17997000,
aci_simp: 914000,
subproof: 5194000,1574000,1181000,2196000,2307000,
and_intro: 200000,371000,
equiv_pos1: 44000,68000,
equiv_pos2: 183000,181000,312000,213000,213000,208000,40000,69000,394000,484000,574000,
not_equiv1: 98000,
not_equiv2: 111000,
reordering: 181000,154000,141000,288000,248000,622000,301000,647000,238000,174000,122000,283000,1332000,597000,1314000,465000,
resolution: 186000,169000,135000,125000,149000,138000,837000,171000,166000,228000,347000,377000,374000,183000,269000,188000,179000,210000,727000,413000,330000,305000,634000,155000,265000,331000,310000,176000,333000,322000,653000,158000,180000,208000,307000,575000,15945000,789000,605000,556000,1211000,279000,272000,293000,337000,514000,618000,593000,1252000,271000,246000,324000,275000,322000,362000,494000,
contraction: 363000,299000,338000,317000,379000,593000,576000,669000,596000,714000,
forall_inst: 697000,852000,779000,826000,870000,791000,746000,859000,1331000,1501000,1308000,1548000,
implies_neg1: 288000,325000,334000,607000,707000,
implies_neg2: 323000,273000,270000,567000,538000,
__local_input: 78000,20000,18000,22000,20000,22000,27000,39000,43000,78000,37000,42000,50000,
equiv_simplify: 370000,430000,
__normalized_input: 2779000,2604000,2067000,1816000,1086000,1151000,1374000,
rare_rewrite_eq-refl: 82000,
rare_rewrite_eq-symm: 52000,71000,52000,72000,174000,96000,
rare_rewrite_bool-impl-elim: 7518000,7229000,7285000,11805000,12062000,
rare_rewrite_bool-double-not-elim: 264000,

