1; Draft.Scratch_smt_check_7_27438; 2026-04-10 13:51:01.819;
bind: 446000,307000,418000,507000,428000,392000,387000,315000,327000,322000,298000,548000,308000,481000,537000,477000,422000,581000,
cong: 209000,78000,68000,110000,74000,78000,79000,126000,248000,254000,83000,58000,72000,61000,56000,71000,58000,55000,235000,129000,229000,285000,90000,62000,88000,85000,76000,156000,78000,90000,72000,225000,146000,266000,370000,446000,
refl: 20000,23000,29000,18000,24000,131000,78000,19000,17000,23000,19000,25000,152000,98000,
symm: 189000,207000,409000,190000,189000,472000,560000,
false: 13000,
trans: 278000,409000,418000,411000,429000,414000,413000,335000,294000,356000,514000,472000,470000,464000,475000,473000,
choice: 53000,91000,
equiv2: 204000,514000,
or_neg: 344000,393000,429000,361000,658000,729000,606000,
or_pos: 406000,
implies: 489000,
not_not: 224000,
parsing: 17651000,
evaluate: 550000,
qnt_join: 438000,530000,
subproof: 1277000,
equiv_pos2: 226000,296000,128000,130000,252000,510000,485000,606000,162000,57000,
reordering: 513000,553000,966000,862000,
resolution: 248000,278000,285000,379000,486000,442000,349000,347000,539000,592000,304000,296000,308000,344000,424000,457000,439000,302000,361000,319000,485000,494000,914000,1039000,558000,
sko_forall: 6299000,
contraction: 585000,462000,1084000,
forall_inst: 1086000,1006000,
implies_neg1: 400000,
implies_neg2: 435000,
__local_input: 253000,
equiv_simplify: 283000,630000,
miniscope_split: 581000,647000,
__normalized_input: 30102000,24443000,22411000,14454000,14719000,14744000,
rare_rewrite_eq-symm: 243000,248000,250000,371000,
rare_rewrite_bool-impl-elim: 7366000,6947000,7009000,6853000,21667000,11625000,
rare_rewrite_bool-double-not-elim: 315000,581000,

