1; Draft.Scratch_smt_check_7_1256; 2026-04-10 13:46:20.252;
bind: 234000,233000,407000,399000,318000,425000,442000,
cong: 167000,161000,155000,104000,179000,251000,165000,117000,256000,194000,273000,109000,192000,94000,58000,203000,305000,324000,275000,162000,
refl: 96000,23000,40000,135000,38000,114000,174000,33000,62000,
symm: 70000,152000,
trans: 204000,225000,209000,225000,180000,203000,187000,158000,361000,341000,365000,116000,128000,147000,274000,275000,270000,153000,265000,336000,121000,378000,449000,455000,414000,340000,372000,369000,262000,
choice: 96000,
or_neg: 189000,262000,187000,185000,
or_pos: 359000,239000,
implies: 198000,
parsing: 48729000,
aci_simp: 1075000,1265000,1113000,1396000,987000,1272000,929000,1968000,2037000,2283000,
not_symm: 65000,
subproof: 16158000,
equiv_pos2: 35000,158000,192000,331000,187000,56000,301000,
reordering: 273000,540000,265000,
resolution: 229000,234000,252000,204000,177000,309000,372000,202000,307000,362000,353000,372000,342000,460000,377000,451000,356000,
sko_forall: 1564000,
contraction: 308000,293000,
forall_inst: 968000,1334000,
implies_neg1: 584000,
implies_neg2: 307000,
__local_input: 116000,
connective_def: 350000,
miniscope_split: 329000,709000,
__normalized_input: 1807000,883000,798000,820000,1073000,904000,
rare_rewrite_eq-symm: 76000,
rare_rewrite_bool-eq-false: 6088000,11855000,
rare_rewrite_bool-impl-elim: 6334000,7001000,12393000,
rare_rewrite_bool-and-de-morgan: 6295000,6470000,5970000,6300000,6779000,12093000,
rare_rewrite_bool-double-not-elim: 96000,100000,68000,77000,84000,103000,172000,
rare_rewrite_bool-implies-de-morgan: 5927000,6594000,11728000,

