1; Draft.Scratch_smt_check_7_12802; 2026-04-10 13:46:20.453;
bind: 320000,363000,338000,417000,380000,347000,
cong: 197000,76000,54000,147000,89000,169000,218000,186000,253000,269000,255000,215000,207000,277000,365000,
refl: 18000,
symm: 81000,
trans: 99000,243000,369000,403000,308000,
choice: 76000,
equiv1: 88000,
equiv2: 91000,
or_neg: 203000,221000,178000,318000,406000,259000,359000,409000,316000,
or_pos: 315000,
implies: 133000,286000,
parsing: 21317000,
subproof: 1157000,2752000,
equiv_pos2: 227000,165000,40000,317000,296000,336000,308000,306000,4037000,
reordering: 261000,204000,403000,393000,568000,
resolution: 204000,191000,297000,362000,239000,132000,147000,158000,166000,250000,279000,294000,181000,175000,353000,346000,484000,581000,500000,569000,401000,348000,519000,488000,542000,651000,
sko_forall: 2910000,3048000,
contraction: 312000,214000,473000,408000,3055000,
forall_inst: 716000,1272000,
implies_neg1: 181000,373000,
implies_neg2: 177000,344000,
__local_input: 39000,86000,
connective_def: 417000,432000,
equiv_simplify: 189000,176000,
__normalized_input: 1048000,1132000,
rare_rewrite_eq-symm: 84000,
rare_rewrite_bool-impl-elim: 25130000,12460000,
rare_rewrite_bool-and-de-morgan: 12194000,21834000,
rare_rewrite_bool-double-not-elim: 156000,168000,332000,

