1; Draft.Scratch_smt_check_7_32102; 2026-04-10 13:50:25.610;
bind: 493000,277000,277000,306000,277000,490000,303000,1414000,314000,279000,323000,279000,506000,327000,292000,361000,326000,534000,17341000,537000,650000,588000,664000,523000,519000,288000,265000,305000,263000,307000,270000,
cong: 268000,317000,175000,163000,128000,130000,161000,286000,279000,172000,166000,134000,136000,135000,270000,139000,146000,162000,154000,181000,161000,136000,87000,219000,263000,225000,363000,276000,309000,188000,163000,129000,135000,160000,278000,308000,272000,366000,229000,215000,290000,502000,238000,350000,294000,254000,302000,305000,448000,222000,224000,270000,295000,170000,157000,122000,129000,134000,155000,132000,169000,164000,346000,
refl: 40000,28000,46000,39000,62000,48000,65000,79000,
symm: 221000,200000,228000,222000,
trans: 245000,268000,249000,206000,262000,208000,236000,259000,250000,214000,285000,216000,256000,209000,225000,223000,221000,260000,322000,308000,319000,135000,287000,228000,254000,291000,290000,216000,289000,253000,323000,311000,522000,424000,581000,453000,566000,451000,251000,281000,244000,202000,249000,229000,245000,204000,
choice: 89000,
equiv1: 440000,200000,118000,
or_neg: 212000,190000,219000,176000,303000,314000,309000,220000,361000,491000,361000,363000,179000,214000,172000,
or_pos: 266000,257000,268000,621000,467000,293000,
and_pos: 325000,310000,310000,310000,309000,322000,320000,313000,629000,651000,610000,613000,585000,627000,324000,
implies: 267000,250000,247000,262000,949000,488000,
not_and: 289000,
parsing: 58242000,
evaluate: 330000,172000,295000,305000,306000,
subproof: 1637000,1257000,1138000,2002000,2695000,3176000,
and_intro: 190000,215000,605000,
poly_simp: 2607000,1906000,2826000,1934000,1859000,2074000,2067000,2587000,2316000,1608000,1726000,5105000,3007000,2356000,5416000,4402000,4135000,4326000,3314000,2580000,1909000,1858000,
equiv_pos2: 191000,390000,183000,385000,187000,292000,158000,190000,180000,196000,121000,123000,212000,132000,119000,387000,213000,827000,436000,655000,414000,382000,336000,375000,390000,668000,382000,198000,157000,184000,154000,394000,
la_generic: 9760000,
reordering: 624000,458000,331000,658000,456000,633000,475000,251000,322000,911000,648000,462000,338000,648000,460000,1345000,1122000,483000,671000,2177000,1286000,873000,1452000,941000,638000,641000,483000,244000,338000,
resolution: 196000,219000,279000,319000,242000,329000,372000,233000,272000,243000,328000,339000,452000,355000,431000,501000,254000,236000,337000,340000,456000,179000,344000,342000,299000,347000,527000,648000,326000,369000,434000,363000,913000,139000,249000,250000,221000,269000,280000,217000,395000,235000,257000,261000,251000,348000,390000,239000,336000,277000,237000,258000,203000,224000,267000,277000,345000,350000,497000,379000,496000,471000,276000,288000,388000,381000,571000,417000,742000,760000,533000,627000,1317000,1099000,1786000,394000,458000,438000,588000,605000,645000,778000,784000,479000,680000,723000,703000,386000,307000,255000,232000,326000,353000,479000,173000,331000,346000,324000,368000,
sko_forall: 1391000,2777000,1364000,
contraction: 364000,278000,539000,419000,474000,254000,379000,525000,1300000,1417000,772000,298000,
forall_inst: 1070000,827000,1060000,1094000,810000,1067000,841000,1145000,2188000,1689000,2031000,2099000,1730000,1099000,819000,
la_mult_neg: 374000,353000,
implies_neg1: 349000,214000,737000,893000,690000,670000,
implies_neg2: 348000,298000,170000,488000,2112000,636000,
__local_input: 160000,98000,265000,91000,119000,172000,248000,43000,43000,114000,
poly_simp_rel: 1128000,1155000,1194000,1144000,1147000,1164000,1134000,1206000,1349000,2287000,2579000,2454000,1125000,1089000,1087000,
connective_def: 360000,360000,366000,726000,365000,
equiv_simplify: 193000,
implies_simplify: 537000,288000,
__normalized_input: 1075000,784000,563000,799000,
rare_rewrite_arith-elim-gt: 7419000,
rare_rewrite_arith-elim-lt: 6928000,6670000,7657000,7143000,7835000,13698000,6107000,
rare_rewrite_arith-elim-leq: 6561000,6801000,6949000,6979000,6868000,7745000,14321000,14488000,6180000,6158000,
rare_rewrite_bool-impl-elim: 6572000,6933000,7017000,7808000,14508000,14839000,6309000,6219000,
rare_rewrite_bool-and-de-morgan: 6586000,6666000,7031000,13082000,6433000,
rare_rewrite_bool-double-not-elim: 227000,227000,111000,249000,490000,279000,224000,106000,225000,

