1; Draft.Scratch_smt_check_7_25411; 2026-04-10 13:43:16.539;
bind: 207000,188000,201000,193000,192000,213000,
cong: 697000,509000,510000,434000,137000,205000,239000,103000,82000,136000,209000,261000,
refl: 54000,59000,33000,59000,
symm: 114000,
trans: 1185000,1081000,976000,195000,194000,140000,107000,195000,224000,
choice: 63000,
or_neg: 220000,277000,266000,273000,
and_neg: 786000,263000,
and_pos: 168000,178000,
implies: 178000,196000,180000,
parsing: 23516000,
aci_simp: 2689000,2539000,2292000,
subproof: 1937000,1974000,1976000,
equiv_pos2: 954000,146000,167000,123000,215000,216000,152000,150000,168000,145000,124000,217000,274000,
not_equiv2: 681000,
reordering: 929000,328000,457000,
resolution: 258000,505000,547000,789000,223000,359000,411000,420000,337000,422000,435000,324000,344000,221000,296000,503000,382000,354000,577000,239000,283000,248000,312000,432000,409000,362000,464000,480000,374000,355000,
sko_forall: 1638000,1711000,
contraction: 345000,331000,292000,315000,365000,323000,
forall_inst: 1200000,1177000,
implies_neg1: 231000,233000,334000,
implies_neg2: 235000,271000,239000,
__local_input: 47000,49000,27000,28000,
connective_def: 298000,333000,332000,316000,
__normalized_input: 1845000,1245000,1580000,1462000,1399000,1099000,1184000,5755000,
rare_rewrite_eq-symm: 1146000,144000,145000,157000,186000,153000,258000,
rare_rewrite_bool-double-not-elim: 155000,263000,232000,206000,

