1; Draft.Scratch_smt_check_7_18256; 2026-04-10 13:46:45.508;
and: 218000,233000,
bind: 755000,730000,459000,437000,370000,
cong: 500000,506000,1033000,1131000,452000,473000,542000,298000,279000,227000,306000,
refl: 156000,62000,39000,71000,
trans: 1669000,729000,741000,764000,762000,730000,437000,388000,418000,
implies: 1005000,
parsing: 36629000,
aci_simp: 1699000,1341000,1820000,2738000,
and_intro: 618000,155000,
equiv_pos2: 612000,110000,2659000,
resolution: 158000,597000,655000,239000,974000,
connective_def: 894000,
__normalized_input: 11936000,5808000,2959000,3819000,
rare_rewrite_eq-symm: 520000,255000,70000,276000,
rare_rewrite_bool-impl-elim: 6863000,12060000,
rare_rewrite_bool-and-de-morgan: 7206000,7663000,6640000,

