1; Draft.Scratch_smt_check_7_2246; 2026-04-10 13:45:56.457;
bind: 139000,426000,450000,128000,126000,147000,134000,132000,119000,148000,130000,133000,141000,136000,143000,206000,208000,178000,124000,121000,116000,124000,120000,126000,216000,210000,224000,262000,367000,240000,140000,133000,150000,222000,
cong: 216000,262000,272000,505000,419000,131000,136000,214000,215000,110000,72000,93000,116000,104000,69000,51000,69000,61000,61000,48000,80000,54000,47000,61000,55000,221000,103000,88000,93000,219000,197000,87000,80000,51000,63000,83000,121000,216000,197000,84000,109000,73000,65000,70000,60000,66000,52000,75000,51000,57000,219000,379000,122000,69000,88000,65000,52000,77000,82000,78000,87000,71000,64000,69000,59000,53000,61000,73000,54000,55000,220000,67000,92000,1252000,
refl: 45000,46000,31000,18000,22000,15000,33000,16000,18000,72000,66000,46000,57000,37000,59000,65000,61000,
symm: 106000,110000,80000,71000,97000,86000,85000,67000,63000,107000,64000,109000,78000,252000,116000,80000,87000,136000,90000,81000,111000,97000,98000,69000,118000,100000,112000,
trans: 313000,335000,318000,330000,214000,118000,240000,128000,125000,94000,80000,192000,97000,131000,178000,124000,121000,103000,130000,186000,123000,144000,128000,135000,89000,141000,157000,168000,131000,112000,129000,107000,112000,
equiv1: 682000,210000,
equiv2: 426000,438000,94000,
or_neg: 1014000,983000,1005000,981000,994000,963000,980000,960000,968000,922000,988000,931000,
or_pos: 190000,379000,
and_neg: 1288000,268000,673000,
and_pos: 982000,926000,910000,898000,886000,903000,910000,887000,842000,837000,852000,847000,841000,825000,840000,850000,830000,885000,866000,883000,1111000,874000,854000,868000,885000,896000,838000,862000,903000,864000,855000,927000,832000,824000,228000,175000,179000,185000,180000,206000,217000,190000,531000,519000,508000,512000,507000,495000,478000,460000,467000,501000,518000,508000,467000,494000,525000,489000,503000,480000,517000,532000,1301000,1251000,1219000,1235000,1212000,1286000,1217000,1182000,1149000,1205000,1140000,1202000,527000,606000,507000,504000,539000,524000,495000,506000,522000,516000,505000,
implies: 190000,421000,183000,1005000,184000,942000,188000,184000,167000,193000,195000,553000,187000,166000,554000,185000,1538000,329000,1159000,181000,
not_and: 1068000,
not_not: 300000,107000,
parsing: 133415000,
aci_simp: 1222000,1230000,
evaluate: 292000,
subproof: 1073000,2017000,1058000,1959000,1051000,2759000,1082000,1077000,1057000,1095000,1103000,1475000,1067000,1054000,1569000,1081000,2193000,3433000,2109000,1632000,1115000,
and_intro: 1048000,201000,554000,504000,1213000,
equiv_pos1: 57000,
equiv_pos2: 254000,103000,303000,308000,636000,249000,85000,85000,96000,87000,84000,82000,97000,246000,87000,86000,257000,102000,84000,92000,252000,149000,244000,137000,86000,84000,80000,82000,86000,79000,85000,249000,228000,155000,148000,249000,47000,165000,516000,254000,284000,184000,96000,87000,486000,101000,170000,954000,
not_equiv1: 90000,
not_equiv2: 104000,
reordering: 228000,2179000,19579000,18799000,236000,340000,781000,799000,1002000,5286000,5405000,629000,1232000,997000,17924000,11590000,
resolution: 464000,152000,181000,174000,172000,287000,335000,310000,186000,179000,144000,202000,184000,236000,358000,355000,515000,661000,672000,374000,369000,1503000,228000,197000,284000,358000,311000,185000,134000,186000,141000,187000,148000,195000,155000,135000,200000,216000,1960000,1323000,954000,11190000,248000,142000,198000,134000,181000,152000,195000,173000,290000,330000,317000,182000,157000,137000,196000,234000,172000,1272000,933000,11285000,13126000,239000,172000,136000,185000,162000,176000,284000,342000,313000,187000,153000,215000,150000,205000,149000,247000,395000,189000,172000,290000,326000,314000,203000,165000,162000,228000,172000,163000,272000,313000,288000,175000,162000,139000,369000,200000,246000,148000,239000,135000,186000,177000,479000,322000,285000,840000,144000,135000,186000,135000,185000,181000,322000,279000,855000,172000,134000,185000,145000,194000,208000,1415000,779000,626000,3681000,205000,183000,195000,280000,336000,306000,186000,174000,170000,271000,314000,290000,179000,185000,168000,170000,244000,816000,671000,3761000,161000,234000,170000,188000,169000,186000,173000,295000,340000,324000,216000,214000,229000,2536000,28375000,964000,468000,631000,509000,852000,237000,298000,347000,328000,449000,1909000,1427000,10713000,418000,310000,235000,345000,313000,533000,681000,549000,341000,317000,269000,327000,276000,281000,413000,265000,355000,1551000,1152000,4812000,194000,154000,184000,148000,231000,182000,187000,141000,197000,174000,291000,336000,326000,196000,163000,206000,161000,179000,258000,245000,258000,
contraction: 295000,659000,303000,1405000,4058000,280000,1364000,3900000,287000,288000,269000,284000,350000,288000,351000,800000,1394000,281000,263000,818000,1439000,289000,6064000,581000,634000,2178000,4441000,560000,1813000,3389000,293000,
forall_inst: 617000,681000,682000,704000,609000,761000,1034000,830000,701000,641000,598000,608000,640000,613000,712000,612000,585000,624000,680000,635000,592000,851000,724000,1041000,811000,683000,607000,656000,735000,734000,705000,785000,769000,713000,665000,678000,682000,671000,680000,655000,590000,575000,750000,629000,581000,756000,693000,591000,664000,657000,675000,673000,665000,722000,692000,887000,683000,684000,726000,698000,736000,732000,819000,817000,1389000,1489000,1217000,1342000,1327000,1176000,1239000,1373000,1303000,698000,725000,742000,626000,718000,618000,678000,744000,899000,1019000,
implies_neg1: 255000,589000,247000,269000,251000,1869000,1805000,262000,233000,306000,315000,256000,242000,250000,1044000,989000,702000,556000,251000,1064000,1394000,
implies_neg2: 257000,633000,256000,1088000,262000,1084000,259000,264000,227000,224000,223000,656000,255000,228000,676000,291000,416000,1792000,469000,1335000,262000,
__local_input: 54000,112000,52000,61000,58000,17000,18000,21000,35000,23000,18000,25000,33000,30000,19000,28000,37000,27000,32000,70000,24000,29000,59000,37000,30000,31000,27000,31000,30000,27000,18000,19000,22000,24000,26000,20000,23000,18000,36000,58000,55000,16000,18000,33000,38000,28000,15000,17000,30000,53000,54000,58000,26000,32000,29000,16000,26000,37000,24000,29000,26000,34000,30000,26000,28000,28000,26000,23000,17000,33000,89000,98000,103000,58000,22000,46000,15000,17000,29000,29000,21000,22000,28000,25000,34000,36000,32000,30000,31000,20000,30000,33000,24000,23000,22000,19000,57000,
equiv_simplify: 542000,560000,175000,310000,
implies_simplify: 868000,
__normalized_input: 3922000,3585000,3588000,3558000,3495000,3438000,3198000,1905000,1810000,1825000,1819000,1891000,1514000,1487000,1335000,1013000,991000,994000,600000,
rare_rewrite_eq-symm: 172000,116000,122000,193000,193000,165000,95000,104000,134000,104000,97000,102000,119000,164000,108000,102000,172000,119000,106000,125000,169000,153000,148000,88000,114000,94000,88000,103000,96000,88000,120000,92000,214000,146000,158000,154000,175000,187000,343000,209000,304000,223000,143000,114000,173000,123000,338000,
rare_rewrite_bool-impl-elim: 6547000,6498000,5861000,
rare_rewrite_bool-and-de-morgan: 6251000,23384000,
rare_rewrite_bool-double-not-elim: 134000,

