1; Draft.Scratch_smt_check_7_539; 2026-04-10 13:45:56.199;
bind: 150000,147000,214000,255000,261000,395000,154000,146000,225000,
cong: 624000,371000,285000,147000,170000,114000,120000,340000,203000,120000,174000,208000,118000,127000,125000,186000,258000,169000,201000,127000,133000,732000,354000,210000,159000,87000,104000,72000,65000,188000,112000,75000,96000,122000,72000,77000,99000,109000,147000,93000,121000,83000,84000,438000,2758000,
refl: 33000,40000,63000,22000,31000,24000,539000,235000,116000,223000,227000,78000,106000,124000,144000,
symm: 759000,250000,228000,358000,188000,221000,391000,423000,1374000,151000,117000,194000,103000,211000,192000,221000,685000,
trans: 225000,862000,458000,312000,187000,382000,328000,1381000,1372000,427000,165000,171000,107000,227000,179000,679000,685000,
equiv1: 15209000,663000,
equiv2: 1322000,788000,398000,
or_neg: 990000,954000,854000,887000,894000,835000,862000,860000,845000,958000,
and_pos: 1808000,1813000,1487000,1299000,1217000,1276000,1274000,1185000,1190000,1204000,1195000,1312000,
implies: 4877000,
not_and: 961000,
not_not: 473000,288000,
parsing: 93673000,
evaluate: 297000,
subproof: 3115000,2843000,
and_intro: 718000,
equiv_pos2: 100000,100000,152000,185000,181000,280000,1075000,52000,103000,99000,153000,506000,3878000,
reordering: 3275000,21050000,
resolution: 456000,177000,180000,156000,195000,146000,198000,234000,218000,229000,215000,241000,377000,2782000,13117000,933000,663000,1612000,1038000,1838000,240000,593000,583000,715000,435000,689000,396000,266000,450000,296000,247000,325000,328000,374000,393000,434000,367000,4185000,3197000,8707000,346000,410000,260000,432000,229000,156000,202000,186000,153000,203000,182000,225000,252000,252000,233000,397000,
contraction: 5894000,1948000,2041000,5140000,8458000,
forall_inst: 691000,731000,638000,621000,812000,783000,729000,890000,1132000,1978000,1496000,1204000,1388000,1151000,1392000,1525000,1492000,1421000,799000,648000,747000,626000,737000,823000,818000,797000,1275000,
implies_neg1: 2562000,6254000,
implies_neg2: 1365000,5006000,
__local_input: 232000,246000,110000,56000,73000,19692000,114000,38000,55000,63000,72000,178000,
equiv_simplify: 1522000,997000,511000,783000,
implies_simplify: 2892000,
__normalized_input: 4649000,4292000,4258000,2005000,2012000,2205000,
rare_rewrite_eq-symm: 116000,130000,158000,247000,255000,280000,1318000,142000,120000,165000,638000,
rare_rewrite_bool-eq-false: 14324000,13717000,7604000,7578000,
rare_rewrite_bool-double-not-elim: 896000,

