1; Draft.Scratch_smt_check_7_20501; 2026-04-10 13:45:54.985;
bind: 233000,215000,249000,265000,216000,212000,492000,509000,372000,
cong: 169000,224000,97000,78000,68000,62000,81000,57000,64000,42000,168000,88000,106000,82000,62000,58000,75000,48000,76000,62000,161000,189000,96000,78000,68000,68000,81000,92000,66000,48000,171000,196000,155000,76000,83000,97000,65000,74000,58000,79000,54000,80000,62000,308000,337000,171000,144000,140000,117000,140000,101000,113000,74000,313000,453000,287000,130000,153000,179000,186000,114000,105000,138000,90000,190000,87000,936000,
refl: 18000,16000,15000,18000,23000,17000,52000,17000,23000,35000,30000,99000,30000,26000,324000,160000,
symm: 59000,69000,232000,63000,118000,72000,114000,276000,125000,
trans: 313000,198000,119000,252000,291000,194000,597000,592000,361000,
equiv1: 686000,782000,
equiv2: 361000,287000,581000,
or_neg: 375000,330000,372000,
and_pos: 495000,504000,1048000,985000,983000,
implies: 731000,
not_and: 346000,
not_not: 224000,414000,
parsing: 60497000,
evaluate: 217000,
subproof: 1517000,3364000,
and_intro: 955000,
equiv_pos2: 195000,152000,184000,183000,201000,202000,29000,345000,411000,293000,1235000,
reordering: 968000,19956000,
resolution: 197000,297000,186000,249000,246000,248000,698000,907000,401000,400000,603000,414000,727000,155000,297000,258000,277000,218000,292000,338000,178000,256000,1046000,1050000,2501000,451000,498000,516000,457000,564000,583000,313000,445000,
contraction: 789000,565000,589000,1046000,1187000,
forall_inst: 773000,984000,963000,935000,1717000,1436000,
implies_neg1: 706000,2205000,
implies_neg2: 411000,1074000,
__local_input: 67000,81000,155000,86000,145000,
equiv_simplify: 462000,378000,750000,971000,
implies_simplify: 803000,
__normalized_input: 17578000,1774000,1347000,1522000,
rare_rewrite_eq-symm: 255000,160000,179000,170000,259000,154000,318000,524000,343000,
rare_rewrite_bool-double-not-elim: 688000,

