1; Draft.Scratch_smt_check_7_17196; 2026-04-10 13:45:56.041;
bind: 368000,336000,333000,384000,245000,229000,234000,214000,378000,330000,347000,352000,257000,426000,
cong: 121000,237000,218000,150000,139000,195000,152000,151000,149000,129000,184000,140000,153000,122000,251000,249000,152000,152000,321000,
refl: 39000,90000,45000,42000,37000,90000,46000,46000,
symm: 282000,289000,
trans: 316000,322000,322000,328000,294000,300000,212000,227000,216000,199000,184000,223000,221000,192000,201000,182000,322000,314000,328000,324000,296000,313000,235000,222000,198000,214000,344000,
choice: 76000,
or_neg: 167000,203000,146000,163000,195000,160000,165000,196000,190000,
or_pos: 291000,
implies: 289000,
parsing: 57948000,
aci_simp: 1232000,1000000,1097000,974000,1000000,1269000,1014000,1863000,
qnt_join: 338000,337000,
subproof: 1202000,
equiv_pos2: 332000,163000,173000,175000,147000,158000,578000,
reordering: 226000,227000,233000,414000,
resolution: 331000,323000,322000,174000,290000,321000,164000,279000,323000,153000,309000,295000,274000,322000,561000,583000,354000,322000,
sko_forall: 1254000,
contraction: 256000,260000,257000,457000,
forall_inst: 1539000,
implies_neg1: 815000,
implies_neg2: 400000,
__local_input: 180000,
connective_def: 279000,301000,540000,
miniscope_split: 406000,427000,
__normalized_input: 6904000,1016000,1034000,
rare_rewrite_eq-symm: 102000,83000,102000,83000,87000,105000,144000,177000,170000,
rare_rewrite_bool-impl-elim: 6306000,6574000,
rare_rewrite_bool-and-de-morgan: 5771000,6480000,5925000,5975000,21144000,11490000,
rare_rewrite_bool-double-not-elim: 219000,98000,115000,102000,230000,

