1; Draft.Scratch_smt_check_7_16104; 2026-04-10 13:45:55.989;
bind: 142000,109000,142000,214000,391000,245000,198000,247000,
cong: 146000,82000,110000,96000,92000,106000,189000,138000,
refl: 46000,
symm: 135000,218000,150000,149000,305000,
trans: 321000,174000,204000,
and_neg: 1488000,
and_pos: 1244000,1184000,1227000,1110000,1058000,1049000,1127000,1198000,
implies: 606000,
parsing: 25727000,
subproof: 3002000,
equiv_pos2: 111000,73000,104000,156000,326000,183000,155000,169000,
reordering: 1019000,5266000,
resolution: 367000,204000,244000,139000,193000,136000,178000,176000,193000,216000,171000,159000,229000,1481000,877000,651000,6615000,271000,458000,254000,322000,243000,331000,296000,323000,345000,296000,463000,384000,
contraction: 867000,1453000,
forall_inst: 969000,762000,637000,712000,700000,715000,699000,939000,1348000,1184000,1112000,1349000,1426000,1487000,1307000,1528000,
implies_neg1: 2454000,
implies_neg2: 724000,
__local_input: 65000,62000,105000,63000,41000,39000,155000,113000,
__normalized_input: 16335000,5582000,2011000,1711000,1133000,4683000,970000,1227000,
rare_rewrite_eq-symm: 109000,82000,106000,183000,362000,224000,165000,206000,

