1; Draft.Scratch_smt_check_7_2000; 2026-04-10 13:45:55.045;
bind: 155000,165000,167000,168000,169000,157000,113000,110000,120000,113000,157000,210000,160000,155000,179000,164000,224000,184000,273000,292000,302000,303000,283000,282000,
cong: 76000,71000,95000,87000,96000,93000,144000,67000,78000,69000,68000,79000,70000,91000,79000,95000,75000,101000,102000,162000,80000,133000,115000,135000,131000,183000,130000,149000,149000,175000,156000,259000,139000,432000,
refl: 36000,34000,33000,19000,20000,34000,21000,17000,33000,35000,31000,64000,32000,28000,60000,61000,56000,114000,83000,
symm: 63000,61000,62000,60000,75000,56000,105000,66000,64000,109000,102000,184000,101000,111000,222000,
trans: 117000,122000,142000,151000,142000,154000,110000,70000,112000,96000,126000,128000,101000,139000,152000,142000,150000,103000,99000,257000,184000,338000,234000,202000,270000,257000,344000,297000,174000,175000,
equiv1: 119000,153000,
equiv2: 79000,120000,208000,
or_neg: 207000,221000,206000,222000,
and_pos: 103000,104000,359000,440000,397000,446000,
implies: 136000,135000,430000,233000,
not_and: 232000,
not_not: 123000,201000,
parsing: 28932000,
evaluate: 265000,
subproof: 1035000,1120000,1149000,2282000,2153000,
and_intro: 285000,
equiv_pos2: 72000,118000,114000,169000,81000,74000,71000,113000,116000,196000,131000,106000,135000,134000,217000,234000,356000,98000,522000,
reordering: 236000,1749000,
resolution: 207000,201000,157000,231000,264000,254000,248000,143000,219000,283000,133000,188000,546000,1547000,264000,162000,196000,198000,340000,140000,128000,136000,192000,160000,194000,204000,196000,176000,149000,217000,236000,264000,263000,147000,297000,662000,593000,1939000,248000,334000,234000,278000,258000,408000,374000,420000,270000,335000,392000,529000,456000,252000,409000,
contraction: 208000,506000,141000,161000,219000,619000,801000,398000,
forall_inst: 630000,725000,899000,773000,916000,834000,1205000,1377000,1393000,
implies_neg1: 169000,179000,250000,320000,741000,
implies_neg2: 166000,100000,168000,525000,302000,
__local_input: 76000,69000,29000,59000,164000,25000,52000,34000,66000,
equiv_simplify: 158000,199000,380000,308000,
implies_simplify: 195000,
__normalized_input: 1779000,1703000,1114000,1010000,1079000,
rare_rewrite_eq-symm: 108000,101000,108000,110000,103000,105000,104000,89000,75000,101000,110000,109000,105000,102000,113000,138000,112000,145000,211000,221000,219000,189000,201000,212000,211000,249000,
rare_rewrite_bool-eq-false: 6644000,26453000,12065000,11691000,
rare_rewrite_bool-double-not-elim: 227000,

