1; Draft.Scratch_smt_check_7_31731; 2026-04-10 13:45:55.523;
bind: 529000,481000,465000,493000,233000,238000,237000,374000,
cong: 202000,359000,340000,270000,148000,143000,209000,153000,146000,154000,143000,410000,266000,275000,311000,490000,
refl: 106000,93000,117000,
symm: 453000,
trans: 462000,459000,478000,466000,463000,505000,294000,220000,209000,185000,201000,189000,220000,216000,208000,207000,344000,659000,
choice: 85000,
or_neg: 159000,210000,149000,166000,198000,158000,369000,380000,275000,
or_pos: 739000,
and_pos: 203000,200000,379000,
not_and: 359000,
parsing: 88834000,
aci_simp: 1610000,1108000,1016000,1368000,1042000,2143000,2223000,
qnt_join: 515000,
equiv_pos2: 379000,150000,153000,304000,305000,398000,403000,
reordering: 274000,329000,226000,234000,483000,1270000,569000,
resolution: 168000,158000,157000,155000,320000,419000,408000,166000,277000,311000,167000,279000,319000,173000,335000,305000,464000,634000,560000,
sko_forall: 2499000,
contraction: 260000,266000,480000,
forall_inst: 1131000,
connective_def: 288000,553000,
miniscope_split: 586000,
__normalized_input: 4119000,1460000,1457000,
rare_rewrite_eq-symm: 130000,118000,140000,82000,91000,106000,159000,158000,181000,236000,232000,253000,
rare_rewrite_bool-impl-elim: 7333000,
rare_rewrite_bool-and-de-morgan: 6054000,6480000,6876000,30303000,
rare_rewrite_bool-double-not-elim: 229000,98000,103000,192000,

