1; Draft.Scratch_smt_check_7_4519; 2026-04-10 13:45:57.245;
bind: 441000,471000,450000,547000,512000,509000,521000,256000,234000,242000,234000,960000,821000,1025000,978000,992000,996000,459000,235000,439000,266000,245000,
cong: 217000,185000,192000,270000,194000,173000,143000,130000,246000,429000,209000,341000,336000,279000,155000,130000,181000,145000,153000,144000,126000,183000,143000,148000,130000,456000,329000,320000,244000,215000,433000,704000,413000,577000,593000,466000,276000,239000,191000,209000,188000,194000,146000,192000,147000,133000,185000,141000,151000,
refl: 41000,24000,111000,98000,121000,53000,42000,237000,172000,225000,
symm: 476000,273000,991000,
trans: 203000,205000,413000,354000,362000,338000,336000,288000,251000,219000,324000,522000,514000,516000,521000,494000,511000,332000,243000,240000,213000,215000,199000,232000,231000,210000,220000,201000,337000,760000,668000,681000,660000,627000,569000,481000,396000,628000,992000,996000,978000,1317000,1253000,1275000,653000,443000,648000,393000,411000,202000,199000,207000,238000,230000,212000,220000,208000,
choice: 60000,
or_neg: 178000,208000,164000,184000,216000,169000,186000,227000,163000,229000,210000,163000,187000,223000,180000,213000,210000,163000,
or_pos: 435000,502000,431000,491000,789000,1120000,441000,499000,
and_neg: 200000,205000,217000,
and_pos: 231000,235000,236000,151000,232000,233000,236000,147000,159000,470000,494000,448000,459000,468000,236000,146000,
implies: 230000,
parsing: 99418000,
aci_simp: 992000,972000,1441000,1144000,1464000,1491000,1109000,986000,979000,994000,978000,2836000,2222000,2845000,2949000,2216000,1976000,1007000,1005000,998000,1022000,1022000,
not_symm: 137000,
qnt_join: 526000,996000,
subproof: 1170000,
equiv_pos2: 271000,109000,338000,390000,160000,160000,152000,172000,152000,675000,382000,274000,153000,117000,155000,145000,154000,159000,
reordering: 320000,321000,660000,320000,281000,414000,207000,907000,316000,327000,672000,311000,253000,282000,243000,858000,320000,399000,628000,606000,1496000,597000,1754000,609000,683000,684000,325000,245000,297000,415000,355000,245000,291000,885000,
resolution: 195000,434000,718000,180000,182000,183000,341000,455000,153000,230000,241000,323000,234000,414000,718000,370000,186000,200000,170000,340000,434000,404000,193000,303000,352000,194000,299000,336000,181000,311000,275000,288000,340000,326000,313000,282000,432000,734000,1357000,312000,339000,313000,599000,774000,734000,1315000,611000,304000,333000,315000,667000,786000,691000,159000,219000,239000,351000,216000,177000,287000,346000,189000,312000,344000,195000,323000,302000,315000,381000,
sko_forall: 1248000,1281000,
contraction: 278000,283000,284000,300000,338000,273000,279000,283000,
forall_inst: 1026000,1070000,867000,1061000,1089000,1951000,1928000,2151000,1097000,961000,
implies_neg1: 258000,
implies_neg2: 250000,
__local_input: 24000,36000,
connective_def: 295000,303000,305000,301000,
miniscope_split: 627000,1213000,
__normalized_input: 3745000,3572000,3458000,3262000,3286000,
rare_rewrite_eq-symm: 111000,104000,124000,122000,102000,120000,104000,105000,105000,122000,148000,146000,159000,98000,102000,109000,116000,99000,114000,205000,186000,214000,308000,193000,217000,285000,303000,315000,103000,107000,121000,116000,102000,108000,119000,105000,105000,118000,
rare_rewrite_bool-impl-elim: 6273000,6475000,12837000,13132000,
rare_rewrite_bool-and-de-morgan: 5425000,5517000,5652000,5806000,5971000,5508000,5886000,5449000,5829000,10864000,12276000,11545000,12031000,12462000,11127000,6067000,5674000,6049000,
rare_rewrite_bool-double-not-elim: 236000,115000,116000,119000,439000,119000,119000,123000,

