1; Draft.Scratch_smt_check_7_18845; 2026-04-10 13:46:44.771;
bind: 187000,225000,327000,309000,332000,426000,
cong: 162000,154000,227000,
refl: 85000,57000,121000,
symm: 137000,184000,
trans: 164000,201000,166000,167000,198000,229000,291000,346000,304000,342000,
or_pos: 503000,
implies: 277000,
parsing: 16633000,
aci_simp: 1170000,1058000,1207000,1971000,1973000,
subproof: 2154000,
equiv_pos1: 82000,
equiv_pos2: 33000,104000,193000,208000,58000,185000,
reordering: 389000,735000,
resolution: 185000,256000,271000,263000,337000,357000,174000,196000,329000,336000,538000,539000,351000,514000,401000,
contraction: 443000,
forall_inst: 931000,1318000,1495000,1494000,
implies_neg1: 586000,
implies_neg2: 415000,
__local_input: 153000,
miniscope_split: 274000,544000,
__normalized_input: 5635000,3066000,2738000,3213000,6503000,2766000,
rare_rewrite_eq-symm: 13663000,
rare_rewrite_bool-eq-false: 7772000,12584000,
rare_rewrite_bool-impl-elim: 7147000,7490000,12622000,
rare_rewrite_bool-and-de-morgan: 7221000,

