1; Draft.Scratch_smt_check_7_30562; 2026-04-10 13:45:05.302;
bind: 286000,372000,432000,376000,252000,224000,212000,423000,225000,424000,224000,212000,170000,171000,
cong: 170000,150000,521000,229000,217000,139000,131000,242000,136000,130000,125000,70000,271000,162000,134000,160000,135000,345000,153000,130000,125000,67000,93000,175000,83000,91000,89000,89000,84000,147000,
refl: 49000,42000,41000,76000,47000,31000,32000,37000,41000,
symm: 298000,87000,110000,179000,157000,
trans: 200000,247000,361000,216000,220000,215000,110000,115000,140000,119000,146000,
choice: 62000,
equiv1: 279000,189000,190000,153000,166000,
equiv2: 266000,354000,76000,146000,105000,140000,
or_neg: 591000,415000,515000,254000,215000,262000,188000,203000,162000,160000,162000,
or_pos: 405000,242000,210000,236000,
and_pos: 150000,155000,140000,150000,145000,140000,
implies: 234000,304000,150000,198000,
not_and: 173000,
not_not: 99000,
parsing: 31637000,
evaluate: 174000,
subproof: 1270000,1165000,1022000,1021000,1066000,
and_intro: 157000,
equiv_neg1: 75000,
equiv_neg2: 76000,
equiv_pos1: 174000,80000,
equiv_pos2: 232000,292000,178000,638000,168000,169000,324000,275000,308000,305000,458000,93000,82000,154000,111000,26000,110000,128000,
reordering: 576000,615000,694000,361000,325000,354000,337000,402000,312000,470000,302000,
resolution: 287000,300000,399000,357000,300000,317000,401000,340000,320000,419000,399000,300000,1151000,884000,782000,1029000,486000,454000,328000,389000,357000,207000,259000,437000,514000,225000,313000,394000,493000,422000,224000,315000,281000,297000,282000,288000,247000,349000,342000,188000,191000,226000,215000,531000,154000,158000,167000,144000,179000,241000,216000,162000,159000,173000,213000,313000,293000,573000,175000,228000,211000,168000,166000,176000,228000,
sko_forall: 961000,
contraction: 915000,360000,434000,497000,249000,219000,297000,195000,232000,285000,306000,
forall_inst: 1257000,1206000,1527000,1319000,732000,823000,717000,953000,800000,686000,758000,834000,
implies_neg1: 316000,434000,189000,188000,270000,
implies_neg2: 451000,398000,192000,139000,262000,
__local_input: 70000,101000,43000,19000,24000,17000,21000,21000,17000,
connective_def: 268000,268000,279000,274000,
equiv_simplify: 412000,536000,168000,219000,217000,174000,211000,226000,
implies_simplify: 259000,
__normalized_input: 19208000,11176000,9545000,5508000,4926000,5581000,1292000,
rare_rewrite_eq-symm: 113000,108000,
rare_rewrite_bool-impl-elim: 10686000,10882000,5416000,5568000,
rare_rewrite_bool-and-de-morgan: 9261000,5563000,5604000,5723000,
rare_rewrite_bool-double-not-elim: 154000,360000,199000,153000,86000,85000,93000,

