1; Draft.Scratch_smt_check_7_26187; 2026-04-10 13:51:05.500;
bind: 1353000,893000,687000,901000,1113000,687000,
cong: 296000,429000,319000,298000,171000,180000,178000,247000,322000,377000,238000,292000,151000,3775000,201000,239000,971000,634000,219000,162000,239000,145000,118000,174000,82000,147000,82000,68000,42000,54000,128000,143000,130000,65000,67000,92000,94000,50000,130000,
refl: 69000,53000,30000,36000,73000,53000,58000,35000,31000,71000,358000,18000,39000,
symm: 482000,397000,324000,120000,253000,147000,
false: 22000,
trans: 325000,468000,536000,694000,767000,405000,696000,847000,2104000,1197000,1237000,566000,529000,229000,333000,
equiv2: 312000,319000,
implies: 917000,
not_not: 248000,
parsing: 7117000,
evaluate: 287000,
ite_pos1: 832000,
ite_pos2: 896000,
subproof: 3250000,
equiv_pos2: 481000,511000,1407000,139000,195000,60000,141000,41000,
reordering: 1249000,1828000,
resolution: 315000,397000,481000,510000,598000,695000,990000,1574000,1227000,696000,742000,712000,931000,1326000,537000,367000,271000,541000,379000,
contraction: 1568000,1312000,
forall_inst: 2483000,1226000,
implies_neg1: 1546000,
implies_neg2: 1573000,
__local_input: 720000,
equiv_simplify: 464000,401000,
__normalized_input: 19228000,9286000,6932000,6235000,828000,501000,493000,478000,703000,
rare_rewrite_eq-refl: 449000,
rare_rewrite_eq-symm: 375000,483000,283000,306000,397000,437000,358000,331000,1355000,604000,347000,183000,243000,
rare_rewrite_bool-eq-true: 16285000,
rare_rewrite_ite-not-cond: 13908000,14559000,

