1; Draft.Scratch_smt_check_7_18284; 2026-04-10 13:51:05.542;
bind: 311000,280000,327000,363000,238000,270000,227000,222000,226000,238000,318000,321000,251000,259000,
cong: 96000,140000,73000,77000,91000,145000,84000,71000,77000,109000,83000,67000,69000,113000,181000,109000,165000,129000,158000,97000,73000,74000,82000,70000,67000,62000,54000,51000,43000,80000,124000,
refl: 92000,80000,21000,21000,39000,73000,
symm: 212000,220000,255000,154000,179000,
false: 14000,
trans: 196000,193000,231000,239000,261000,318000,231000,222000,236000,222000,211000,236000,197000,298000,300000,272000,229000,199000,212000,217000,
choice: 63000,
equiv2: 153000,156000,
or_neg: 233000,239000,205000,199000,
or_pos: 281000,295000,321000,
implies: 207000,
not_not: 177000,
parsing: 6795000,
evaluate: 274000,
subproof: 1245000,
equiv_pos2: 145000,146000,142000,109000,107000,164000,197000,70000,136000,38000,
reordering: 275000,357000,369000,458000,
resolution: 169000,241000,228000,280000,302000,343000,257000,318000,383000,239000,335000,401000,265000,238000,320000,305000,348000,379000,255000,341000,206000,217000,319000,292000,312000,358000,323000,275000,
sko_forall: 1200000,
contraction: 309000,304000,
forall_inst: 880000,888000,881000,854000,929000,
implies_neg1: 267000,
implies_neg2: 273000,
__local_input: 291000,
equiv_simplify: 225000,223000,
__normalized_input: 76528000,34790000,28695000,25570000,24453000,9939000,9702000,7653000,676000,
rare_rewrite_eq-refl: 138000,
rare_rewrite_eq-symm: 170000,155000,140000,169000,167000,140000,179000,181000,221000,168000,175000,203000,
rare_rewrite_bool-eq-true: 6012000,
rare_rewrite_bool-impl-elim: 6861000,7210000,
rare_rewrite_bool-impl-false1: 5806000,6189000,
rare_rewrite_bool-and-de-morgan: 6384000,6186000,
rare_rewrite_bool-double-not-elim: 210000,174000,177000,

