1; Draft.Scratch_smt_check_7_10196; 2026-04-10 13:51:05.585;
cong: 225000,197000,169000,187000,246000,99000,336000,340000,160000,169000,166000,174000,337000,301000,140000,138000,141000,189000,182000,157000,98000,371000,340000,386000,309000,407000,277000,332000,105000,375000,533000,95000,101000,102000,107000,203000,168000,91000,90000,126000,124000,473000,
refl: 27000,52000,35000,47000,26000,23000,120000,139000,
symm: 247000,347000,353000,710000,124000,383000,
trans: 329000,291000,299000,331000,178000,683000,698000,589000,341000,371000,327000,691000,601000,598000,653000,760000,438000,417000,544000,147000,428000,589000,336000,
equiv1: 1357000,802000,309000,
or_neg: 787000,795000,697000,
and_pos: 987000,991000,823000,
implies: 399000,
not_and: 744000,
parsing: 4602000,
evaluate: 733000,222000,292000,343000,366000,
subproof: 3013000,2816000,
and_intro: 298000,
poly_simp: 1976000,1972000,3649000,3403000,3703000,3931000,3694000,3341000,5368000,2225000,1835000,2874000,
equiv_pos2: 204000,140000,392000,152000,139000,389000,451000,361000,530000,292000,188000,239000,515000,
la_generic: 11919000,
reordering: 2645000,
resolution: 270000,407000,287000,692000,1206000,1741000,886000,1166000,1005000,2176000,363000,640000,765000,690000,502000,919000,421000,500000,610000,427000,602000,829000,631000,637000,354000,472000,
contraction: 1413000,1321000,1489000,771000,
la_mult_neg: 654000,
implies_neg1: 456000,695000,
implies_neg2: 875000,554000,
__local_input: 474000,75000,100000,179000,
poly_simp_rel: 1523000,1072000,2235000,2241000,2224000,2541000,2443000,1419000,1383000,
equiv_simplify: 488000,
implies_simplify: 1598000,1009000,
__normalized_input: 20933000,728000,588000,864000,
rare_rewrite_arith-elim-gt: 13118000,
rare_rewrite_arith-elim-lt: 6618000,18021000,13408000,13482000,12044000,
rare_rewrite_arith-elim-leq: 12868000,14207000,
rare_rewrite_bool-double-not-elim: 313000,739000,183000,

