1; Draft.Scratch_smt_check_7_7540; 2026-04-10 13:47:49.543;
bind: 483000,178000,187000,925000,
cong: 225000,182000,360000,
refl: 76000,117000,
trans: 287000,307000,614000,569000,
or_pos: 695000,
and_pos: 80000,73000,
implies: 117000,149000,168000,845000,
parsing: 25834000,
aci_simp: 1290000,2256000,
subproof: 1205000,3714000,
equiv_pos2: 344000,120000,124000,198000,44000,700000,
reordering: 127000,182000,187000,125000,213000,14779000,
resolution: 412000,382000,354000,157000,150000,154000,134000,163000,182000,223000,258000,307000,307000,222000,281000,1243000,1207000,684000,621000,
contraction: 229000,1296000,
forall_inst: 767000,1911000,
implies_neg1: 189000,1157000,
implies_neg2: 187000,1220000,
__local_input: 67000,238000,
__normalized_input: 3071000,2920000,3214000,3191000,1331000,1717000,
rare_rewrite_eq-symm: 142000,131000,125000,
rare_rewrite_bool-impl-elim: 7351000,13329000,
rare_rewrite_bool-and-de-morgan: 7107000,12622000,

