1; Draft.Scratch_smt_check_7_6839; 2026-04-10 13:48:39.317;
bind: 272000,274000,453000,449000,353000,316000,475000,
cong: 200000,171000,161000,113000,195000,279000,165000,136000,280000,196000,229000,113000,195000,101000,60000,191000,183000,259000,274000,233000,
refl: 115000,21000,36000,139000,39000,115000,109000,33000,60000,
symm: 101000,90000,
trans: 463000,456000,236000,257000,215000,236000,215000,180000,427000,392000,415000,138000,153000,169000,309000,316000,302000,178000,289000,315000,141000,247000,258000,241000,241000,385000,503000,387000,319000,
choice: 79000,
or_neg: 344000,292000,202000,209000,
or_pos: 379000,313000,
implies: 210000,
parsing: 27196000,
aci_simp: 2088000,1142000,1245000,1520000,1054000,1128000,999000,1118000,15388000,2113000,
not_symm: 76000,
subproof: 1176000,
equiv_pos2: 35000,177000,203000,335000,195000,33000,321000,
reordering: 303000,567000,296000,
resolution: 384000,477000,235000,233000,195000,331000,376000,217000,338000,419000,403000,421000,364000,394000,252000,284000,240000,
sko_forall: 1541000,
contraction: 319000,325000,
forall_inst: 1022000,1357000,
implies_neg1: 547000,
implies_neg2: 295000,
__local_input: 127000,
connective_def: 385000,
miniscope_split: 600000,367000,
__normalized_input: 1810000,926000,848000,829000,1113000,803000,
rare_rewrite_eq-symm: 96000,
rare_rewrite_bool-eq-false: 6761000,6753000,
rare_rewrite_bool-impl-elim: 7156000,7423000,11930000,
rare_rewrite_bool-and-de-morgan: 7366000,6557000,6545000,6763000,7045000,11958000,
rare_rewrite_bool-double-not-elim: 133000,110000,79000,86000,113000,128000,208000,
rare_rewrite_bool-implies-de-morgan: 6747000,6988000,11961000,

