1; Draft.Scratch_smt_check_7_6162; 2026-04-10 13:43:43.026;
bind: 181000,181000,284000,285000,182000,184000,282000,280000,
cong: 111000,120000,212000,108000,152000,100000,137000,89000,251000,295000,235000,474000,597000,956000,426000,207000,256000,137000,102000,142000,81000,137000,81000,237000,142000,110000,122000,390000,222000,274000,133000,102000,394000,244000,293000,129000,110000,105000,155000,122000,114000,76000,156000,118000,97000,75000,335000,167000,201000,104000,75000,84000,399000,228000,283000,124000,97000,395000,242000,298000,138000,107000,104000,324000,166000,232000,113000,136000,82000,141000,82000,233000,141000,106000,109000,74000,152000,118000,100000,79000,158000,121000,101000,75000,683000,350000,393000,229000,149000,124000,259000,162000,412000,473000,402000,618000,1270000,1041000,150000,132000,186000,214000,564000,106000,223000,159000,107000,132000,88000,198000,144000,195000,89000,113000,118000,215000,108000,219000,156000,103000,132000,104000,322000,326000,904000,
refl: 24000,33000,155000,23000,22000,20000,21000,22000,22000,35000,53000,194000,37000,72000,23000,23000,68000,23000,140000,181000,166000,
symm: 233000,161000,465000,99000,93000,451000,308000,297000,945000,126000,215000,265000,156000,167000,109000,390000,
trans: 129000,145000,171000,75000,110000,136000,100000,85000,79000,313000,287000,295000,111000,295000,198000,488000,304000,222000,109000,143000,136000,149000,144000,95000,254000,257000,237000,92000,81000,173000,178000,185000,181000,80000,93000,258000,257000,237000,100000,83000,181000,179000,134000,140000,154000,144000,76000,170000,174000,591000,389000,337000,349000,341000,286000,553000,516000,576000,184000,458000,377000,1006000,556000,224000,247000,169000,77000,111000,139000,99000,84000,86000,454000,237000,235000,385000,165000,185000,181000,129000,147000,166000,76000,116000,133000,95000,85000,144000,523000,437000,449000,
equiv1: 455000,78000,495000,127000,994000,259000,482000,
equiv2: 153000,155000,
or_neg: 335000,314000,308000,366000,358000,328000,322000,380000,623000,667000,884000,649000,
and_pos: 296000,273000,258000,329000,326000,287000,270000,349000,676000,614000,738000,356000,343000,335000,337000,
implies: 116000,266000,242000,134000,206000,194000,183000,186000,189000,182000,122000,114000,256000,362000,530000,
not_and: 319000,341000,665000,
not_not: 167000,158000,
parsing: 82359000,
evaluate: 218000,126000,172000,255000,244000,186000,235000,195000,201000,375000,202000,309000,427000,492000,
subproof: 1150000,1103000,1022000,1141000,1130000,1105000,1191000,1167000,1163000,1082000,1031000,1147000,2493000,1417000,
and_intro: 73000,156000,80000,201000,292000,
poly_simp: 2456000,1427000,1408000,2359000,3582000,1419000,1392000,2190000,1503000,1438000,1405000,1436000,1427000,2176000,2877000,1990000,1386000,1398000,1412000,4961000,2701000,2183000,1462000,1481000,2048000,1409000,1444000,2031000,1409000,1463000,2116000,1913000,2628000,2601000,1968000,1358000,1375000,2713000,2238000,1438000,1414000,1488000,2269000,1419000,1435000,1457000,2620000,2002000,1993000,2604000,2630000,1965000,1394000,1381000,2715000,2559000,1987000,2027000,1403000,1479000,2042000,1427000,1436000,2158000,1925000,2261000,1401000,1402000,1450000,2268000,1401000,1410000,7615000,5058000,4048000,2753000,2834000,3696000,5199000,3418000,4644000,2845000,2665000,10041000,4521000,3247000,4564000,2585000,1407000,2367000,3571000,1455000,1419000,2176000,1466000,1431000,1416000,1437000,1436000,2138000,4590000,2033000,4727000,1716000,2434000,1408000,1433000,2364000,3541000,1413000,1390000,2185000,1486000,26209000,2965000,2748000,2742000,4203000,8702000,8133000,
equiv_pos1: 277000,
equiv_pos2: 116000,123000,215000,135000,272000,5554000,801000,463000,141000,141000,286000,445000,455000,217000,224000,387000,77000,439000,444000,371000,79000,138000,148000,256000,222000,441000,912000,432000,306000,585000,1100000,992000,256000,117000,125000,255000,192000,135000,146000,112000,252000,504000,1349000,
la_generic: 8733000,16641000,
reordering: 407000,1276000,415000,1352000,2396000,1826000,
resolution: 203000,232000,220000,238000,696000,644000,1859000,352000,504000,373000,1223000,170000,408000,151000,236000,266000,138000,227000,237000,216000,389000,505000,466000,261000,137000,217000,257000,369000,355000,190000,230000,152000,174000,350000,566000,538000,273000,174000,348000,588000,553000,278000,167000,264000,323000,467000,429000,211000,265000,732000,668000,1942000,368000,529000,393000,1287000,168000,417000,151000,164000,337000,560000,521000,273000,167000,350000,589000,542000,453000,160000,321000,472000,424000,223000,151000,143000,220000,248000,369000,357000,191000,228000,253000,219000,269000,387000,510000,461000,223000,259000,305000,364000,231000,1250000,3534000,653000,637000,1020000,690000,1811000,175000,353000,450000,466000,366000,394000,408000,489000,306000,383000,254000,241000,245000,1003000,856000,1612000,228000,280000,195000,238000,245000,245000,
contraction: 666000,392000,516000,441000,297000,466000,466000,383000,700000,418000,547000,451000,462000,383000,277000,418000,1684000,1165000,1062000,801000,910000,
forall_inst: 811000,670000,815000,823000,757000,814000,892000,747000,678000,1472000,
la_mult_neg: 189000,331000,204000,449000,
implies_neg1: 490000,366000,262000,391000,403000,339000,410000,411000,337000,245000,648000,983000,556000,1581000,
implies_neg2: 298000,380000,257000,457000,462000,340000,319000,435000,460000,335000,268000,382000,595000,843000,
__local_input: 31000,23000,19000,51000,62000,44000,65000,64000,65000,65000,64000,62000,43000,117000,87000,44000,34000,104000,39000,31000,59000,243000,81000,76000,71000,
comp_simplify: 3014000,2766000,
poly_simp_rel: 968000,1028000,1004000,925000,917000,895000,985000,966000,977000,963000,933000,995000,958000,914000,913000,915000,909000,969000,951000,1921000,2052000,1928000,1923000,1745000,980000,994000,923000,1006000,1058000,990000,1915000,1919000,
equiv_simplify: 145000,257000,236000,352000,228000,694000,
la_disequality: 205000,
implies_simplify: 575000,637000,1257000,
__normalized_input: 1929000,1807000,915000,909000,
rare_rewrite_arith-elim-gt: 11500000,5489000,
rare_rewrite_arith-elim-lt: 5847000,7056000,13358000,
rare_rewrite_bool-eq-false: 5862000,5899000,11934000,12026000,
rare_rewrite_arith-elim-leq: 11010000,5707000,
rare_rewrite_bool-double-not-elim: 158000,368000,294000,

