1; Draft.Scratch_smt_check_7_7772; 2026-04-10 13:43:40.855;
cong: 221000,191000,341000,236000,255000,193000,264000,146000,118000,163000,97000,297000,353000,233000,834000,211000,141000,122000,325000,249000,226000,212000,308000,204000,999000,
refl: 57000,28000,28000,45000,35000,29000,33000,52000,222000,228000,
symm: 252000,187000,194000,274000,
trans: 304000,317000,434000,453000,292000,513000,444000,272000,444000,462000,276000,197000,193000,198000,203000,187000,385000,376000,403000,169000,336000,261000,256000,265000,159000,153000,466000,494000,267000,340000,336000,447000,464000,281000,
equiv1: 1178000,481000,76000,
or_neg: 672000,678000,746000,
and_pos: 827000,735000,795000,868000,822000,740000,
implies: 199000,306000,631000,
not_and: 694000,
parsing: 31868000,
evaluate: 274000,163000,212000,414000,287000,
subproof: 2477000,2063000,2932000,
and_intro: 140000,189000,722000,
poly_simp: 4211000,6618000,3257000,3025000,5165000,3085000,3177000,5100000,2150000,2550000,2031000,3343000,1694000,1717000,1732000,1884000,11132000,4165000,1689000,1627000,1581000,1922000,6861000,3118000,4383000,3047000,4958000,6135000,7355000,
equiv_pos2: 245000,354000,367000,379000,207000,130000,142000,189000,323000,232000,220000,185000,372000,268000,357000,1208000,
la_generic: 17458000,
reordering: 2539000,3206000,
resolution: 320000,499000,480000,512000,1193000,1588000,719000,723000,1058000,768000,1899000,183000,472000,444000,423000,537000,461000,342000,780000,423000,516000,216000,267000,305000,253000,270000,186000,321000,1856000,1638000,2414000,493000,470000,472000,
contraction: 1278000,1104000,1179000,459000,1048000,1884000,
la_mult_neg: 296000,431000,
implies_neg1: 288000,660000,1903000,
implies_neg2: 719000,312000,1863000,
__local_input: 58000,48000,38000,59000,102000,101000,85000,
poly_simp_rel: 2017000,2124000,2207000,2141000,1198000,1116000,1132000,1135000,2101000,2078000,2138000,
equiv_simplify: 157000,
implies_simplify: 1482000,714000,
__normalized_input: 1347000,4603000,1071000,
rare_rewrite_arith-elim-gt: 6867000,
rare_rewrite_arith-elim-lt: 8594000,6675000,
rare_rewrite_arith-elim-leq: 11601000,12079000,12377000,13508000,6991000,6755000,6610000,6571000,12418000,11458000,11771000,
rare_rewrite_bool-double-not-elim: 440000,

