1; Draft.Scratch_smt_check_7_4178; 2026-04-10 13:51:25.335;
bind: 864000,545000,521000,522000,568000,517000,182000,225000,
cong: 215000,141000,223000,214000,221000,233000,112000,97000,90000,107000,
refl: 71000,72000,56000,64000,23000,
symm: 163000,220000,
trans: 457000,483000,364000,497000,500000,193000,190000,186000,
choice: 61000,
equiv1: 169000,
equiv2: 156000,
or_pos: 549000,308000,
and_neg: 416000,
and_pos: 179000,
implies: 512000,
not_not: 182000,
parsing: 4480000,
aci_simp: 2292000,
subproof: 3277000,
equiv_neg1: 40000,
equiv_neg2: 70000,
equiv_pos1: 90000,51000,
equiv_pos2: 112000,109000,530000,322000,161000,302000,65000,103000,
reordering: 581000,515000,560000,606000,671000,391000,276000,269000,
resolution: 416000,524000,467000,502000,2509000,482000,638000,657000,714000,493000,583000,629000,612000,688000,808000,877000,558000,618000,213000,252000,274000,278000,290000,
sko_forall: 1087000,
contraction: 803000,
forall_inst: 1495000,1639000,1684000,882000,844000,
implies_neg1: 333000,
implies_neg2: 677000,
__local_input: 271000,
equiv_simplify: 248000,243000,
__normalized_input: 5748000,4704000,2510000,2571000,2475000,1734000,706000,
rare_rewrite_eq-symm: 319000,167000,282000,201000,
rare_rewrite_bool-eq-false: 6471000,6329000,
rare_rewrite_bool-impl-elim: 12396000,12293000,12254000,
rare_rewrite_bool-and-de-morgan: 12216000,
rare_rewrite_bool-double-not-elim: 331000,

