1; Draft.Scratch_smt_check_7_10431; 2026-04-10 13:51:29.817;
bind: 289000,286000,616000,607000,570000,573000,328000,341000,1066000,1102000,1017000,1177000,542000,581000,559000,
cong: 94000,51000,59000,48000,62000,70000,152000,143000,316000,96000,307000,89000,101000,51000,67000,53000,70000,83000,205000,222000,205000,303000,146000,536000,152000,509000,132000,156000,80000,109000,91000,111000,112000,340000,339000,337000,449000,248000,740000,450000,185000,130000,130000,
refl: 16000,16000,17000,89000,34000,68000,78000,88000,19000,19000,28000,136000,178000,28000,29000,36000,
symm: 181000,
trans: 255000,261000,283000,267000,277000,237000,246000,258000,505000,522000,510000,443000,444000,431000,470000,429000,296000,426000,493000,629000,951000,834000,829000,776000,800000,903000,498000,810000,
equiv1: 288000,
or_pos: 850000,
implies: 476000,
parsing: 17423000,
aci_simp: 1132000,1095000,1142000,1351000,1267000,1356000,2698000,2383000,2521000,
subproof: 2253000,
equiv_pos2: 73000,35000,114000,353000,685000,1081000,
reordering: 1212000,
resolution: 358000,299000,260000,352000,315000,518000,482000,554000,703000,850000,495000,482000,
contraction: 701000,
forall_inst: 2032000,
implies_neg1: 1301000,
implies_neg2: 647000,
__local_input: 583000,
miniscope_split: 386000,
__normalized_input: 28535000,12974000,10499000,10460000,9232000,5485000,5423000,
rare_rewrite_eq-symm: 239000,253000,480000,506000,
rare_rewrite_bool-eq-false: 6291000,
rare_rewrite_bool-impl-elim: 6475000,
rare_rewrite_bool-impl-false1: 6600000,7114000,12192000,12886000,
rare_rewrite_bool-and-de-morgan: 6193000,6937000,6920000,7214000,6407000,12923000,13282000,13220000,12145000,

