1; Draft.Scratch_smt_check_7_13056; 2026-04-10 13:51:25.923;
bind: 489000,462000,794000,861000,829000,951000,
cong: 241000,61000,80000,56000,65000,200000,224000,399000,232000,149000,95000,74000,118000,105000,127000,130000,156000,90000,79000,175000,406000,92000,123000,98000,97000,99000,334000,227000,337000,239000,
refl: 39000,78000,21000,43000,70000,84000,36000,73000,
trans: 452000,400000,364000,381000,314000,584000,539000,495000,457000,828000,752000,672000,683000,536000,559000,563000,
or_pos: 798000,
implies: 818000,
parsing: 6959000,
aci_simp: 1323000,11332000,2301000,2473000,2151000,2328000,
subproof: 3815000,
equiv_pos2: 513000,131000,88000,76000,143000,492000,
reordering: 1274000,
resolution: 433000,459000,813000,545000,483000,490000,621000,1170000,1316000,859000,739000,
contraction: 1204000,
forall_inst: 2153000,
implies_neg1: 1132000,
implies_neg2: 1106000,
__local_input: 589000,
__normalized_input: 13593000,11823000,11269000,11461000,6424000,5612000,5356000,5501000,
rare_rewrite_eq-symm: 447000,427000,534000,428000,464000,578000,
rare_rewrite_bool-impl-elim: 12269000,12906000,
rare_rewrite_bool-and-de-morgan: 12014000,11853000,12288000,12107000,

