1; Draft.Scratch_smt_check_7_22682; 2026-04-10 13:51:26.276;
bind: 857000,861000,859000,853000,856000,866000,865000,1519000,
cong: 560000,533000,61000,95000,349000,368000,183000,162000,141000,139000,113000,123000,323000,356000,47000,61000,116000,102000,90000,81000,74000,81000,44000,47000,54000,44000,64000,66000,555000,550000,64000,82000,318000,381000,184000,155000,140000,125000,113000,118000,628000,564000,79000,87000,197000,180000,174000,146000,118000,1042000,355000,152000,173000,
refl: 85000,27000,27000,31000,77000,24000,25000,25000,19000,25000,82000,32000,26000,31000,83000,23000,23000,25000,18000,79000,27000,28000,49000,77000,25000,28000,26000,19000,28000,83000,34000,50000,32000,167000,39000,41000,43000,210000,
trans: 650000,667000,641000,501000,534000,327000,360000,337000,321000,304000,252000,232000,216000,332000,325000,297000,264000,244000,218000,139000,149000,657000,664000,625000,507000,528000,323000,368000,347000,324000,288000,238000,223000,217000,634000,627000,563000,526000,480000,431000,411000,
equiv1: 596000,
or_pos: 562000,
implies: 609000,
parsing: 22670000,
aci_simp: 1883000,1286000,1114000,1200000,1053000,1024000,1079000,1098000,1903000,1262000,2145000,2147000,2073000,1970000,2038000,1974000,
subproof: 4534000,
equiv_pos2: 589000,138000,38000,41000,1032000,1676000,
reordering: 941000,
resolution: 907000,596000,2762000,259000,235000,285000,662000,939000,1526000,941000,550000,529000,
contraction: 1062000,
forall_inst: 2443000,
implies_neg1: 1630000,
implies_neg2: 825000,
__local_input: 568000,
equiv_simplify: 790000,
__normalized_input: 32442000,27673000,9334000,9310000,858000,817000,549000,561000,522000,528000,532000,818000,
rare_rewrite_eq-refl: 400000,
rare_rewrite_eq-symm: 123000,148000,118000,135000,126000,140000,121000,144000,277000,276000,
rare_rewrite_bool-impl-elim: 7182000,13085000,
rare_rewrite_bool-and-de-morgan: 6562000,6120000,6156000,6215000,6344000,6504000,6563000,6042000,6248000,21998000,12105000,11808000,12291000,12492000,
rare_rewrite_bool-double-not-elim: 124000,146000,118000,143000,

