1; Draft.Scratch_smt_check_7_8543; 2026-04-10 13:49:39.198;
bind: 508000,482000,265000,238000,568000,504000,
cong: 233000,91000,69000,63000,107000,124000,59000,63000,94000,86000,196000,90000,107000,93000,115000,65000,71000,92000,72000,87000,87000,109000,86000,118000,90000,89000,247000,100000,67000,64000,138000,84000,48000,67000,92000,94000,72000,208000,
refl: 24000,21000,19000,27000,24000,25000,63000,21000,25000,27000,20000,25000,27000,26000,21000,21000,24000,24000,21000,72000,
trans: 374000,282000,287000,209000,379000,283000,291000,
or_pos: 267000,390000,
implies: 381000,
parsing: 19347000,
aci_simp: 1336000,1386000,
subproof: 2210000,
equiv_pos2: 353000,153000,67000,97000,329000,
reordering: 291000,551000,
resolution: 370000,418000,350000,220000,271000,306000,253000,363000,696000,786000,390000,427000,
contraction: 641000,
forall_inst: 1076000,1212000,
implies_neg1: 609000,
implies_neg2: 557000,
__local_input: 230000,
__normalized_input: 16610000,39130000,1782000,1384000,1298000,1091000,1440000,
rare_rewrite_bool-impl-elim: 9139000,7439000,8097000,
rare_rewrite_bool-and-de-morgan: 8069000,8209000,

