1; Draft.Scratch_smt_check_7_24324; 2026-04-10 13:44:37.385;
and: 187000,144000,194000,134000,236000,228000,149000,201000,
bind: 426000,386000,411000,449000,
cong: 278000,200000,99000,252000,227000,
refl: 82000,81000,
symm: 183000,
trans: 382000,343000,390000,268000,401000,341000,400000,
or_pos: 406000,471000,
and_neg: 556000,
and_pos: 327000,400000,
implies: 467000,
parsing: 9930000,
aci_simp: 2022000,2042000,
subproof: 2180000,
equiv_pos2: 301000,403000,
reordering: 580000,614000,870000,595000,
resolution: 312000,352000,453000,488000,552000,558000,475000,735000,345000,466000,414000,
contraction: 605000,617000,
forall_inst: 1403000,1603000,
implies_neg1: 683000,
implies_neg2: 547000,
__local_input: 33000,84000,
__normalized_input: 7963000,2376000,2044000,1293000,
rare_rewrite_eq-symm: 201000,377000,
rare_rewrite_bool-impl-elim: 11286000,20906000,
rare_rewrite_bool-and-de-morgan: 11180000,11357000,

