1; Draft.Scratch_smt_check_7_10383; 2026-04-10 13:48:02.532;
bind: 117000,159000,163000,201000,197000,198000,200000,221000,156000,159000,154000,170000,150000,190000,259000,215000,111000,120000,252000,255000,267000,269000,261000,274000,261000,263000,259000,257000,261000,269000,259000,258000,260000,258000,284000,276000,123000,222000,126000,206000,207000,163000,209000,208000,124000,227000,127000,248000,253000,219000,118000,115000,139000,222000,219000,388000,394000,305000,293000,297000,306000,158000,197000,
cong: 147000,89000,87000,144000,91000,91000,141000,364000,265000,250000,187000,149000,122000,92000,142000,131000,91000,141000,430000,338000,286000,209000,161000,312000,246000,90000,54000,83000,91000,111000,60000,315000,223000,115000,64000,63000,50000,111000,140000,83000,115000,196000,335000,199000,172000,140000,142000,148000,169000,137000,151000,144000,207000,111000,321000,199000,168000,133000,194000,103000,45000,44000,50000,128000,157000,138000,146000,144000,125000,157000,137000,148000,193000,227000,106000,124000,77000,91000,66000,141000,85000,114000,201000,137000,82000,114000,150000,253000,61000,47000,53000,247000,101000,93000,139000,84000,118000,147000,140000,79000,110000,151000,244000,59000,46000,49000,214000,102000,75000,90000,170000,139000,144000,144000,167000,139000,150000,145000,291000,197000,121000,148000,142000,367000,149000,124000,154000,139000,151000,149000,328000,198000,167000,142000,198000,103000,45000,45000,45000,63000,300000,197000,171000,281000,311000,195000,132000,225000,101000,44000,44000,42000,187000,142000,83000,115000,138000,145000,85000,115000,141000,239000,65000,45000,42000,169000,170000,137000,183000,147000,182000,142000,153000,157000,205000,108000,130000,155000,145000,155000,148000,135000,158000,138000,193000,154000,223000,121000,91000,79000,88000,65000,127000,117000,78000,140000,129000,111000,77000,144000,136000,52000,43000,40000,63000,62000,77000,63000,127000,108000,79000,145000,120000,104000,77000,149000,135000,52000,44000,40000,63000,92000,110000,56000,126000,49000,54000,55000,78000,45000,63000,92000,92000,69000,83000,84000,119000,65000,94000,97000,145000,94000,109000,257000,630000,464000,472000,323000,290000,195000,146000,245000,207000,172000,221000,749000,554000,572000,414000,301000,389000,192000,86000,81000,81000,543000,394000,182000,90000,
refl: 23000,22000,50000,23000,23000,24000,23000,66000,26000,306000,31000,23000,38000,22000,24000,38000,24000,22000,48000,18000,101000,31000,24000,24000,31000,24000,23000,30000,67000,51000,33000,40000,31000,21000,24000,28000,20000,27000,30000,32000,30000,23000,23000,28000,22000,24000,46000,53000,44000,23000,23000,38000,26000,24000,26000,24000,23000,26000,24000,24000,48000,17000,18000,100000,33000,41000,53000,16000,101000,31000,21000,21000,36000,21000,23000,20000,38000,23000,24000,38000,24000,22000,28000,23000,22000,28000,22000,22000,31000,44000,53000,34000,43000,27000,23000,22000,62000,20000,22000,18000,32000,40000,24000,20000,25000,24000,18000,24000,42000,39000,20000,24000,37000,92000,39000,36000,44000,36000,123000,25000,34000,67000,193000,47000,346000,
symm: 130000,169000,73000,218000,111000,147000,106000,151000,69000,73000,89000,101000,104000,76000,87000,61000,74000,57000,96000,76000,352000,135000,174000,
trans: 133000,109000,135000,107000,131000,110000,146000,109000,129000,136000,101000,76000,157000,130000,142000,157000,256000,111000,77000,148000,164000,111000,201000,119000,108000,198000,109000,112000,226000,210000,112000,114000,109000,108000,133000,104000,173000,115000,170000,111000,156000,169000,114000,171000,114000,160000,128000,197000,109000,110000,193000,112000,114000,110000,115000,115000,135000,231000,217000,100000,202000,235000,212000,186000,174000,171000,111000,152000,155000,201000,208000,112000,112000,190000,113000,111000,112000,114000,112000,113000,135000,105000,150000,149000,151000,116000,100000,241000,90000,111000,149000,112000,150000,116000,103000,124000,82000,85000,92000,91000,113000,99000,183000,107000,83000,142000,126000,159000,134000,334000,196000,263000,216000,438000,419000,234000,241000,184000,140000,287000,228000,290000,293000,
equiv1: 368000,259000,128000,176000,366000,129000,355000,180000,130000,129000,125000,747000,
or_neg: 152000,
or_pos: 190000,229000,208000,233000,
and_neg: 1262000,1546000,
and_pos: 775000,798000,814000,894000,808000,874000,772000,818000,803000,775000,809000,765000,767000,807000,903000,888000,904000,938000,948000,908000,905000,874000,883000,865000,870000,976000,945000,919000,854000,850000,836000,835000,885000,821000,852000,
implies: 114000,254000,286000,217000,104000,200000,298000,223000,294000,249000,175000,830000,225000,182000,225000,299000,302000,825000,306000,298000,201000,231000,220000,154000,935000,154000,102000,279000,603000,440000,
parsing: 231504000,
aci_simp: 840000,877000,1663000,1215000,
evaluate: 166000,355000,
onepoint: 948000,1741000,
qnt_join: 161000,190000,
subproof: 975000,1128000,1178000,1101000,938000,1058000,2762000,1100000,1155000,1108000,1071000,1727000,1108000,1079000,1085000,1182000,1244000,1741000,1170000,1175000,1082000,1140000,1202000,1031000,1932000,1039000,1002000,1205000,2391000,2197000,
and_intro: 855000,
poly_simp: 1446000,1455000,1470000,1587000,1489000,1465000,1690000,1541000,1500000,1802000,1747000,1685000,1459000,1598000,1592000,1579000,1762000,1574000,1670000,1663000,1534000,1580000,2469000,1539000,1556000,1496000,1560000,7030000,2198000,1584000,1534000,1681000,1494000,1758000,1692000,1571000,1622000,1533000,1771000,2296000,1654000,1516000,1492000,1688000,1659000,1532000,1577000,1549000,1584000,1578000,2330000,2491000,2377000,1583000,1461000,1731000,1648000,1644000,2322000,1604000,1559000,1690000,1657000,1842000,1560000,1649000,1576000,1551000,2255000,2287000,1476000,1476000,1465000,1580000,1526000,1602000,1474000,2373000,1534000,1618000,1526000,1589000,1550000,2160000,1538000,1663000,1624000,1675000,1698000,1578000,3000000,3426000,3101000,2922000,3485000,4895000,3321000,
equiv_pos1: 114000,
equiv_pos2: 78000,107000,115000,156000,142000,146000,414000,429000,151000,144000,148000,474000,503000,190000,154000,114000,120000,350000,113000,141000,165000,76000,76000,131000,34000,62000,399000,108000,513000,186000,198000,356000,527000,191000,192000,359000,181000,186000,297000,360000,181000,187000,277000,357000,191000,188000,512000,189000,192000,527000,516000,519000,185000,189000,277000,189000,191000,367000,189000,189000,365000,78000,161000,76000,140000,145000,234000,113000,141000,150000,220000,79000,164000,77000,163000,162000,76000,78000,120000,35000,78000,78000,147000,282000,883000,879000,302000,317000,277000,1006000,1037000,367000,228000,224000,714000,118000,131000,
reordering: 468000,548000,200000,422000,157000,259000,231000,1357000,8300000,8104000,372000,2407000,23706000,213000,145000,255000,245000,991000,1152000,419000,
resolution: 1721000,184000,142000,204000,142000,211000,229000,285000,237000,149000,209000,257000,255000,237000,383000,421000,489000,481000,262000,244000,166000,274000,292000,237000,423000,442000,557000,544000,291000,236000,181000,208000,235000,219000,238000,203000,355000,435000,426000,241000,209000,175000,197000,154000,168000,160000,176000,216000,4696000,414000,140000,141000,190000,4321000,274000,229000,140000,189000,153000,173000,266000,211000,346000,412000,399000,231000,448000,258000,283000,434000,693000,556000,293000,209000,285000,340000,431000,400000,204000,283000,277000,442000,577000,546000,297000,310000,213000,289000,343000,434000,399000,206000,291000,210000,174000,224000,177000,177000,287000,294000,353000,324000,178000,283000,1644000,1367000,998000,5602000,287000,213000,340000,430000,401000,228000,189000,281000,298000,355000,332000,189000,279000,207000,337000,437000,395000,217000,201000,168000,229000,285000,281000,441000,576000,529000,276000,282000,276000,292000,447000,587000,545000,281000,295000,297000,181000,1623000,985000,5566000,280000,442000,761000,575000,298000,283000,447000,573000,538000,308000,308000,177000,271000,297000,360000,330000,180000,274000,224000,179000,211000,297000,346000,445000,407000,208000,301000,243000,297000,338000,438000,400000,215000,310000,218000,198000,175000,195000,162000,211000,241000,175000,198000,177000,262000,251000,305000,290000,163000,247000,189000,8893000,1510000,1086000,14227000,148000,210000,151000,148000,159000,175000,256000,250000,322000,296000,170000,264000,179000,181000,210000,185000,210000,239000,182000,174000,142000,195000,182000,211000,263000,178000,210000,228000,270000,142000,141000,187000,212000,230000,233000,185000,212000,147000,227000,251000,264000,272000,372000,408000,499000,490000,263000,289000,278000,496000,492000,426000,756000,799000,1038000,1257000,525000,444000,675000,408000,408000,391000,649000,801000,790000,412000,425000,302000,355000,
contraction: 194000,395000,438000,343000,155000,330000,468000,356000,474000,355000,291000,1241000,2268000,361000,298000,361000,469000,477000,1484000,2238000,477000,484000,294000,378000,354000,254000,1414000,5145000,248000,164000,411000,920000,708000,
forall_inst: 631000,564000,624000,756000,624000,812000,660000,754000,649000,617000,622000,604000,1848000,562000,580000,749000,862000,740000,870000,763000,724000,677000,742000,753000,723000,773000,626000,743000,845000,884000,936000,848000,723000,704000,692000,789000,761000,663000,604000,732000,642000,701000,603000,590000,569000,633000,666000,624000,619000,725000,639000,643000,618000,757000,736000,634000,647000,1556000,1286000,1686000,1405000,722000,
implies_neg1: 156000,336000,374000,278000,119000,278000,399000,316000,426000,315000,255000,318000,258000,320000,423000,412000,401000,403000,260000,319000,320000,1619000,1619000,208000,204000,144000,609000,760000,522000,1793000,
implies_neg2: 145000,418000,484000,350000,122000,313000,489000,315000,494000,332000,236000,973000,325000,236000,343000,485000,503000,961000,495000,488000,241000,337000,356000,194000,1051000,206000,126000,416000,944000,673000,
__local_input: 79000,84000,82000,89000,60000,90000,101000,132000,145000,91000,98000,107000,104000,118000,98000,165000,103000,94000,106000,105000,91000,44000,36000,44000,30000,32000,52000,79000,237000,29000,32000,44000,82000,46000,78000,33000,79000,97000,84000,75000,138000,131000,136000,27000,34000,44000,21000,31000,18000,23000,20000,21000,61000,58000,42000,22000,24000,20000,20000,37000,16000,32000,
poly_simp_rel: 844000,837000,841000,865000,1026000,1104000,990000,863000,865000,900000,913000,947000,951000,1123000,930000,895000,909000,952000,960000,951000,917000,957000,955000,962000,951000,1129000,964000,1129000,917000,1010000,920000,5968000,967000,1194000,913000,847000,891000,853000,898000,931000,917000,859000,890000,895000,886000,855000,928000,857000,924000,903000,2088000,2116000,2339000,1926000,
qnt_rm_unused: 248000,814000,256000,834000,
equiv_simplify: 475000,259000,205000,251000,450000,217000,464000,255000,212000,208000,203000,922000,
__normalized_input: 8353000,6189000,5653000,4891000,4739000,4623000,4261000,3944000,3954000,3905000,3527000,3512000,3216000,3381000,2707000,2454000,1336000,1212000,1190000,1149000,1139000,869000,699000,586000,
rare_rewrite_eq-refl: 77000,195000,117000,91000,117000,197000,95000,199000,112000,101000,101000,97000,384000,165000,
rare_rewrite_eq-symm: 124000,124000,128000,130000,104000,105000,129000,84000,85000,87000,111000,91000,93000,96000,137000,266000,247000,286000,205000,223000,
rare_rewrite_or-not-refl: 5950000,11146000,
rare_rewrite_ite-not-cond: 5327000,5305000,5584000,5665000,5730000,5583000,5438000,5361000,5682000,5390000,5399000,5628000,5671000,5452000,5410000,5523000,5532000,5348000,5457000,5419000,5393000,5461000,5690000,5609000,5621000,5425000,5511000,5599000,5579000,5697000,5614000,5537000,5612000,5380000,5693000,5451000,5513000,5568000,5510000,5900000,34992000,11097000,11269000,
rare_rewrite_arith-elim-lt: 5289000,5415000,5599000,5610000,5576000,5282000,5543000,5283000,5620000,5326000,5521000,5341000,5502000,5563000,5599000,5734000,5693000,5341000,5490000,12474000,5547000,5412000,8569000,5518000,5904000,5464000,5535000,5526000,6204000,5575000,6058000,5415000,5539000,6032000,5851000,5583000,5548000,5601000,5528000,5919000,11495000,11613000,11073000,
rare_rewrite_bool-impl-elim: 5926000,6106000,17719000,5926000,5841000,5714000,

