1; Draft.Scratch_smt_check_7_12986; 2026-04-10 13:44:36.374;
bind: 310000,317000,303000,307000,312000,314000,
cong: 175000,253000,165000,238000,102000,183000,246000,189000,246000,226000,253000,103000,165000,250000,439000,351000,339000,471000,233000,141000,428000,204000,228000,312000,182000,161000,199000,90000,2281000,111000,67000,
ite2: 325000,
refl: 37000,34000,25000,39000,39000,68000,28000,38000,34000,64000,153000,164000,94000,36000,
symm: 280000,190000,92000,117000,
true: 65000,
false: 18000,
trans: 189000,213000,294000,319000,296000,296000,494000,171000,212000,430000,287000,132000,
equiv1: 712000,
equiv2: 531000,255000,276000,
implies: 410000,
not_not: 260000,
parsing: 13741000,
evaluate: 277000,
subproof: 2171000,
poly_simp: 3532000,5172000,3198000,
equiv_pos2: 249000,250000,676000,601000,93000,828000,242000,53000,
resolution: 185000,230000,293000,336000,409000,510000,568000,680000,613000,341000,404000,357000,296000,644000,522000,469000,307000,402000,397000,
contraction: 609000,
forall_inst: 1383000,
implies_neg1: 528000,
implies_neg2: 606000,
__local_input: 92000,
poly_simp_rel: 2071000,2264000,1925000,
equiv_simplify: 860000,407000,444000,
__normalized_input: 7843000,2156000,4668000,838000,1002000,
rare_rewrite_ite-eq: 12105000,
rare_rewrite_eq-refl: 386000,
rare_rewrite_eq-symm: 120000,111000,120000,115000,181000,120000,

