1; Draft.Scratch_smt_check_7_15553; 2026-04-10 13:46:00.546;
bind: 153000,279000,271000,234000,205000,268000,271000,216000,352000,231000,
cong: 256000,75000,242000,51000,47000,40000,61000,83000,117000,60000,55000,53000,140000,144000,112000,128000,204000,69000,236000,75000,237000,52000,49000,45000,60000,84000,111000,57000,55000,54000,135000,143000,116000,120000,325000,123000,528000,406000,108000,184000,189000,90000,78000,125000,180000,168000,177000,106000,118000,124000,184000,
refl: 36000,24000,34000,25000,71000,64000,57000,64000,45000,
symm: 73000,77000,121000,116000,
trans: 250000,258000,203000,202000,200000,181000,166000,167000,169000,168000,248000,249000,220000,194000,211000,183000,179000,169000,303000,301000,475000,205000,223000,235000,294000,229000,258000,268000,
or_pos: 421000,276000,317000,
implies: 106000,253000,104000,
parsing: 19476000,
aci_simp: 968000,914000,946000,979000,1926000,1832000,1900000,
evaluate: 364000,
subproof: 1712000,
equiv_pos2: 79000,84000,169000,89000,341000,705000,129000,146000,160000,
reordering: 622000,273000,317000,
resolution: 164000,192000,237000,223000,301000,282000,153000,270000,336000,475000,603000,410000,275000,150000,236000,349000,361000,281000,294000,352000,
contraction: 409000,
forall_inst: 647000,1515000,1136000,
implies_neg1: 725000,
implies_neg2: 405000,
__local_input: 223000,
connective_def: 265000,500000,
__normalized_input: 2023000,1547000,1626000,1062000,1035000,969000,976000,825000,816000,1105000,
rare_rewrite_eq-refl: 178000,137000,156000,
rare_rewrite_eq-symm: 110000,98000,92000,72000,86000,85000,113000,87000,95000,138000,151000,164000,154000,162000,160000,166000,
rare_rewrite_bool-impl-elim: 6424000,11054000,
rare_rewrite_bool-impl-true2: 11312000,11089000,
rare_rewrite_bool-and-de-morgan: 5706000,5722000,6177000,5663000,5921000,18196000,
rare_rewrite_bool-double-not-elim: 354000,192000,

