1; Draft.Scratch_smt_check_7_13398; 2026-04-10 13:50:12.094;
bind: 264000,363000,336000,287000,173000,175000,232000,240000,316000,325000,180000,173000,227000,234000,508000,526000,517000,501000,443000,243000,349000,306000,190000,188000,
cong: 326000,155000,130000,149000,92000,212000,175000,186000,99000,131000,86000,86000,94000,100000,137000,103000,134000,106000,310000,131000,149000,406000,212000,164000,180000,93000,123000,82000,83000,94000,93000,108000,52000,128000,94000,131000,91000,310000,135000,148000,409000,338000,419000,280000,520000,264000,250000,258000,129000,510000,282000,214000,177000,131000,207000,145000,131000,103000,342000,139000,153000,426000,222000,190000,185000,102000,131000,111000,89000,115000,110000,328000,
refl: 26000,53000,34000,39000,52000,33000,31000,41000,42000,56000,42000,55000,
symm: 143000,146000,119000,453000,245000,
trans: 259000,262000,260000,264000,188000,159000,119000,115000,133000,143000,148000,136000,161000,152000,192000,217000,243000,249000,245000,173000,138000,122000,115000,135000,131000,154000,154000,139000,142000,306000,139000,152000,125000,195000,214000,558000,526000,617000,260000,486000,527000,312000,531000,279000,255000,186000,137000,214000,221000,325000,263000,281000,202000,146000,141000,128000,171000,143000,
equiv1: 402000,239000,104000,114000,
or_neg: 271000,295000,333000,248000,260000,254000,292000,343000,346000,290000,313000,382000,
or_pos: 331000,355000,393000,
and_pos: 281000,281000,302000,490000,531000,483000,
implies: 227000,279000,171000,239000,212000,534000,782000,532000,489000,
not_and: 252000,
parsing: 34758000,
aci_simp: 1607000,1157000,1524000,
evaluate: 292000,427000,320000,365000,453000,428000,532000,
subproof: 1223000,1261000,1190000,1131000,1231000,2441000,2738000,2347000,1273000,
and_intro: 164000,148000,572000,
poly_simp: 2837000,3694000,3819000,2867000,1783000,1767000,1800000,1785000,1885000,1986000,1916000,1857000,1743000,1693000,1704000,1763000,1794000,1812000,1929000,1868000,2003000,2552000,5772000,8773000,5479000,5421000,5709000,4280000,4991000,5406000,5487000,5655000,4250000,3387000,1936000,2109000,1958000,2028000,2088000,1965000,1992000,
equiv_pos1: 104000,105000,107000,
equiv_pos2: 191000,181000,333000,202000,96000,180000,151000,192000,370000,132000,378000,198000,100000,94000,83000,151000,149000,368000,130000,384000,107000,169000,425000,333000,362000,676000,308000,358000,339000,660000,281000,151000,382000,134000,450000,198000,98000,97000,293000,
la_generic: 22035000,
reordering: 434000,430000,335000,817000,414000,390000,1932000,382000,439000,
resolution: 190000,208000,285000,366000,449000,409000,264000,337000,290000,333000,370000,202000,259000,205000,281000,209000,260000,320000,462000,489000,1659000,275000,307000,286000,540000,678000,475000,571000,327000,316000,416000,355000,810000,139000,232000,277000,259000,198000,375000,200000,209000,289000,324000,327000,192000,266000,192000,269000,168000,200000,204000,207000,194000,238000,289000,375000,491000,433000,247000,309000,295000,553000,783000,173000,256000,306000,479000,411000,522000,637000,799000,743000,412000,540000,1153000,1045000,1644000,387000,515000,635000,815000,736000,425000,561000,358000,430000,634000,682000,833000,455000,245000,327000,315000,561000,726000,313000,347000,396000,189000,269000,196000,280000,
contraction: 381000,381000,532000,441000,366000,422000,246000,379000,526000,753000,1123000,1207000,762000,795000,525000,
forall_inst: 983000,842000,681000,843000,873000,844000,677000,707000,833000,1548000,1554000,954000,868000,759000,823000,
la_mult_neg: 269000,
la_mult_pos: 337000,
implies_neg1: 342000,326000,319000,472000,652000,852000,660000,330000,552000,
implies_neg2: 341000,393000,278000,171000,369000,661000,1088000,671000,699000,
__local_input: 222000,146000,137000,164000,257000,83000,80000,126000,230000,141000,64000,86000,114000,
poly_simp_rel: 1022000,1100000,1185000,1012000,1003000,1031000,1028000,1121000,1243000,1138000,1091000,995000,1195000,978000,1016000,1013000,1031000,1042000,1098000,1121000,1067000,2067000,2007000,2130000,2156000,2022000,1992000,2096000,1936000,1241000,1214000,1124000,1160000,1053000,1080000,1134000,
equiv_simplify: 179000,207000,
implies_simplify: 499000,311000,
__normalized_input: 4613000,27807000,2037000,1263000,1183000,1514000,
rare_rewrite_eq-symm: 165000,164000,279000,151000,157000,272000,327000,164000,271000,
rare_rewrite_arith-elim-gt: 5979000,
rare_rewrite_arith-elim-lt: 5852000,6155000,6281000,6304000,11576000,6765000,6190000,6069000,5649000,5612000,5841000,5896000,5902000,6208000,5908000,6473000,13283000,11741000,6777000,6606000,6637000,6300000,6351000,6475000,6610000,
rare_rewrite_arith-elim-leq: 5844000,
rare_rewrite_bool-impl-elim: 6176000,5997000,6969000,
rare_rewrite_bool-and-de-morgan: 6532000,5863000,6996000,
rare_rewrite_bool-double-not-elim: 117000,158000,200000,157000,117000,151000,202000,144000,220000,179000,129000,154000,180000,

