1; Draft.Scratch_smt_check_7_25223; 2026-04-10 13:50:11.527;
bind: 241000,239000,404000,397000,232000,238000,
cong: 187000,246000,333000,155000,159000,276000,152000,105000,176000,129000,103000,126000,98000,484000,331000,181000,209000,192000,453000,154000,144000,167000,148000,339000,116000,125000,121000,124000,720000,189000,197000,340000,152000,165000,183000,114000,106000,131000,197000,116000,318000,400000,123000,398000,203000,136000,254000,141000,753000,543000,279000,336000,309000,388000,254000,239000,312000,241000,230000,169000,174000,206000,176000,708000,185000,203000,256000,147000,157000,182000,146000,100000,131000,126000,95000,130000,98000,457000,323000,176000,198000,183000,280000,217000,145000,187000,152000,149000,119000,111000,154000,155000,719000,594000,
refl: 28000,27000,41000,35000,33000,27000,24000,28000,28000,37000,28000,22000,36000,78000,52000,43000,39000,45000,40000,58000,30000,24000,38000,39000,33000,36000,22000,29000,28000,35000,170000,
symm: 257000,264000,274000,
trans: 206000,353000,388000,149000,178000,150000,146000,152000,137000,503000,241000,338000,258000,213000,198000,169000,181000,204000,388000,298000,149000,163000,280000,268000,267000,651000,614000,530000,207000,485000,355000,279000,248000,305000,250000,887000,434000,484000,455000,439000,348000,329000,340000,216000,302000,339000,149000,164000,151000,135000,149000,137000,467000,240000,266000,243000,268000,165000,230000,177000,
equiv1: 424000,244000,234000,
or_neg: 424000,452000,505000,292000,326000,815000,901000,994000,449000,458000,562000,
and_pos: 330000,320000,312000,330000,
implies: 345000,546000,632000,418000,367000,
not_and: 276000,
parsing: 23124000,
evaluate: 506000,300000,390000,414000,540000,546000,
subproof: 1529000,1203000,1160000,2453000,1379000,1291000,
and_intro: 189000,274000,
poly_simp: 3563000,2314000,2408000,2066000,2147000,3252000,2545000,1860000,1844000,1880000,1863000,2434000,3046000,1995000,2148000,2228000,2781000,2895000,2943000,7634000,3534000,3330000,4104000,3376000,3141000,3203000,3289000,3813000,2958000,2927000,1989000,2075000,1895000,1852000,2928000,2364000,1879000,1807000,2234000,1912000,2212000,
equiv_pos1: 188000,366000,190000,
equiv_pos2: 132000,157000,157000,530000,139000,156000,701000,131000,350000,314000,402000,296000,286000,1013000,360000,308000,709000,154000,169000,150000,152000,532000,136000,153000,713000,670000,
la_generic: 15866000,
reordering: 630000,643000,1280000,812000,610000,
resolution: 215000,359000,289000,327000,317000,489000,700000,627000,330000,308000,358000,301000,805000,1113000,458000,460000,350000,354000,428000,349000,583000,139000,250000,295000,281000,343000,339000,254000,278000,328000,336000,496000,502000,441000,464000,564000,516000,963000,1076000,1007000,552000,482000,568000,510000,1295000,2146000,712000,634000,763000,332000,254000,317000,293000,494000,615000,624000,329000,326000,333000,300000,778000,1222000,
contraction: 544000,852000,400000,358000,383000,250000,1006000,1622000,596000,589000,556000,828000,
forall_inst: 1086000,1795000,988000,
la_mult_neg: 694000,
implies_neg1: 467000,483000,795000,428000,435000,1232000,
implies_neg2: 581000,285000,186000,1069000,630000,572000,
__local_input: 187000,151000,185000,106000,108000,138000,54000,139000,
poly_simp_rel: 1307000,1205000,1126000,1312000,1106000,1185000,1224000,1931000,1878000,1958000,1219000,1084000,1638000,1091000,1136000,1113000,
equiv_simplify: 357000,
implies_simplify: 515000,345000,
__normalized_input: 20124000,1469000,957000,1155000,
rare_rewrite_eq-symm: 160000,159000,656000,328000,300000,909000,158000,326000,486000,
rare_rewrite_arith-elim-gt: 21846000,
rare_rewrite_arith-elim-lt: 7371000,6512000,7323000,6661000,6400000,13269000,11285000,11487000,11656000,6306000,6800000,6270000,6693000,
rare_rewrite_arith-elim-leq: 6930000,
rare_rewrite_bool-double-not-elim: 172000,243000,588000,235000,189000,283000,537000,

