1; Draft.Scratch_smt_check_7_20256; 2026-04-10 13:45:05.140;
bind: 512000,551000,517000,599000,569000,308000,534000,317000,292000,314000,261000,340000,328000,170000,307000,310000,
cong: 315000,78000,307000,292000,191000,160000,283000,142000,121000,207000,54000,194000,166000,127000,101000,276000,146000,118000,90000,240000,
refl: 117000,695000,67000,58000,69000,426000,42000,35000,55000,58000,
symm: 485000,559000,242000,267000,300000,131000,102000,
trans: 508000,442000,467000,460000,128000,505000,404000,521000,552000,381000,412000,222000,167000,253000,253000,262000,220000,77000,283000,236000,266000,279000,216000,233000,132000,
choice: 81000,
equiv1: 131000,133000,156000,
equiv2: 304000,154000,109000,
or_neg: 143000,205000,206000,210000,149000,
or_pos: 222000,278000,228000,271000,
and_neg: 235000,
and_pos: 156000,162000,
implies: 229000,201000,237000,
not_not: 261000,152000,116000,
parsing: 34040000,
aci_simp: 1886000,2019000,2178000,1018000,1060000,1135000,
evaluate: 270000,191000,
onepoint: 2413000,1331000,
qnt_join: 516000,293000,
subproof: 1485000,1109000,1489000,
poly_simp: 3099000,1817000,1745000,1809000,
equiv_pos2: 450000,215000,215000,329000,114000,235000,203000,205000,333000,114000,231000,
reordering: 302000,374000,397000,297000,375000,
resolution: 286000,274000,441000,408000,423000,463000,286000,288000,402000,373000,389000,456000,340000,414000,420000,241000,294000,179000,195000,405000,466000,354000,314000,311000,452000,193000,147000,163000,264000,234000,261000,300000,175000,180000,236000,199000,231000,286000,343000,416000,417000,264000,306000,194000,215000,
sko_forall: 1105000,1115000,
contraction: 359000,377000,278000,295000,363000,
forall_inst: 1487000,909000,680000,1013000,808000,789000,704000,
implies_neg1: 334000,332000,250000,
implies_neg2: 321000,231000,328000,
__local_input: 78000,83000,26000,35000,
poly_simp_rel: 1692000,1017000,920000,1064000,
qnt_rm_unused: 769000,3945000,445000,2440000,
equiv_simplify: 452000,209000,237000,207000,182000,229000,
__normalized_input: 27316000,2716000,2144000,2407000,1087000,1115000,
rare_rewrite_eq-refl: 116000,73000,
rare_rewrite_or-not-refl: 11693000,6405000,
rare_rewrite_bool-impl-elim: 11120000,10994000,11109000,5965000,5822000,5722000,5874000,5924000,
rare_rewrite_bool-and-de-morgan: 10743000,5970000,
rare_rewrite_bool-double-not-elim: 133000,

