1; Draft.Scratch_smt_check_7_23039; 2026-04-10 13:47:35.988;
bind: 218000,323000,6528000,300000,320000,309000,290000,218000,217000,216000,216000,358000,352000,167000,216000,187000,228000,
cong: 80000,130000,129000,122000,74000,219000,55000,95000,191000,157000,173000,104000,120000,123000,217000,60000,89000,198000,148000,170000,100000,113000,85000,501000,344000,147000,114000,89000,72000,148000,83000,120000,96000,71000,119000,93000,70000,142000,83000,123000,85000,223000,180000,117000,83000,132000,82000,84000,96000,221000,186000,115000,88000,130000,89000,92000,105000,874000,562000,488000,227000,146000,150000,140000,287000,153000,157000,186000,114000,127000,95000,123000,100000,70000,110000,127000,113000,120000,123000,100000,84000,151000,96000,222000,279000,189000,365000,370000,1213000,273000,172000,703000,808000,437000,1192000,1674000,1529000,452000,176000,46000,53000,79000,77000,149000,132000,119000,77000,193000,252000,215000,399000,286000,
refl: 29000,50000,24000,54000,36000,29000,52000,24000,49000,35000,27000,93000,42000,35000,20000,44000,22000,22000,43000,24000,25000,61000,30000,33000,32000,27000,39000,36000,225000,41000,42000,186000,172000,207000,22000,31000,30000,35000,59000,73000,
symm: 123000,123000,185000,187000,197000,213000,485000,716000,646000,394000,392000,1940000,75000,74000,144000,196000,174000,
trans: 148000,154000,258000,323000,385000,236000,196000,149000,115000,265000,240000,218000,244000,153000,136000,106000,160000,200000,165000,232000,159000,201000,157000,106000,106000,108000,128000,110000,112000,117000,143000,127000,163000,195000,182000,166000,177000,169000,210000,216000,210000,316000,304000,309000,117000,274000,212000,493000,670000,435000,412000,414000,1067000,1100000,2619000,228000,1051000,714000,1879000,137000,162000,272000,252000,261000,130000,247000,
equiv1: 417000,86000,925000,210000,317000,161000,100000,
or_neg: 276000,265000,264000,732000,640000,801000,506000,531000,535000,539000,240000,244000,268000,
or_pos: 508000,391000,
and_neg: 656000,
and_pos: 539000,535000,541000,475000,472000,470000,492000,209000,292000,272000,280000,230000,1063000,1098000,1175000,1158000,216000,254000,209000,
implies: 365000,594000,525000,552000,208000,236000,735000,476000,247000,208000,
not_and: 267000,504000,232000,
parsing: 54916000,
aci_simp: 1141000,1236000,
evaluate: 366000,249000,149000,206000,249000,275000,498000,338000,405000,641000,402000,638000,413000,295000,140000,205000,459000,230000,415000,
subproof: 1439000,1494000,1441000,1526000,1205000,2697000,1118000,1110000,
and_intro: 428000,144000,152000,440000,347000,171000,140000,
poly_simp: 1704000,1613000,1700000,2557000,2806000,2629000,2339000,1831000,2118000,1499000,1722000,2118000,1465000,1714000,2098000,1495000,1705000,2141000,1495000,1651000,2245000,1687000,1709000,2269000,2406000,1949000,1811000,2595000,1698000,1780000,1789000,1702000,2330000,2243000,1643000,1510000,2232000,1867000,2101000,1415000,1515000,4432000,4053000,4373000,4330000,4178000,4364000,3056000,3185000,8733000,4436000,1864000,1578000,1721000,2778000,3213000,1907000,
equiv_pos2: 73000,143000,201000,203000,570000,140000,141000,137000,141000,265000,282000,1014000,97000,122000,106000,104000,119000,161000,140000,226000,328000,305000,1172000,355000,539000,496000,371000,892000,1816000,1861000,47000,56000,74000,69000,141000,140000,348000,124000,103000,282000,
la_generic: 8459000,17698000,8633000,
reordering: 2320000,1630000,300000,378000,837000,350000,698000,952000,713000,8790000,607000,679000,
resolution: 202000,229000,208000,273000,293000,375000,348000,513000,670000,741000,415000,346000,283000,338000,262000,277000,249000,238000,199000,893000,936000,814000,1773000,276000,249000,187000,250000,249000,269000,845000,688000,1260000,237000,276000,215000,248000,283000,256000,270000,318000,427000,378000,834000,1829000,1000000,469000,385000,398000,240000,175000,243000,242000,212000,182000,260000,284000,489000,608000,314000,411000,333000,786000,193000,420000,210000,261000,223000,174000,252000,212000,279000,176000,1065000,1713000,963000,909000,2482000,560000,818000,632000,3342000,454000,1057000,500000,481000,556000,571000,385000,492000,317000,305000,207000,453000,533000,272000,454000,310000,720000,120000,226000,215000,207000,226000,243000,188000,384000,187000,228000,223000,250000,242000,305000,212000,221000,
contraction: 577000,860000,1017000,777000,841000,7776000,491000,353000,414000,1278000,1087000,727000,941000,401000,295000,369000,172000,
forall_inst: 783000,1055000,780000,828000,807000,761000,760000,670000,886000,893000,794000,730000,825000,831000,864000,1302000,709000,763000,714000,798000,
la_mult_neg: 305000,325000,878000,620000,335000,323000,
implies_neg1: 526000,913000,1035000,871000,436000,1913000,174000,331000,
implies_neg2: 596000,786000,707000,1081000,275000,632000,220000,133000,
__local_input: 97000,53000,53000,65000,57000,55000,58000,65000,121000,46000,36000,56000,92000,96000,161000,162000,64000,38000,35000,55000,
poly_simp_rel: 1041000,1131000,1349000,992000,999000,1061000,1016000,1031000,993000,968000,950000,973000,968000,952000,1037000,1040000,1144000,1020000,1066000,1010000,978000,1026000,1069000,2012000,2193000,2238000,2024000,2351000,1051000,1161000,
equiv_simplify: 155000,346000,170000,
implies_simplify: 553000,1070000,402000,233000,
__normalized_input: 8651000,7508000,6438000,6696000,35492000,9735000,7959000,6462000,6086000,1727000,1633000,1085000,1108000,
rare_rewrite_arith-elim-gt: 5956000,12274000,
rare_rewrite_arith-elim-lt: 6205000,6322000,6521000,5933000,6032000,5485000,5622000,5574000,5649000,5859000,5937000,6138000,6012000,6328000,6478000,5759000,6088000,6126000,6968000,16317000,6076000,6616000,7048000,6357000,
rare_rewrite_arith-elim-leq: 5789000,11685000,11689000,
rare_rewrite_bool-impl-elim: 6679000,6287000,
rare_rewrite_bool-and-de-morgan: 5970000,6208000,
rare_rewrite_bool-double-not-elim: 136000,144000,127000,189000,181000,225000,251000,493000,142000,

