1; Draft.Scratch_smt_check_7_28826; 2026-04-10 13:43:18.073;
cong: 176000,212000,141000,124000,121000,113000,97000,126000,124000,116000,133000,92000,106000,242000,121000,144000,114000,95000,107000,
refl: 40000,
symm: 171000,200000,
trans: 248000,255000,159000,101000,131000,145000,153000,103000,135000,180000,144000,161000,100000,190000,
and_neg: 322000,
and_pos: 183000,197000,202000,243000,
implies: 282000,253000,
parsing: 16327000,
evaluate: 310000,338000,326000,
subproof: 2011000,2056000,
and_intro: 187000,
poly_simp: 3260000,4292000,2803000,2800000,3093000,2911000,2861000,3037000,4151000,2953000,2993000,3423000,9634000,
equiv_pos2: 182000,112000,108000,130000,109000,142000,
reordering: 411000,554000,606000,
resolution: 269000,421000,335000,245000,531000,641000,469000,661000,267000,263000,286000,319000,572000,488000,727000,281000,332000,303000,
contraction: 400000,394000,411000,480000,
forall_inst: 1247000,1193000,3771000,
implies_neg1: 378000,366000,
implies_neg2: 329000,412000,
__local_input: 29000,41000,31000,36000,
poly_simp_rel: 1893000,1772000,1891000,6005000,
__normalized_input: 4921000,3319000,1029000,

