1; Draft.Scratch_smt_check_7_4082; 2026-04-10 13:49:11.039;
bind: 605000,499000,695000,582000,519000,261000,272000,293000,439000,468000,
cong: 291000,233000,203000,136000,163000,118000,93000,261000,246000,116000,352000,128000,79000,77000,70000,53000,110000,84000,81000,72000,67000,256000,188000,208000,
refl: 89000,23000,149000,
symm: 106000,
trans: 608000,586000,555000,549000,417000,432000,398000,394000,422000,393000,394000,357000,357000,331000,
equiv1: 265000,
or_pos: 552000,299000,
parsing: 31918000,
aci_simp: 1324000,1343000,1274000,1175000,
equiv_pos2: 218000,35000,295000,
reordering: 835000,419000,387000,
resolution: 344000,534000,574000,391000,506000,557000,595000,402000,240000,
forall_inst: 1626000,896000,
connective_def: 378000,
miniscope_split: 1868000,
__normalized_input: 6257000,2864000,2685000,2673000,2952000,2726000,
rare_rewrite_eq-symm: 188000,
rare_rewrite_bool-eq-false: 5819000,
rare_rewrite_bool-impl-elim: 11842000,6474000,
rare_rewrite_bool-and-de-morgan: 6671000,5815000,6103000,6289000,

