1; Draft.Scratch_smt_check_7_18347; 2026-04-10 13:52:05.124;
bind: 182000,215000,252000,254000,226000,257000,265000,217000,269000,261000,422000,570000,538000,459000,493000,484000,457000,
cong: 61000,65000,54000,319000,391000,286000,187000,130000,148000,102000,133000,100000,119000,68000,94000,216000,74000,46000,55000,94000,77000,90000,63000,75000,47000,88000,95000,80000,92000,57000,70000,44000,78000,387000,309000,138000,168000,91000,88000,87000,66000,90000,71000,180000,133000,132000,72000,52000,65000,66000,54000,69000,175000,130000,120000,171000,271000,329000,100000,229000,302000,253000,136000,167000,152000,186000,107000,123000,109000,147000,156000,126000,140000,134000,128000,71000,125000,681000,518000,290000,206000,251000,178000,239000,181000,204000,144000,87000,130000,140000,92000,230000,92000,106000,
refl: 19000,26000,25000,28000,22000,32000,17000,20000,75000,44000,40000,43000,93000,30000,25000,29000,
symm: 112000,122000,109000,136000,106000,133000,167000,140000,483000,362000,295000,282000,286000,
trans: 167000,230000,222000,173000,230000,227000,169000,313000,337000,169000,170000,367000,528000,557000,528000,349000,472000,459000,365000,
and_neg: 2973000,
and_pos: 1603000,1456000,1373000,1310000,1324000,1319000,1337000,1385000,1400000,1267000,1368000,1257000,
implies: 318000,406000,410000,1489000,1047000,
parsing: 21044000,
subproof: 1258000,1348000,1385000,2510000,2647000,
equiv_pos1: 166000,185000,
equiv_pos2: 57000,376000,95000,118000,502000,142000,180000,58000,147000,56000,145000,491000,170000,151000,61000,90000,220000,112000,301000,103000,269000,1021000,272000,396000,
reordering: 716000,643000,724000,2411000,19981000,1569000,
resolution: 649000,225000,267000,411000,490000,483000,286000,184000,250000,284000,280000,230000,231000,215000,236000,288000,289000,332000,482000,578000,595000,346000,314000,285000,312000,322000,323000,284000,235000,481000,579000,582000,333000,283000,257000,295000,320000,310000,362000,2748000,1777000,1317000,10708000,232000,244000,335000,223000,314000,566000,536000,415000,522000,486000,439000,506000,630000,570000,638000,585000,538000,892000,1211000,1035000,630000,577000,512000,632000,
contraction: 461000,568000,618000,2044000,4300000,1176000,
forall_inst: 903000,704000,894000,900000,779000,817000,737000,773000,1021000,907000,1021000,1045000,1035000,819000,1022000,952000,1709000,1689000,1348000,1696000,1557000,1461000,1743000,2057000,
implies_neg1: 402000,491000,481000,967000,5614000,
implies_neg2: 464000,639000,638000,1669000,1237000,
__local_input: 97000,192000,189000,297000,210000,175000,146000,121000,95000,104000,216000,176000,235000,127000,312000,227000,
__normalized_input: 43509000,21634000,14666000,8984000,8644000,7526000,6760000,6113000,5637000,5505000,3318000,2694000,657000,780000,
rare_rewrite_eq-symm: 153000,371000,156000,169000,351000,177000,131000,172000,170000,133000,165000,347000,192000,148000,178000,309000,381000,351000,455000,365000,271000,353000,729000,

