1; Draft.Scratch_smt_check_7_22474; 2026-04-10 13:46:44.771;
bind: 262000,282000,251000,249000,269000,
cong: 164000,146000,111000,173000,66000,81000,88000,65000,56000,60000,123000,170000,133000,99000,118000,179000,
refl: 28000,26000,38000,77000,46000,43000,51000,
symm: 123000,113000,
trans: 230000,157000,183000,192000,171000,183000,96000,142000,217000,137000,
equiv1: 123000,301000,
equiv2: 139000,130000,158000,144000,
or_neg: 134000,166000,132000,263000,247000,239000,
or_pos: 356000,401000,
and_pos: 152000,159000,194000,153000,188000,178000,188000,213000,242000,221000,189000,200000,
implies: 203000,208000,
not_and: 137000,319000,
not_not: 199000,173000,
parsing: 19712000,
aci_simp: 1013000,1010000,
evaluate: 329000,388000,
subproof: 1927000,2095000,1990000,2045000,
and_intro: 205000,168000,
equiv_pos2: 185000,164000,62000,66000,48000,161000,143000,52000,151000,
reordering: 302000,377000,552000,444000,529000,479000,583000,
resolution: 175000,245000,261000,324000,194000,212000,181000,248000,214000,171000,326000,296000,159000,179000,203000,268000,913000,255000,250000,300000,255000,433000,412000,1020000,265000,387000,786000,533000,287000,289000,320000,324000,869000,255000,275000,291000,254000,438000,421000,971000,
contraction: 211000,124000,165000,329000,385000,393000,245000,291000,293000,406000,
forall_inst: 776000,807000,1224000,
implies_neg1: 243000,321000,274000,272000,
implies_neg2: 103000,302000,190000,276000,
__local_input: 89000,61000,52000,49000,35000,54000,54000,47000,52000,41000,32000,47000,
equiv_simplify: 297000,261000,257000,267000,
implies_simplify: 183000,334000,
__normalized_input: 4840000,1990000,1650000,1657000,867000,985000,1022000,982000,
rare_rewrite_eq-symm: 97000,83000,
rare_rewrite_bool-eq-false: 11904000,
rare_rewrite_bool-impl-false1: 6264000,6218000,6931000,
rare_rewrite_bool-and-de-morgan: 6403000,6420000,
rare_rewrite_bool-double-not-elim: 97000,100000,168000,

