1; Draft.Scratch_smt_check_7_15744; 2026-04-10 13:45:25.363;
bind: 285000,233000,350000,296000,307000,193000,169000,171000,163000,118000,230000,236000,267000,
cong: 245000,90000,101000,231000,100000,192000,188000,192000,246000,119000,194000,235000,113000,168000,187000,110000,192000,99000,106000,70000,117000,185000,84000,188000,108000,135000,59000,149000,99000,168000,92000,70000,35000,42000,53000,155000,127000,47000,60000,135000,51000,58000,233000,86000,160000,239000,143000,100000,630000,
ite2: 100000,
refl: 56000,95000,50000,77000,35000,44000,22000,36000,81000,38000,87000,91000,112000,24000,39000,41000,14000,23000,33000,32000,52000,56000,58000,158000,81000,66000,
symm: 181000,190000,102000,92000,70000,103000,74000,
true: 48000,
trans: 222000,346000,351000,328000,248000,296000,295000,259000,164000,168000,156000,186000,189000,132000,193000,105000,108000,80000,83000,113000,108000,113000,198000,200000,
choice: 32000,72000,
equiv1: 282000,86000,152000,377000,148000,142000,284000,277000,
equiv2: 100000,141000,77000,90000,
or_neg: 200000,155000,171000,149000,159000,166000,179000,192000,139000,147000,128000,258000,256000,248000,246000,250000,253000,
or_pos: 188000,187000,176000,
and_neg: 175000,
and_pos: 120000,124000,125000,127000,230000,245000,247000,228000,252000,255000,508000,484000,446000,472000,490000,470000,
implies: 294000,190000,209000,293000,174000,114000,127000,120000,120000,132000,166000,159000,751000,318000,289000,
not_and: 276000,
not_not: 117000,111000,
parsing: 27896000,
evaluate: 296000,
subproof: 1953000,1832000,1916000,4140000,1105000,1028000,1014000,1014000,1316000,1424000,1157000,1051000,1055000,2587000,2043000,2119000,
and_intro: 119000,508000,
equiv_pos1: 66000,
equiv_pos2: 437000,117000,423000,255000,112000,116000,200000,65000,116000,152000,158000,123000,72000,155000,79000,120000,123000,214000,233000,45000,427000,488000,596000,
not_equiv1: 219000,
not_equiv2: 250000,
reordering: 504000,268000,203000,211000,248000,260000,215000,152000,1424000,3328000,
resolution: 486000,272000,418000,513000,483000,287000,289000,256000,364000,378000,356000,269000,226000,317000,264000,420000,385000,252000,281000,441000,523000,524000,312000,318000,238000,381000,15605000,459000,292000,417000,260000,297000,299000,184000,262000,262000,257000,234000,250000,217000,181000,255000,199000,262000,359000,332000,312000,236000,222000,386000,160000,246000,245000,393000,155000,154000,210000,272000,291000,199000,316000,299000,324000,293000,269000,212000,236000,220000,197000,198000,179000,837000,2877000,268000,300000,357000,323000,1583000,140000,141000,164000,250000,346000,284000,176000,169000,165000,241000,317000,312000,183000,178000,137000,197000,1055000,917000,3013000,267000,414000,550000,473000,293000,310000,275000,432000,520000,484000,305000,326000,
sko_forall: 901000,938000,
contraction: 501000,325000,307000,510000,266000,215000,184000,263000,167000,179000,306000,189000,189000,240000,219000,178000,924000,316000,477000,279000,271000,1128000,1321000,510000,493000,
forall_inst: 1330000,1126000,1164000,2038000,707000,710000,755000,661000,759000,755000,1330000,1305000,
implies_neg1: 420000,313000,287000,447000,224000,162000,160000,166000,165000,168000,230000,239000,749000,416000,438000,1105000,
implies_neg2: 373000,261000,242000,403000,233000,145000,146000,145000,194000,167000,256000,218000,225000,1080000,408000,405000,
__local_input: 95000,67000,67000,98000,58000,42000,18000,19000,18000,29000,46000,42000,54000,57000,20000,60000,40000,29000,30000,71000,110000,113000,38000,42000,28000,30000,45000,61000,
equiv_simplify: 439000,173000,160000,264000,230000,217000,145000,170000,421000,460000,
implies_simplify: 470000,
__normalized_input: 3304000,3249000,2251000,1766000,1183000,1071000,
rare_rewrite_ite-eq: 5876000,
rare_rewrite_eq-refl: 184000,98000,102000,108000,209000,203000,
rare_rewrite_eq-symm: 170000,447000,144000,162000,147000,254000,149000,91000,82000,157000,82000,83000,172000,111000,100000,132000,
rare_rewrite_bool-impl-elim: 11322000,6017000,6040000,
rare_rewrite_bool-double-not-elim: 126000,98000,111000,135000,83000,175000,

