1; Draft.Scratch_smt_check_7_24089; 2026-04-10 13:47:09.409;
bind: 412000,222000,192000,227000,198000,384000,359000,226000,
cong: 71000,49000,158000,79000,76000,153000,80000,100000,190000,141000,121000,157000,188000,
refl: 19000,51000,92000,
symm: 95000,125000,115000,
false: 13000,
trans: 149000,149000,186000,244000,195000,206000,330000,249000,271000,172000,
choice: 81000,
equiv2: 92000,210000,
or_neg: 145000,150000,128000,316000,289000,304000,
or_pos: 186000,239000,201000,551000,
implies: 162000,
not_not: 113000,
parsing: 13954000,
aci_simp: 1090000,1184000,
evaluate: 369000,
subproof: 1536000,
equiv_pos2: 274000,119000,136000,187000,91000,491000,201000,173000,61000,
reordering: 209000,301000,180000,210000,752000,362000,
resolution: 117000,154000,148000,188000,180000,222000,211000,295000,320000,178000,214000,247000,355000,303000,336000,222000,262000,170000,251000,280000,138000,151000,270000,267000,340000,331000,452000,488000,
sko_forall: 1862000,
contraction: 399000,207000,372000,
forall_inst: 719000,840000,786000,1530000,
implies_neg1: 210000,
implies_neg2: 234000,
__local_input: 83000,
connective_def: 405000,
equiv_simplify: 176000,324000,
__normalized_input: 9960000,4557000,1313000,1456000,1111000,1087000,1198000,1280000,1347000,
rare_rewrite_eq-symm: 112000,101000,102000,
rare_rewrite_bool-impl-elim: 6675000,6419000,6682000,6678000,
rare_rewrite_bool-and-de-morgan: 6473000,6394000,27858000,
rare_rewrite_bool-double-not-elim: 103000,181000,

