1; Draft.Scratch_smt_check_7_25593; 2026-04-10 13:43:45.748;
bind: 234000,230000,175000,256000,430000,436000,311000,274000,294000,
cong: 170000,192000,176000,136000,158000,276000,289000,391000,196000,221000,292000,517000,247000,324000,184000,181000,553000,379000,
refl: 23000,30000,44000,35000,41000,53000,44000,48000,198000,
symm: 75000,90000,
false: 12000,
trans: 86000,76000,214000,223000,220000,236000,197000,150000,127000,147000,377000,420000,371000,391000,342000,246000,221000,239000,
choice: 80000,
equiv2: 106000,127000,
or_neg: 536000,505000,441000,408000,338000,
or_pos: 218000,333000,
implies: 451000,
not_not: 155000,
parsing: 26980000,
aci_simp: 1373000,1082000,2077000,2087000,1935000,2255000,
evaluate: 332000,
not_symm: 96000,
subproof: 2219000,
equiv_pos2: 364000,345000,369000,658000,687000,502000,75000,
reordering: 247000,548000,492000,
resolution: 95000,136000,131000,253000,254000,180000,242000,188000,242000,312000,690000,880000,570000,962000,782000,565000,480000,577000,765000,232000,334000,
sko_forall: 3192000,
contraction: 772000,745000,698000,
forall_inst: 886000,1275000,
implies_neg1: 578000,
implies_neg2: 560000,
__local_input: 105000,
connective_def: 309000,616000,
equiv_simplify: 230000,245000,
__normalized_input: 836000,820000,911000,958000,787000,1501000,
rare_rewrite_eq-symm: 148000,130000,113000,
rare_rewrite_bool-impl-elim: 22426000,12166000,
rare_rewrite_bool-and-de-morgan: 6012000,6636000,6059000,11850000,12258000,11765000,
rare_rewrite_bool-double-not-elim: 401000,342000,

