1; Draft.Scratch_smt_check_7_25270; 2026-04-10 13:42:47.520;
bind: 308000,334000,279000,166000,305000,305000,248000,168000,311000,319000,246000,228000,309000,312000,241000,163000,
cong: 96000,86000,173000,106000,194000,84000,116000,88000,82000,181000,96000,210000,105000,222000,81000,115000,95000,82000,184000,108000,364000,195000,108000,190000,112000,219000,86000,119000,85000,76000,180000,81000,199000,102000,202000,87000,118000,87000,78000,178000,86000,374000,200000,125000,
refl: 76000,37000,83000,29000,87000,27000,79000,31000,
symm: 91000,101000,89000,107000,91000,98000,84000,165000,97000,
trans: 179000,274000,313000,348000,192000,271000,316000,282000,173000,321000,237000,157000,283000,420000,279000,175000,272000,287000,281000,167000,316000,247000,154000,
implies: 269000,229000,287000,
parsing: 11101000,
evaluate: 248000,250000,
subproof: 2151000,2020000,2154000,
equiv_pos2: 171000,94000,234000,132000,270000,555000,110000,224000,92000,261000,442000,
reordering: 327000,
resolution: 251000,291000,251000,388000,323000,412000,595000,558000,366000,406000,435000,462000,414000,235000,254000,414000,297000,416000,580000,524000,293000,408000,357000,
contraction: 553000,340000,596000,
forall_inst: 1340000,1315000,1119000,
implies_neg1: 474000,473000,279000,
implies_neg2: 505000,263000,496000,
__local_input: 78000,79000,52000,
connective_def: 281000,284000,270000,305000,
__normalized_input: 1354000,776000,753000,847000,
rare_rewrite_eq-refl: 154000,148000,
rare_rewrite_eq-symm: 161000,153000,281000,115000,114000,158000,287000,111000,117000,149000,302000,106000,106000,155000,280000,110000,116000,
rare_rewrite_bool-eq-false: 11653000,11059000,
rare_rewrite_bool-double-not-elim: 329000,242000,

