1; Draft.Scratch_smt_check_7_3271; 2026-04-10 13:50:46.944;
bind: 465000,455000,496000,486000,
cong: 228000,148000,228000,161000,379000,282000,226000,150000,326000,156000,386000,298000,
refl: 62000,139000,98000,143000,124000,61000,140000,356000,148000,131000,
symm: 197000,
trans: 453000,363000,368000,267000,280000,413000,363000,382000,260000,278000,175000,406000,2111000,400000,277000,290000,410000,378000,403000,604000,293000,
or_pos: 400000,415000,
and_neg: 304000,343000,
and_pos: 273000,213000,196000,206000,242000,258000,259000,226000,201000,219000,260000,
implies: 407000,273000,395000,
parsing: 12917000,
aci_simp: 1316000,1267000,1350000,1379000,1491000,1220000,1503000,1239000,
subproof: 2338000,1322000,2678000,
equiv_pos1: 96000,
equiv_pos2: 268000,277000,471000,87000,121000,227000,263000,267000,479000,88000,224000,135000,
reordering: 358000,289000,257000,601000,413000,288000,555000,368000,421000,387000,445000,513000,291000,283000,465000,394000,580000,545000,459000,
resolution: 235000,226000,330000,448000,433000,483000,618000,698000,423000,418000,239000,262000,292000,197000,271000,334000,226000,295000,381000,297000,285000,387000,419000,356000,366000,504000,335000,434000,425000,490000,587000,725000,485000,464000,221000,202000,209000,283000,333000,221000,280000,305000,408000,
contraction: 577000,360000,374000,568000,
forall_inst: 1393000,1061000,1189000,1033000,1420000,1092000,1338000,
implies_neg1: 600000,573000,406000,
implies_neg2: 543000,297000,560000,
__local_input: 547000,504000,53000,207000,
__normalized_input: 1893000,1034000,601000,906000,1196000,
rare_rewrite_eq-symm: 241000,248000,
rare_rewrite_bool-impl-elim: 7733000,7584000,8178000,8322000,
rare_rewrite_bool-and-de-morgan: 6738000,7042000,7346000,8121000,7073000,7225000,7815000,8465000,

