1; Draft.Scratch_smt_check_7_26157; 2026-04-10 13:50:48.271;
and: 154000,124000,163000,132000,361000,145000,124000,168000,137000,208000,318000,224000,139000,120000,165000,130000,204000,153000,120000,171000,144000,207000,339000,223000,
bind: 283000,237000,794000,774000,783000,766000,348000,335000,362000,252000,240000,281000,248000,299000,255000,293000,419000,414000,252000,307000,233000,253000,797000,755000,811000,797000,296000,268000,376000,329000,351000,519000,487000,594000,505000,548000,513000,584000,539000,446000,541000,604000,513000,533000,
cong: 101000,397000,231000,412000,241000,222000,215000,205000,170000,160000,140000,143000,391000,436000,240000,223000,208000,188000,182000,162000,149000,144000,395000,1133000,1972000,106000,122000,182000,126000,141000,171000,110000,112000,120000,467000,404000,182000,96000,103000,127000,107000,147000,143000,391000,191000,116000,195000,116000,548000,522000,152000,232000,414000,238000,227000,248000,189000,175000,155000,145000,144000,395000,408000,239000,229000,212000,189000,172000,157000,142000,141000,405000,1155000,1931000,115000,129000,184000,154000,117000,95000,81000,117000,80000,79000,119000,89000,110000,179000,131000,140000,179000,114000,131000,241000,880000,722000,239000,179000,191000,213000,188000,229000,150000,424000,221000,130000,199000,126000,541000,524000,235000,
refl: 87000,87000,88000,91000,43000,118000,44000,109000,38000,110000,28000,112000,44000,63000,138000,62000,137000,50000,87000,87000,89000,92000,43000,29000,29000,122000,42000,114000,41000,112000,53000,228000,69000,5149000,139000,66000,202000,80000,
symm: 439000,192000,198000,304000,289000,408000,198000,199000,177000,166000,180000,597000,310000,592000,831000,
trans: 235000,607000,694000,622000,633000,444000,425000,399000,384000,392000,324000,301000,271000,267000,679000,609000,630000,460000,422000,405000,376000,361000,333000,307000,285000,272000,329000,313000,266000,283000,223000,237000,319000,261000,282000,214000,217000,206000,519000,292000,258000,255000,213000,245000,370000,374000,307000,340000,205000,208000,361000,309000,317000,202000,212000,209000,233000,815000,686000,621000,630000,444000,426000,411000,377000,352000,333000,296000,291000,302000,683000,615000,670000,431000,428000,404000,414000,344000,323000,295000,278000,267000,224000,226000,230000,246000,311000,341000,274000,282000,229000,245000,325000,258000,282000,221000,233000,221000,1034000,591000,602000,485000,459000,479000,379000,394000,307000,326000,202000,213000,396000,315000,335000,220000,247000,467000,516000,
equiv1: 771000,
equiv2: 781000,
or_pos: 295000,296000,297000,995000,468000,514000,464000,249000,469000,224000,255000,346000,578000,468000,392000,678000,439000,222000,237000,261000,221000,235000,260000,245000,538000,578000,1067000,224000,237000,228000,233000,323000,212000,232000,369000,830000,1024000,306000,303000,313000,240000,335000,453000,505000,1101000,459000,521000,722000,1159000,1002000,839000,710000,499000,229000,249000,267000,385000,471000,555000,505000,575000,566000,1147000,478000,550000,484000,525000,703000,482000,522000,819000,1815000,
and_neg: 2236000,
and_pos: 445000,499000,449000,1187000,969000,971000,969000,1104000,947000,984000,958000,903000,1029000,448000,
implies: 1072000,462000,374000,555000,1562000,1037000,1053000,378000,576000,
not_not: 500000,
parsing: 117785000,
aci_simp: 2176000,1349000,1997000,2135000,1346000,2045000,1157000,1033000,1018000,1274000,1021000,1101000,1215000,1011000,1219000,1097000,1135000,2159000,1359000,1999000,2148000,1344000,2218000,1194000,1075000,1038000,1237000,1123000,2174000,1318000,1098000,1240000,1093000,2211000,
subproof: 15944000,2037000,1333000,2173000,2856000,29039000,4010000,1689000,2227000,
equiv_pos2: 127000,571000,550000,1495000,207000,207000,121000,111000,602000,135000,133000,195000,155000,298000,445000,253000,262000,691000,112000,161000,102000,112000,545000,551000,1495000,125000,215000,213000,237000,216000,1276000,262000,250000,400000,306000,295000,476000,258000,263000,691000,218000,331000,235000,244000,
reordering: 418000,431000,420000,2113000,9793000,704000,567000,376000,769000,282000,315000,531000,1008000,775000,701000,640000,654000,1390000,1132000,572000,759000,262000,305000,333000,254000,291000,334000,261000,476000,702000,2339000,252000,277000,262000,306000,464000,254000,282000,583000,1671000,2153000,9794000,2213000,440000,423000,427000,281000,338000,732000,648000,1639000,546000,692000,1133000,2146000,1642000,1185000,1383000,1375000,1432000,1157000,599000,779000,262000,290000,343000,311000,648000,686000,599000,723000,712000,2039000,573000,620000,555000,646000,1055000,580000,649000,1266000,3598000,
resolution: 496000,282000,293000,266000,307000,260000,310000,301000,423000,415000,719000,3833000,1662000,555000,1111000,1492000,2489000,1678000,547000,513000,698000,342000,437000,613000,393000,556000,350000,224000,275000,216000,280000,463000,518000,447000,549000,229000,267000,280000,221000,259000,288000,312000,426000,387000,532000,549000,713000,794000,551000,241000,273000,313000,355000,324000,265000,303000,352000,373000,322000,305000,396000,448000,315000,402000,615000,334000,293000,455000,559000,522000,335000,429000,553000,440000,646000,807000,891000,573000,382000,269000,267000,223000,264000,214000,267000,237000,268000,226000,258000,219000,275000,397000,281000,221000,262000,224000,253000,298000,625000,755000,601000,364000,362000,223000,258000,243000,265000,221000,274000,234000,263000,213000,254000,286000,220000,263000,335000,1770000,1581000,1274000,5523000,3815000,1632000,558000,1048000,1513000,2491000,2262000,549000,264000,340000,267000,326000,275000,351000,330000,551000,722000,363000,435000,625000,397000,562000,360000,239000,287000,235000,293000,237000,295000,254000,431000,483000,581000,586000,444000,495000,560000,637000,790000,763000,954000,1065000,1392000,1547000,994000,532000,574000,616000,692000,623000,531000,623000,662000,782000,560000,473000,770000,844000,645000,730000,1070000,623000,296000,485000,600000,581000,496000,434000,730000,466000,667000,816000,902000,575000,419000,246000,272000,240000,252000,224000,296000,264000,263000,236000,267000,232000,523000,496000,561000,458000,520000,448000,499000,570000,623000,823000,547000,670000,714000,463000,546000,536000,562000,460000,541000,482000,575000,457000,516000,605000,457000,530000,587000,
contraction: 1495000,668000,542000,784000,2071000,3039000,1502000,1481000,560000,808000,
forall_inst: 826000,913000,860000,1764000,1470000,1150000,994000,801000,788000,1701000,1451000,781000,755000,966000,1109000,831000,908000,1033000,1043000,1310000,1383000,1048000,1176000,747000,754000,753000,747000,734000,799000,749000,784000,819000,2080000,876000,759000,774000,757000,759000,769000,819000,1836000,883000,901000,897000,1479000,1198000,1060000,954000,797000,886000,10830000,1833000,1452000,1802000,2220000,1636000,1751000,1964000,2013000,2551000,2294000,1164000,1230000,837000,772000,845000,849000,775000,877000,1690000,1560000,1621000,2016000,1771000,1543000,1531000,1566000,1608000,1514000,1636000,
implies_neg1: 1383000,604000,493000,694000,1393000,1250000,791000,702000,4475000,
implies_neg2: 1708000,699000,559000,862000,1722000,1704000,1440000,607000,865000,
__local_input: 327000,250000,140000,268000,352000,370000,189000,293000,223000,95000,102000,111000,331000,81000,80000,226000,
equiv_simplify: 917000,921000,
__normalized_input: 43543000,208415000,16790000,16543000,15918000,12145000,5279000,5050000,4083000,3528000,3257000,3165000,3530000,2756000,2772000,2480000,1858000,1822000,1803000,1576000,1566000,1557000,1471000,1440000,1488000,1510000,2094000,
rare_rewrite_eq-symm: 175000,524000,214000,236000,157000,377000,185000,195000,437000,484000,529000,231000,244000,176000,163000,878000,425000,422000,514000,493000,
rare_rewrite_bool-impl-elim: 6579000,7495000,7634000,6626000,6611000,6217000,6355000,6547000,6719000,6683000,8083000,6907000,6216000,6869000,6003000,6206000,7189000,7761000,6695000,6836000,7064000,12633000,12416000,13387000,12890000,12946000,7692000,7424000,12330000,13156000,12717000,12833000,
rare_rewrite_bool-and-de-morgan: 5904000,6557000,6127000,6394000,6443000,6617000,20582000,9860000,6946000,6139000,6190000,6253000,6374000,6286000,6498000,6593000,6691000,6992000,6239000,6273000,6096000,6593000,6385000,6427000,6384000,6466000,6354000,6584000,6432000,5943000,6011000,6103000,6287000,6377000,6385000,6337000,6429000,6583000,5842000,6031000,6117000,6313000,6637000,6768000,6822000,7252000,7305000,6635000,6569000,6543000,6596000,6844000,12528000,24838000,6866000,7141000,6634000,12650000,

