1; Draft.Scratch_smt_check_7_15180; 2026-04-10 13:48:30.442;
bind: 378000,365000,350000,901000,844000,824000,398000,351000,838000,941000,846000,411000,424000,830000,466000,469000,219000,185000,502000,467000,478000,248000,188000,196000,209000,190000,
cong: 134000,121000,111000,175000,323000,323000,233000,328000,345000,147000,115000,338000,393000,217000,179000,177000,342000,298000,164000,343000,314000,147000,111000,316000,283000,210000,173000,158000,956000,604000,471000,261000,207000,174000,221000,143000,81000,71000,88000,80000,73000,78000,647000,320000,308000,165000,185000,186000,97000,77000,186000,186000,128000,105000,102000,200000,183000,101000,188000,178000,93000,75000,178000,184000,137000,106000,101000,535000,359000,298000,152000,113000,97000,116000,89000,50000,48000,51000,49000,48000,53000,381000,245000,150000,71000,79000,73000,71000,52000,82000,102000,215000,148000,
refl: 29000,135000,59000,140000,49000,34000,59000,129000,58000,130000,57000,31000,61000,256000,94000,141000,35000,79000,32000,22000,35000,73000,32000,75000,31000,23000,36000,104000,51000,58000,19000,59000,
symm: 219000,133000,73000,77000,74000,81000,
trans: 341000,332000,709000,717000,467000,349000,737000,719000,320000,409000,401000,701000,715000,183000,199000,379000,398000,188000,198000,213000,222000,121000,177000,180000,199000,204000,198000,
or_neg: 580000,685000,491000,330000,365000,286000,
implies: 909000,444000,484000,191000,
parsing: 53573000,
aci_simp: 989000,
evaluate: 189000,
subproof: 2725000,2801000,1449000,1133000,
equiv_pos1: 418000,203000,
equiv_pos2: 235000,606000,640000,1423000,63000,243000,933000,320000,328000,711000,35000,111000,434000,284000,38000,125000,253000,
reordering: 1506000,930000,730000,459000,
resolution: 293000,463000,346000,407000,663000,576000,638000,1059000,1307000,1109000,563000,626000,433000,342000,921000,1084000,529000,740000,769000,497000,417000,653000,664000,624000,592000,710000,640000,319000,380000,246000,188000,436000,562000,285000,336000,328000,187000,241000,222000,
contraction: 1431000,1058000,751000,751000,517000,317000,
forall_inst: 3304000,1137000,807000,764000,
implies_neg1: 1199000,643000,367000,268000,
implies_neg2: 1453000,697000,729000,294000,
__local_input: 232000,141000,104000,93000,
connective_def: 564000,516000,260000,256000,
__normalized_input: 9172000,9157000,1443000,796000,638000,
rare_rewrite_eq-refl: 116000,84000,
rare_rewrite_eq-symm: 197000,174000,214000,198000,207000,199000,157000,184000,182000,186000,179000,262000,491000,138000,97000,96000,94000,112000,103000,99000,90000,127000,202000,101000,72000,112000,175000,230000,
rare_rewrite_bool-eq-true: 6105000,
rare_rewrite_bool-and-de-morgan: 11692000,11332000,6101000,6327000,
rare_rewrite_bool-double-not-elim: 547000,260000,

