1; Draft.Scratch_smt_check_7_32244; 2026-04-10 13:45:45.007;
bind: 323000,304000,502000,498000,
cong: 242000,124000,222000,135000,318000,208000,218000,391000,197000,415000,185000,111000,
refl: 99000,26000,
symm: 78000,175000,157000,
trans: 193000,
or_pos: 220000,14633000,350000,361000,
and_neg: 594000,
and_pos: 476000,491000,469000,452000,
implies: 202000,198000,875000,403000,366000,
parsing: 27636000,
subproof: 1432000,1492000,2708000,2672000,2895000,
equiv_pos2: 295000,175000,182000,303000,551000,339000,337000,621000,
reordering: 318000,297000,1327000,2570000,489000,512000,
resolution: 238000,178000,206000,298000,360000,364000,250000,167000,185000,219000,312000,293000,377000,369000,220000,285000,1226000,1155000,1035000,1960000,318000,351000,578000,673000,649000,390000,270000,305000,432000,437000,523000,608000,667000,374000,438000,
contraction: 313000,317000,1326000,1345000,596000,638000,
forall_inst: 805000,763000,802000,1448000,1289000,1404000,
implies_neg1: 284000,279000,524000,525000,1199000,
implies_neg2: 264000,281000,1319000,506000,480000,
__local_input: 58000,59000,122000,112000,46000,47000,46000,47000,
__normalized_input: 3344000,2881000,1276000,1006000,1807000,
rare_rewrite_eq-symm: 144000,147000,274000,275000,
rare_rewrite_bool-impl-elim: 6783000,6088000,11428000,11451000,

