1; Draft.Scratch_smt_check_7_731; 2026-04-10 13:45:45.743;
bind: 140000,184000,208000,237000,345000,268000,
cong: 114000,13118000,186000,127000,179000,182000,126000,705000,
refl: 38000,71000,33000,66000,30000,113000,
symm: 207000,120000,202000,123000,214000,
trans: 125000,90000,168000,234000,229000,267000,
equiv1: 222000,266000,
equiv2: 273000,276000,271000,
or_neg: 229000,255000,218000,239000,
or_pos: 205000,352000,351000,
and_pos: 195000,178000,509000,527000,450000,513000,
implies: 648000,
not_and: 242000,
not_not: 254000,230000,
parsing: 20812000,
evaluate: 259000,
subproof: 1167000,2446000,
and_intro: 312000,
equiv_pos1: 87000,188000,171000,
equiv_pos2: 101000,97000,134000,268000,238000,242000,53000,284000,188000,196000,660000,
reordering: 338000,369000,273000,375000,378000,608000,644000,723000,2483000,553000,660000,741000,
resolution: 189000,135000,188000,206000,204000,186000,210000,179000,203000,220000,174000,558000,1611000,253000,199000,251000,225000,400000,132000,146000,179000,215000,263000,285000,297000,342000,386000,358000,232000,337000,341000,366000,889000,755000,1934000,315000,360000,450000,263000,296000,270000,360000,347000,376000,236000,339000,422000,385000,
contraction: 641000,228000,254000,977000,1114000,
forall_inst: 612000,734000,787000,701000,699000,1355000,1175000,1414000,1143000,1484000,1247000,1239000,1450000,1220000,1488000,
implies_neg1: 442000,1063000,
implies_neg2: 157000,858000,
__local_input: 50000,60000,46000,51000,33000,66000,
equiv_simplify: 393000,428000,491000,437000,
implies_simplify: 303000,
__normalized_input: 3522000,3105000,2291000,5504000,945000,934000,
rare_rewrite_eq-symm: 88000,156000,160000,
rare_rewrite_bool-impl-elim: 6232000,11575000,11547000,
rare_rewrite_bool-double-not-elim: 83000,159000,158000,311000,

