1; Draft.Scratch_smt_check_7_30312; 2026-04-10 13:45:44.876;
bind: 578000,590000,296000,381000,230000,186000,234000,350000,330000,388000,
cong: 799000,763000,282000,192000,289000,186000,958000,828000,218000,513000,626000,144000,175000,175000,107000,15250000,167000,820000,699000,
refl: 100000,228000,150000,258000,74000,49000,27000,54000,130000,90000,236000,
symm: 248000,
trans: 490000,391000,407000,233000,258000,537000,396000,423000,317000,267000,301000,294000,258000,144000,162000,281000,203000,219000,169000,146000,264000,233000,227000,241000,254000,
or_pos: 874000,305000,168000,196000,305000,470000,187000,307000,474000,294000,341000,830000,
and_neg: 764000,
and_pos: 452000,463000,
implies: 734000,877000,498000,438000,383000,
parsing: 63872000,
aci_simp: 2231000,1747000,2225000,1813000,2050000,1148000,1125000,963000,1206000,1742000,
subproof: 3712000,3989000,1516000,2143000,2086000,
equiv_pos2: 1179000,457000,494000,1347000,196000,160000,129000,641000,105000,150000,225000,448000,1168000,262000,
reordering: 1369000,398000,198000,245000,467000,827000,704000,1046000,205000,463000,1177000,422000,472000,1390000,
resolution: 384000,620000,762000,828000,1187000,1291000,841000,638000,825000,504000,915000,1281000,1448000,907000,496000,305000,351000,418000,449000,535000,426000,197000,947000,177000,220000,276000,548000,702000,589000,784000,374000,486000,539000,718000,820000,521000,160000,198000,249000,234000,313000,264000,326000,466000,306000,470000,616000,732000,433000,343000,298000,355000,273000,354000,398000,
contraction: 1142000,1256000,714000,711000,647000,578000,
forall_inst: 1792000,1931000,1260000,892000,756000,1017000,1134000,671000,919000,1915000,1271000,1289000,
implies_neg1: 969000,1040000,573000,933000,3579000,
implies_neg2: 1150000,1388000,673000,703000,610000,
__local_input: 125000,134000,78000,158000,127000,157000,
__normalized_input: 1615000,1613000,1747000,1602000,1111000,1421000,1627000,
rare_rewrite_eq-symm: 569000,700000,352000,578000,
rare_rewrite_bool-impl-elim: 12212000,12631000,12077000,6924000,6869000,6293000,6243000,6252000,12025000,11597000,
rare_rewrite_bool-and-de-morgan: 11894000,11885000,11945000,12059000,8410000,5946000,5876000,6086000,11374000,11203000,

