1; Draft.Scratch_smt_check_7_4952; 2026-04-10 13:45:54.010;
bind: 255000,265000,258000,231000,191000,162000,163000,207000,222000,192000,215000,272000,221000,188000,345000,195000,194000,300000,293000,250000,221000,207000,199000,224000,194000,222000,192000,228000,271000,200000,337000,197000,277000,279000,230000,252000,229000,186000,165000,157000,221000,215000,191000,218000,200000,195000,241000,240000,196000,214000,200000,224000,262000,225000,203000,190000,193000,188000,285000,298000,259000,227000,260000,230000,209000,170000,175000,217000,202000,191000,204000,222000,201000,258000,268000,220000,283000,416000,258000,255000,239000,194000,171000,157000,221000,186000,202000,352000,296000,371000,362000,357000,204000,209000,202000,214000,257000,212000,445000,414000,329000,288000,258000,279000,262000,225000,221000,198000,193000,192000,172000,221000,198000,196000,
cong: 323000,287000,239000,109000,104000,95000,54000,69000,77000,58000,147000,97000,164000,84000,56000,79000,104000,58000,74000,82000,56000,166000,69000,63000,77000,44000,110000,66000,92000,160000,111000,183000,3179000,100000,51000,58000,152000,132000,100000,107000,139000,285000,268000,77000,42000,73000,133000,82000,60000,77000,44000,110000,73000,282000,58000,83000,124000,146000,249000,152000,244000,212000,40000,127000,183000,194000,99000,172000,261000,294000,84000,109000,153000,12051000,200000,141000,260000,160000,118000,98000,158000,164000,145000,98000,166000,381000,346000,156000,170000,115000,162000,211000,153000,351000,187000,124000,221000,233000,148000,224000,150000,189000,196000,80000,264000,576000,261000,142000,261000,176000,113000,79000,72000,73000,76000,82000,56000,96000,99000,68000,60000,112000,86000,93000,45000,86000,51000,104000,196000,136000,198000,269000,83000,58000,97000,209000,79000,76000,61000,242000,148000,80000,53000,107000,60000,120000,97000,309000,110000,157000,123000,96000,157000,162000,111000,110000,161000,385000,349000,147000,165000,120000,155000,207000,154000,346000,184000,115000,210000,221000,138000,143000,197000,71000,236000,251000,152000,113000,87000,70000,67000,67000,74000,51000,104000,91000,58000,63000,111000,70000,93000,44000,87000,53000,116000,169000,122000,111000,145000,83000,59000,210000,67000,75000,57000,240000,134000,78000,50000,72000,67000,328000,109000,178000,143000,249000,245000,138000,561000,102000,225000,125000,122000,103000,145000,91000,143000,88000,125000,199000,160000,118000,95000,162000,157000,122000,99000,165000,375000,343000,144000,169000,113000,153000,201000,140000,336000,188000,142000,213000,398000,218000,243000,253000,562000,241000,133000,263000,156000,114000,83000,66000,72000,70000,88000,55000,89000,97000,63000,64000,116000,66000,92000,44000,85000,52000,107000,103000,87000,120000,138000,82000,54000,96000,209000,71000,73000,58000,245000,136000,79000,52000,72000,67000,350000,109000,209000,119000,174000,148000,251000,100000,140000,157000,123000,97000,188000,90000,8383000,272000,273000,106000,110000,76000,72000,42000,58000,68000,81000,59000,262000,175000,118000,98000,157000,174000,116000,95000,163000,376000,339000,155000,167000,110000,154000,204000,141000,345000,193000,120000,210000,233000,132000,212000,136000,143000,191000,77000,250000,563000,237000,128000,260000,162000,143000,78000,67000,68000,65000,71000,47000,97000,61000,62000,108000,62000,93000,57000,67000,75000,59000,264000,146000,98000,72000,72000,302000,103000,173000,148000,247000,79000,55000,280000,107000,49000,91000,51000,99000,122000,152000,213000,226000,147000,386000,475000,201000,147000,203000,90000,114000,66000,119000,94000,107000,72000,76000,43000,55000,70000,80000,49000,70000,49000,95000,86000,245000,226000,72000,201000,157000,116000,94000,149000,163000,110000,94000,151000,381000,353000,140000,166000,107000,149000,201000,155000,188000,118000,211000,226000,128000,216000,246000,552000,239000,128000,254000,154000,114000,76000,59000,57000,102000,371000,193000,291000,217000,244000,63000,68000,78000,57000,240000,128000,91000,70000,59000,318000,105000,64000,95000,273000,74000,60000,77000,45000,118000,82000,286000,85000,69000,70000,81000,51000,81000,52000,99000,61000,62000,114000,67000,100000,45000,86000,49000,105000,104000,80000,135000,137000,85000,54000,92000,210000,250000,266000,129000,144000,158000,188000,83000,123000,92000,344000,
refl: 87000,25000,21000,27000,50000,32000,22000,18000,35000,37000,68000,198000,95000,105000,61000,135000,273000,247000,43000,171000,98000,82000,193000,139000,43000,29000,114000,75000,30000,31000,77000,77000,51000,33000,54000,45000,73000,26000,66000,17000,42000,59000,71000,79000,52000,35000,71000,28000,36000,16000,63000,30000,31000,96000,43000,39000,70000,79000,48000,32000,100000,26000,32000,17000,62000,29000,31000,36000,42000,79000,54000,70000,80000,61000,32000,57000,37000,71000,16000,62000,30000,30000,34000,57000,69000,69000,76000,45000,33000,52000,42000,43000,17000,65000,26000,33000,78000,40000,71000,42000,
symm: 107000,99000,103000,136000,121000,141000,146000,121000,128000,129000,111000,145000,133000,92000,80000,71000,127000,276000,278000,253000,191000,362000,51000,363000,186000,302000,190000,178000,252000,248000,287000,225000,209000,134000,138000,301000,212000,319000,202000,145000,151000,143000,79000,86000,92000,77000,221000,200000,257000,230000,280000,219000,207000,132000,278000,315000,205000,142000,153000,131000,87000,82000,92000,79000,209000,199000,203000,130000,362000,243000,231000,283000,232000,290000,316000,212000,135000,149000,145000,92000,85000,90000,81000,209000,200000,200000,314000,213000,200000,210000,131000,131000,118000,119000,144000,107000,252000,233000,286000,218000,221000,137000,126000,288000,198000,320000,213000,139000,158000,151000,93000,205000,202000,72000,87000,78000,119000,151000,134000,119000,109000,106000,103000,357000,166000,366000,245000,225000,277000,233000,286000,314000,208000,207000,404000,650000,408000,200000,111000,130000,160000,266000,288000,246000,186000,175000,125000,123000,146000,140000,136000,80000,88000,85000,94000,119000,231000,214000,210000,130000,131000,
trans: 187000,137000,112000,117000,162000,294000,96000,171000,120000,107000,239000,138000,152000,248000,390000,270000,220000,175000,338000,139000,146000,157000,175000,273000,146000,361000,179000,439000,297000,358000,245000,339000,210000,165000,176000,117000,130000,154000,141000,151000,171000,115000,131000,156000,136000,154000,155000,174000,347000,284000,177000,244000,248000,253000,374000,243000,293000,296000,279000,226000,198000,143000,166000,121000,125000,122000,159000,130000,108000,104000,109000,120000,96000,177000,146000,167000,169000,115000,136000,150000,143000,151000,187000,120000,135000,144000,144000,148000,148000,171000,333000,319000,179000,247000,246000,251000,342000,270000,281000,234000,203000,147000,170000,114000,118000,128000,113000,117000,109000,95000,114000,122000,101000,164000,213000,174000,281000,237000,203000,136000,162000,263000,160000,365000,269000,187000,116000,137000,153000,138000,151000,179000,118000,131000,152000,150000,161000,152000,172000,367000,287000,179000,242000,239000,267000,355000,509000,282000,300000,336000,235000,205000,142000,165000,120000,126000,130000,120000,127000,107000,93000,119000,121000,96000,165000,214000,168000,204000,171000,137000,171000,129000,116000,111000,123000,118000,178000,123000,138000,151000,144000,153000,192000,124000,138000,155000,140000,154000,169000,179000,309000,282000,168000,243000,253000,255000,357000,229000,276000,298000,290000,249000,205000,142000,162000,116000,110000,117000,93000,117000,122000,100000,159000,220000,166000,121000,122000,113000,301000,232000,252000,355000,218000,245000,171000,131000,113000,104000,123000,114000,100000,215000,325000,295000,350000,279000,178000,125000,136000,153000,136000,142000,181000,122000,136000,148000,143000,148000,152000,174000,326000,282000,182000,239000,241000,261000,355000,239000,298000,279000,244000,206000,154000,156000,383000,288000,185000,99000,103000,113000,100000,194000,162000,215000,136000,190000,251000,175000,255000,116000,122000,116000,114000,125000,111000,274000,167000,143000,
choice: 21000,38000,23000,62000,
equiv1: 120000,167000,217000,89000,305000,292000,114000,6613000,236000,407000,388000,451000,116000,192000,99000,123000,91000,96000,291000,237000,411000,115000,103000,106000,122000,86000,104000,283000,435000,341000,213000,200000,225000,381000,681000,431000,111000,94000,104000,122000,86000,104000,285000,120000,163000,183000,243000,392000,362000,435000,101000,130000,80000,98000,286000,111000,181000,119000,171000,225000,382000,389000,433000,285000,100000,127000,85000,98000,115000,109000,
equiv2: 106000,87000,171000,115000,87000,84000,133000,116000,282000,212000,137000,386000,255000,267000,74000,126000,63000,110000,68000,202000,145000,396000,76000,129000,62000,123000,69000,265000,260000,175000,174000,164000,193000,140000,417000,508000,265000,70000,136000,69000,142000,68000,110000,91000,198000,145000,413000,252000,265000,70000,110000,74000,72000,124000,102000,89000,198000,138000,388000,258000,260000,68000,110000,67000,77000,129000,
or_neg: 218000,183000,200000,157000,954000,951000,918000,966000,1043000,1021000,1200000,983000,1035000,1013000,176000,131000,161000,2334000,2453000,2368000,2380000,2409000,2397000,2488000,2513000,2308000,2418000,2398000,2318000,2478000,2364000,2305000,2287000,2326000,2364000,2363000,2275000,2298000,2399000,2244000,2288000,2384000,2264000,2356000,2295000,2295000,192000,165000,134000,167000,231000,232000,279000,227000,244000,270000,1665000,1709000,1770000,1698000,1821000,1787000,1811000,1684000,1746000,1712000,1740000,1705000,1704000,1663000,1694000,233000,270000,237000,262000,274000,218000,135000,161000,216000,218000,296000,246000,217000,219000,275000,223000,144000,180000,251000,224000,222000,262000,148000,170000,
or_pos: 286000,246000,302000,198000,281000,177000,225000,244000,192000,535000,429000,345000,301000,232000,417000,509000,382000,656000,222000,219000,172000,189000,252000,235000,156000,189000,414000,405000,271000,228000,419000,205000,212000,153000,190000,196000,217000,169000,194000,404000,396000,420000,325000,624000,378000,499000,320000,275000,319000,223000,392000,505000,636000,218000,221000,155000,183000,219000,231000,165000,187000,413000,397000,436000,336000,380000,243000,228000,229000,266000,226000,401000,519000,638000,219000,222000,190000,414000,399000,419000,340000,206000,184000,392000,289000,320000,709000,221000,240000,272000,231000,481000,605000,10314000,742000,418000,323000,189000,225000,186000,197000,177000,246000,160000,196000,378000,480000,
and_neg: 1659000,2958000,4842000,
and_pos: 1174000,1194000,1210000,1276000,1388000,1315000,1272000,1236000,1223000,1362000,1294000,1308000,1190000,1268000,1255000,1217000,1188000,1134000,3440000,3574000,3582000,3659000,3607000,3508000,3420000,3301000,3571000,3415000,3449000,3340000,3440000,3369000,3323000,3290000,3271000,3263000,3244000,3334000,3246000,3337000,36535000,6463000,5263000,3148000,3150000,3127000,3179000,3390000,3634000,3712000,3480000,3415000,3498000,3687000,3617000,3293000,3508000,3355000,3381000,3470000,3404000,3261000,3239000,3335000,3267000,3228000,3172000,3236000,3309000,3194000,3134000,3277000,3169000,3208000,3197000,3174000,2407000,2608000,2486000,2666000,2667000,2557000,2443000,2595000,2466000,2450000,2497000,2442000,2362000,2396000,2546000,2473000,2521000,2756000,2729000,2605000,2556000,2528000,2497000,2487000,2565000,2411000,2517000,2371000,4030000,4025000,4002000,3946000,4205000,4013000,4039000,3961000,4128000,4305000,4248000,3964000,23443000,8011000,3988000,3909000,3865000,4057000,3966000,3820000,3918000,3845000,3936000,3834000,3906000,3764000,4142000,3758000,3879000,3947000,4091000,3863000,3909000,4016000,3950000,3978000,3856000,3959000,3915000,3929000,4021000,4127000,23694000,4137000,3888000,3928000,3857000,3871000,3819000,3866000,3853000,3758000,3853000,3790000,3762000,3811000,3795000,3799000,3859000,3863000,3868000,3796000,3933000,3715000,3766000,3679000,
implies: 248000,253000,1274000,1346000,101000,258000,223000,234000,108000,208000,6612000,209000,237000,103000,324000,290000,470000,208000,175000,222000,2575000,323000,291000,203000,214000,218000,450000,2579000,335000,285000,449000,112000,176000,207000,231000,4175000,236000,214000,339000,293000,460000,207000,236000,121000,324000,453000,7996000,336000,457000,210000,230000,233000,113000,182000,265000,286000,
not_and: 2646000,
not_not: 122000,157000,147000,118000,110000,119000,116000,125000,179000,130000,302000,198000,123000,88000,170000,131000,276000,122000,88000,197000,149000,145000,151000,193000,128000,278000,211000,164000,96000,111000,112000,178000,129000,268000,204000,95000,125000,106000,101000,171000,131000,270000,190000,86000,118000,
parsing: 942118000,
aci_simp: 1014000,997000,1009000,972000,986000,1031000,944000,941000,931000,969000,1003000,987000,957000,943000,990000,1014000,991000,941000,947000,1729000,1340000,967000,934000,956000,939000,986000,
evaluate: 311000,
subproof: 2373000,1776000,2295000,2320000,1031000,1145000,1102000,4674000,1205000,1035000,1128000,8218000,1076000,1126000,1004000,1268000,1203000,1401000,2101000,1050000,1583000,3590000,1243000,1232000,1932000,1035000,1567000,1332000,3619000,1263000,1156000,1342000,1033000,1046000,1592000,1103000,5401000,1098000,1148000,1244000,1167000,1365000,1545000,1149000,1041000,2024000,2099000,5213000,1243000,1357000,1551000,1123000,1118000,1019000,1058000,1127000,1239000,
and_intro: 1289000,4009000,2797000,4765000,
equiv_pos1: 127000,145000,215000,61000,69000,59000,145000,58000,71000,58000,215000,140000,210000,58000,67000,62000,144000,211000,70000,59000,60000,209000,68000,57000,59000,150000,
equiv_pos2: 351000,352000,62000,86000,159000,182000,1978000,188000,130000,60000,60000,59000,102000,112000,333000,315000,347000,62000,58000,62000,114000,112000,327000,45000,308000,385000,58000,60000,60000,107000,127000,5347000,193000,282000,143000,146000,469000,202000,161000,424000,279000,691000,157000,285000,143000,63000,300000,123000,135000,234000,307000,136000,110000,253000,57000,183000,183000,307000,152000,169000,134000,76000,270000,155000,136000,145000,475000,188000,168000,419000,280000,17435000,118000,290000,109000,63000,128000,118000,107000,248000,59000,176000,180000,303000,148000,82000,275000,195000,273000,162000,279000,685000,158000,139000,159000,136000,148000,153000,141000,147000,487000,192000,157000,420000,271000,736000,157000,275000,146000,62000,143000,64000,66000,110000,120000,138000,113000,249000,60000,207000,189000,308000,152000,162000,78000,269000,202000,277000,156000,133000,3856000,329000,337000,58000,87000,328000,141000,143000,463000,197000,178000,433000,276000,733000,158000,284000,58000,174000,183000,308000,153000,76000,296000,196000,282000,156000,341000,141000,79000,271000,118000,149000,240000,227000,277000,211000,511000,674000,312000,259000,58000,81000,151000,146000,473000,190000,155000,276000,686000,159000,269000,194000,280000,57000,174000,191000,299000,149000,83000,267000,347000,337000,160000,148000,86000,147000,60000,64000,118000,116000,135000,107000,248000,305000,157000,133000,425000,
reordering: 464000,272000,511000,245000,325000,347000,459000,212000,229000,334000,2095000,22940000,13964000,210000,301000,322000,211000,227000,241000,7384000,189354000,231000,254000,193485000,248000,251000,994000,719000,572000,447000,337000,519000,735000,966000,736000,914000,671000,964000,1253000,235000,269000,242000,526000,307000,187000,270000,251000,274000,268000,311000,187000,235000,246000,323000,740000,693000,4103000,67835000,472000,344000,499000,725000,954000,225000,271000,462000,493000,299000,174000,229000,255000,261000,270000,289000,196000,230000,237000,313000,724000,684000,719000,553000,939000,1212000,658000,744000,938000,442000,46050000,448000,446000,328000,510000,718000,953000,737000,905000,944000,1284000,227000,264000,272000,260000,291000,179000,225000,254000,266000,261000,316000,199000,238000,235000,324000,743000,689000,758000,549000,659000,333000,49622000,408613000,240000,314000,335000,327000,442000,342000,518000,764000,995000,760000,925000,980000,1270000,251000,267000,267000,301000,226000,247000,321000,722000,696000,778000,572000,239000,268000,207000,244000,486000,627000,368000,479000,1390000,283116000,240000,311000,346000,328000,454000,340000,946000,740000,910000,927000,1211000,741000,1442000,716000,555000,248000,279000,257000,313000,225000,238000,326000,234000,257000,205000,241000,244000,305000,175000,233000,762000,511000,738000,
resolution: 4248000,268000,396000,725000,426000,302000,256000,234000,401000,546000,452000,322000,185000,209000,300000,202000,241000,209000,203000,173000,137000,200000,195000,177000,163000,187000,202000,227000,235000,228000,789000,225000,283000,280000,208000,179000,197000,293000,346000,434000,219000,130000,176000,182000,186000,260000,326000,156000,152000,198000,199000,200000,264000,267000,245000,5035000,3299000,14480000,2184000,1694000,1450000,7831000,382000,1687000,1221000,7781000,221000,132000,213000,149000,146000,174000,200000,165000,197000,275000,268000,144000,268000,238000,257000,217000,163000,138000,182000,176000,244000,268000,205000,244000,251000,200000,190000,197000,166000,203000,332000,397000,376000,210000,192000,322000,395000,363000,239000,238000,7864000,200699000,2604000,2662000,4446000,2654000,67733000,139000,151000,174000,229000,179000,204000,343000,396000,413000,235000,163000,132000,184000,175000,266000,240000,204000,251000,256000,197000,185000,218000,219000,185000,321000,382000,372000,286000,429000,244000,8508000,6898000,70965000,186000,314000,375000,353000,206000,185000,217000,328000,406000,379000,220000,164000,138000,189000,180000,243000,229000,199000,253000,252000,194000,191000,219000,322000,257000,278000,190000,385000,317000,365000,289000,277000,359000,256000,428000,540000,576000,344000,252000,302000,374000,276000,230000,242000,303000,359000,258000,156000,205000,232000,234000,273000,186000,223000,185000,343000,216000,319000,335000,249000,252000,401000,497000,473000,293000,257000,457000,331000,396000,243000,316000,236000,202000,250000,257000,327000,951000,382000,597000,723000,700000,399000,404000,459000,303000,361000,245000,269000,202000,218000,321000,290000,351000,244000,172000,222000,222000,152000,170000,142000,151000,210000,168000,214000,191000,224000,150000,157000,181000,201000,153000,188000,170000,244000,263000,20466000,644000,449000,472000,351000,314000,298000,418000,170000,200000,224000,156000,190000,245000,170000,283000,381000,305000,188000,189000,208000,194000,201000,211000,176000,166000,183000,185000,224000,293000,312000,402000,398000,228000,356000,132000,138000,172000,208000,273000,160000,177000,231000,146000,124000,183000,150000,138000,178000,161000,175000,251000,171000,492000,559000,240000,267000,248000,175000,238000,247000,4842000,40214000,4418000,3212000,2042000,22863000,374000,276000,331000,275000,414000,530000,560000,334000,245000,298000,386000,272000,222000,251000,304000,366000,262000,171000,198000,232000,214000,269000,196000,236000,184000,284000,209000,294000,327000,237000,244000,386000,481000,480000,288000,247000,420000,240000,166000,172000,217000,158000,173000,146000,151000,194000,172000,215000,194000,363000,140000,147000,182000,208000,141000,193000,174000,266000,431000,433000,345000,419000,479000,345000,314000,317000,395000,168000,208000,155000,189000,238000,173000,273000,325000,309000,182000,191000,202000,189000,200000,182000,172000,150000,180000,202000,224000,286000,307000,403000,389000,229000,274000,130000,145000,173000,212000,247000,157000,177000,149000,132000,166000,145000,123000,156000,169000,198000,217000,488000,564000,172000,264000,289000,205000,364000,313000,349000,281000,389000,454000,292000,351000,233000,279000,203000,223000,321000,379000,528000,741000,690000,391000,288000,229000,241000,257000,238000,296000,316000,376000,218000,237000,291000,231000,224000,206000,219000,268000,291000,249000,230000,238000,265000,251000,195000,180000,196000,249000,230000,3155000,2048000,22708000,156000,165000,220000,268000,256000,203000,164000,185000,244000,250000,267000,335000,254000,420000,539000,578000,342000,258000,303000,429000,269000,224000,251000,302000,360000,259000,160000,204000,234000,215000,260000,186000,228000,186000,288000,212000,286000,327000,240000,240000,422000,463000,442000,262000,227000,403000,329000,378000,236000,377000,404000,339000,390000,289000,349000,540000,713000,691000,391000,399000,455000,302000,350000,241000,281000,196000,217000,334000,256000,170000,186000,221000,165000,175000,140000,141000,209000,190000,213000,183000,205000,146000,154000,174000,219000,145000,189000,177000,231000,235000,239000,202000,253000,294000,200000,193000,167000,261000,169000,198000,218000,156000,191000,241000,162000,268000,326000,364000,185000,193000,206000,192000,199000,193000,171000,155000,181000,191000,225000,289000,305000,380000,403000,225000,300000,135000,139000,177000,221000,269000,164000,180000,230000,155000,132000,184000,143000,124000,156000,177000,194000,177000,521000,562000,271000,200000,291000,287000,189000,359000,308000,337000,291000,234000,253000,244000,275000,306000,255000,220000,342000,242000,192000,323000,399000,372000,230000,264000,5451000,5279000,3226000,98543000,489000,204000,323000,403000,369000,210000,211000,201000,238000,189000,197000,181000,147000,170000,168000,150000,151000,164000,196000,179000,185000,254000,236000,194000,321000,390000,361000,217000,266000,341000,266000,412000,565000,558000,330000,268000,761000,374000,280000,214000,246000,306000,369000,294000,156000,206000,230000,211000,263000,202000,231000,172000,274000,206000,297000,322000,227000,240000,373000,475000,463000,262000,224000,385000,328000,384000,239000,298000,225000,203000,232000,286000,347000,551000,751000,681000,400000,409000,477000,296000,356000,236000,282000,202000,217000,329000,234000,215000,191000,197000,192000,202000,178000,175000,198000,179000,190000,221000,261000,310000,381000,394000,223000,289000,142000,153000,208000,214000,266000,164000,200000,152000,150000,184000,146000,148000,240000,494000,553000,189000,258000,289000,185000,364000,314000,356000,283000,183000,220000,188000,167000,231000,141000,139000,170000,196000,186000,164000,181000,152000,203000,331000,398000,381000,224000,194000,213000,152000,146000,169000,199000,136000,187000,165000,212000,236000,247000,211000,277000,295000,193000,181000,175000,269000,282000,351000,358000,291000,312000,371000,308000,493000,639000,537000,309000,302000,329000,523000,685000,622000,330000,415000,402000,392000,405000,493000,514000,366000,367000,527000,362000,8850000,5341000,448537000,197000,205000,216000,211000,192000,174000,129000,178000,167000,157000,147000,171000,181000,185000,183000,236000,208000,365000,215000,271000,332000,255000,433000,537000,573000,337000,253000,306000,378000,274000,218000,252000,312000,364000,255000,162000,207000,241000,212000,268000,209000,226000,187000,287000,214000,395000,330000,382000,243000,299000,229000,197000,222000,290000,345000,529000,695000,670000,402000,407000,459000,300000,344000,233000,282000,212000,227000,324000,218000,204000,456000,506000,333000,621000,559000,689000,469000,201000,228000,226000,202000,183000,191000,153000,189000,191000,231000,268000,308000,386000,390000,253000,261000,128000,147000,169000,205000,225000,171000,182000,156000,132000,146000,151000,134000,162000,480000,534000,193000,224000,327000,400000,384000,243000,172000,206000,336000,403000,402000,216000,173000,172000,220000,154000,165000,226000,147000,140000,196000,168000,186000,147000,174000,235000,190000,215000,148000,154000,175000,200000,134000,188000,165000,221000,244000,241000,212000,255000,254000,202000,190000,180000,232000,170000,196000,214000,158000,186000,213000,169000,272000,322000,297000,173000,179000,195000,304000,370000,353000,205000,236000,232000,230000,240000,280000,357000,283000,293000,187000,310000,312000,231000,226000,231000,371000,469000,442000,264000,252000,
sko_forall: 1332000,863000,901000,879000,2491000,1948000,1447000,2441000,900000,2454000,2469000,1672000,2532000,873000,
contraction: 405000,404000,259000,6422000,1868000,3613000,1859000,3481000,193000,168000,394000,341000,104063000,5046000,26464000,370000,194000,178000,332000,9651000,33249000,341000,364000,189000,168000,514000,434000,698000,269000,365000,287000,341000,451000,19662000,3656000,9661000,487000,442000,365000,342000,297000,339000,446000,686000,3663000,9606000,495000,424000,684000,200000,185000,279000,339000,444000,344000,6081000,41690000,362000,367000,486000,439000,685000,326000,460000,363000,201000,188000,538000,659000,12779000,61527000,489000,679000,336000,453000,366000,374000,219000,176000,286000,335000,439000,
forall_inst: 938000,851000,1190000,1049000,765000,794000,810000,1009000,772000,1231000,853000,1424000,1098000,870000,654000,715000,750000,730000,654000,618000,672000,674000,685000,787000,837000,711000,783000,683000,713000,725000,1001000,824000,1140000,737000,755000,661000,682000,706000,1323000,886000,950000,945000,970000,1112000,757000,883000,979000,922000,804000,1033000,996000,771000,826000,995000,977000,1133000,1213000,1076000,786000,978000,814000,698000,710000,728000,776000,702000,791000,738000,714000,734000,1324000,718000,733000,717000,753000,722000,755000,795000,720000,736000,643000,673000,648000,823000,808000,650000,778000,853000,965000,973000,1085000,735000,841000,963000,883000,799000,791000,755000,698000,728000,714000,677000,780000,760000,676000,1311000,1318000,713000,639000,726000,718000,693000,749000,796000,688000,722000,666000,650000,649000,672000,893000,945000,1158000,1896000,792000,1122000,908000,816000,807000,808000,963000,1072000,973000,738000,917000,775000,829000,692000,798000,798000,707000,922000,964000,1077000,706000,826000,908000,845000,789000,1049000,16950000,1346000,977000,1091000,1199000,1075000,768000,784000,689000,684000,737000,755000,686000,751000,714000,682000,697000,708000,708000,665000,693000,732000,727000,738000,784000,754000,728000,646000,669000,648000,842000,691000,894000,966000,860000,873000,898000,730000,958000,803000,807000,891000,741000,695000,729000,685000,703000,726000,781000,817000,918000,956000,1061000,746000,814000,937000,857000,745000,984000,942000,751000,938000,1129000,1341000,1061000,747000,785000,747000,742000,682000,718000,791000,728000,721000,666000,683000,936000,960000,701000,693000,665000,729000,698000,643000,594000,788000,700000,644000,680000,1331000,1366000,1201000,1263000,1295000,1412000,1480000,1520000,1573000,1655000,1305000,1784000,1503000,721000,702000,718000,678000,636000,708000,749000,1019000,781000,896000,929000,1045000,765000,828000,993000,949000,723000,951000,1059000,1191000,1072000,744000,784000,684000,1686000,909000,729000,715000,740000,735000,701000,718000,653000,757000,799000,688000,686000,675000,674000,721000,662000,559000,677000,739000,688000,665000,671000,682000,669000,621000,675000,691000,726000,806000,836000,822000,896000,40662000,936000,751000,914000,861000,795000,
implies_neg1: 416000,337000,2497000,2484000,126000,309000,282000,311000,134000,289000,6678000,276000,309000,128000,10781000,402000,366000,599000,255000,240000,310000,400000,366000,135000,235000,287000,557000,397000,362000,559000,143000,267000,283000,5031000,5021000,311000,320000,305000,384000,383000,581000,306000,313000,247000,441000,537000,401000,551000,330000,316000,306000,140000,234000,278000,366000,7984000,8116000,
implies_neg2: 376000,505000,1502000,1538000,132000,371000,351000,3532000,376000,133000,326000,10231000,329000,366000,127000,569000,477000,834000,296000,251000,294000,2831000,564000,480000,270000,247000,308000,826000,2687000,564000,460000,830000,141000,244000,307000,337000,4438000,423000,332000,566000,510000,861000,295000,370000,142000,454000,630000,7920000,561000,821000,303000,368000,365000,141000,245000,342000,472000,
__local_input: 57000,46000,89000,56000,59000,34000,63000,56000,42000,32000,22000,18000,31000,44000,57000,89000,66000,61000,57000,43000,28000,45000,62000,50000,35000,703000,46000,77000,93000,125000,108000,31000,57000,14000,91000,58000,63000,32000,62000,57000,42000,32000,23000,27000,16000,40000,29000,51000,26000,20000,30000,24000,15000,19000,39000,65000,51000,28000,69000,200000,428000,112000,60000,168000,279000,243000,46000,192000,102000,84000,234000,147000,50000,45000,106000,52000,40000,22000,62000,138000,54000,30000,133000,34000,78000,77000,78000,44000,53000,48000,54000,49000,57000,46000,50000,29000,46000,61000,47000,48000,53000,52000,36000,52000,58000,43000,31000,48000,103000,119000,92000,56000,63000,56000,55000,86000,32000,79000,44000,28000,88000,58000,164000,105000,76000,43000,90000,64000,49000,59000,57000,36000,48000,50000,52000,52000,46000,52000,52000,61000,46000,56000,90000,82000,47000,49000,59000,53000,49000,32000,46000,65000,53000,63000,43000,39000,16000,44000,28000,39000,83000,84000,122000,105000,32000,47000,21000,26000,17000,40000,30000,18000,48000,24000,19000,29000,31000,41000,57000,68000,60000,57000,89000,35000,47000,42000,42000,39000,34000,30000,84000,40000,46000,34000,58000,121000,107000,61000,29000,77000,43000,40000,16000,87000,63000,21000,47000,25000,65000,37000,60000,49000,44000,15000,57000,18000,35000,34000,39000,
connective_def: 180000,612000,267000,309000,186000,184000,182000,276000,187000,189000,
equiv_simplify: 182000,192000,158000,262000,250000,296000,185000,170000,172000,428000,156000,423000,195000,196000,206000,371000,305000,309000,229000,492000,499000,338000,447000,353000,537000,148000,188000,225000,167000,177000,138000,192000,182000,155000,149000,178000,369000,282000,307000,226000,485000,550000,144000,193000,219000,210000,171000,123000,191000,179000,156000,140000,175000,370000,334000,534000,356000,443000,259000,288000,244000,285000,248000,276000,305000,221000,477000,508000,667000,811000,339000,534000,133000,189000,202000,166000,185000,136000,189000,182000,151000,140000,173000,383000,308000,194000,183000,165000,252000,285000,301000,236000,490000,485000,335000,455000,339000,535000,179000,135000,197000,173000,149000,137000,168000,384000,144000,181000,207000,310000,171000,186000,167000,243000,277000,293000,213000,482000,477000,342000,431000,336000,525000,374000,173000,134000,197000,176000,156000,150000,166000,148000,187000,202000,189000,
implies_simplify: 7333000,
__normalized_input: 1842000,1846000,1789000,1806000,1695000,1722000,1663000,1596000,1505000,1469000,1381000,1334000,1106000,997000,784000,862000,639000,672000,749000,669000,631000,613000,423000,521000,629000,
rare_rewrite_eq-symm: 283000,153000,285000,250000,274000,238000,236000,280000,203000,237000,384000,711000,141000,105000,171000,158000,145000,106000,136000,199000,235000,380000,168000,154000,136000,695000,131000,102000,140000,105000,199000,233000,370000,710000,139000,105000,168000,161000,157000,136000,112000,239000,262000,237000,217000,237000,428000,699000,138000,158000,166000,284000,177000,307000,451000,250000,184000,190000,225000,700000,137000,160000,253000,266000,140000,100000,165000,233000,136000,103000,375000,
rare_rewrite_bool-eq-false: 6519000,6712000,6275000,6399000,6059000,6060000,5816000,6207000,6343000,6447000,
rare_rewrite_bool-impl-elim: 7232000,6143000,6153000,6003000,5915000,6234000,6025000,6309000,6367000,6180000,6342000,6114000,5878000,5973000,5915000,5941000,6033000,5882000,5833000,6015000,5910000,5912000,6054000,5937000,6162000,6142000,6148000,6263000,6135000,6091000,6034000,7168000,5833000,5974000,6218000,6433000,6073000,6036000,11604000,11532000,6560000,11371000,11116000,8863000,5959000,5688000,5770000,5821000,5842000,
rare_rewrite_bool-impl-false1: 5786000,5848000,6163000,5882000,5844000,6196000,5544000,5659000,5952000,5524000,5658000,5976000,5691000,5713000,6097000,6014000,6332000,6336000,5713000,5699000,5965000,5924000,7600000,6593000,5761000,5845000,6170000,5695000,6006000,6146000,
rare_rewrite_bool-and-de-morgan: 5779000,5973000,6137000,5842000,6087000,5989000,5870000,5873000,5535000,5619000,5724000,5780000,6005000,5927000,6134000,5763000,5832000,5972000,5638000,5954000,25683000,15335000,8591000,5829000,5936000,5878000,
rare_rewrite_bool-double-not-elim: 133000,112000,81000,120000,89000,117000,86000,149000,181000,71000,72000,80000,64000,69000,77000,182000,233000,91000,106000,64000,69000,77000,90000,72000,74000,94000,122000,107000,94000,68000,75000,78000,65000,70000,74000,96000,115000,109000,93000,216000,71000,83000,79000,71000,79000,80000,113000,164000,232000,144000,71000,73000,81000,70000,81000,75000,126000,92000,118000,86000,

