1; Draft.Scratch_smt_check_7_20975; 2026-04-10 13:50:20.117;
bind: 181000,202000,228000,226000,217000,184000,211000,208000,221000,225000,187000,197000,210000,218000,213000,214000,206000,238000,252000,249000,243000,249000,249000,246000,245000,258000,253000,276000,243000,256000,243000,257000,348000,450000,451000,465000,432000,455000,442000,441000,463000,477000,468000,492000,254000,258000,258000,251000,253000,276000,257000,246000,
cong: 104000,57000,69000,83000,95000,56000,62000,53000,102000,55000,69000,55000,87000,483000,252000,173000,91000,71000,300000,75000,74000,198000,122000,66000,49000,52000,92000,250000,74000,101000,68000,74000,111000,77000,110000,75000,103000,68000,80000,114000,237000,144000,173000,171000,95000,121000,75000,58000,55000,83000,118000,76000,104000,72000,79000,115000,84000,114000,80000,109000,70000,74000,109000,263000,133000,224000,170000,93000,121000,83000,126000,153000,188000,126000,129000,204000,144000,180000,135000,207000,106000,132000,184000,401000,287000,279000,349000,170000,228000,123000,92000,89000,249000,227000,208000,111000,95000,101000,130000,78000,71000,236000,224000,223000,187000,135000,184000,133000,230000,108000,135000,218000,154000,206000,130000,196000,110000,129000,188000,452000,230000,281000,319000,175000,229000,98000,58000,67000,83000,121000,84000,110000,71000,106000,138000,79000,115000,79000,109000,71000,80000,116000,228000,136000,169000,172000,96000,124000,66000,52000,60000,496000,
ite1: 215000,
ite2: 191000,
refl: 31000,312000,30000,314000,34000,306000,74000,45000,28000,24000,18000,27000,27000,24000,19000,27000,35000,20000,62000,46000,26000,21000,28000,29000,28000,21000,27000,35000,20000,62000,32000,49000,29000,46000,49000,43000,29000,46000,64000,62000,120000,77000,49000,45000,28000,48000,46000,45000,31000,47000,63000,33000,119000,67000,27000,21000,28000,27000,26000,21000,30000,36000,20000,64000,44000,82000,79000,49000,55000,
symm: 179000,201000,176000,209000,171000,206000,190000,198000,138000,170000,189000,116000,218000,227000,264000,258000,372000,123000,
true: 76000,
trans: 168000,168000,177000,157000,121000,197000,197000,205000,195000,175000,168000,177000,160000,121000,206000,191000,199000,200000,229000,172000,168000,179000,158000,137000,196000,191000,195000,196000,189000,208000,250000,222000,233000,228000,236000,254000,223000,232000,276000,222000,230000,202000,214000,232000,402000,410000,460000,810000,276000,285000,335000,420000,413000,402000,409000,479000,221000,232000,256000,235000,249000,
equiv1: 241000,348000,351000,693000,1603000,767000,364000,
equiv2: 115000,303000,137000,139000,
or_neg: 365000,370000,348000,344000,338000,356000,215000,223000,246000,714000,755000,768000,694000,759000,677000,
and_neg: 420000,220000,991000,
and_pos: 182000,393000,348000,338000,321000,333000,395000,350000,340000,329000,340000,473000,468000,425000,415000,405000,400000,401000,426000,462000,478000,400000,876000,966000,989000,1002000,940000,892000,467000,534000,512000,473000,460000,470000,
implies: 421000,407000,234000,273000,510000,263000,458000,543000,497000,859000,270000,
not_and: 740000,
not_not: 131000,153000,
parsing: 103706000,
aci_simp: 924000,971000,925000,961000,905000,961000,
evaluate: 206000,196000,201000,257000,
onepoint: 1029000,1025000,1020000,
qnt_join: 212000,211000,209000,
subproof: 1307000,1351000,1147000,1250000,1410000,1232000,1456000,2422000,2815000,2323000,1872000,1280000,
and_intro: 379000,467000,523000,
equiv_pos1: 73000,
equiv_pos2: 103000,106000,108000,450000,205000,287000,293000,115000,127000,235000,126000,140000,146000,273000,295000,132000,154000,136000,268000,290000,258000,256000,535000,548000,263000,291000,147000,256000,263000,524000,556000,128000,29000,136000,155000,293000,291000,126000,564000,
not_equiv1: 374000,
not_equiv2: 215000,
reordering: 262000,1653000,1653000,304000,359000,2108000,2104000,509000,813000,5577000,3315000,
resolution: 300000,217000,195000,211000,182000,226000,2810000,200000,252000,963000,3423000,789000,534000,473000,11838000,234000,191000,242000,529000,464000,1483000,230000,180000,191000,236000,219000,422000,465000,350000,367000,290000,209000,239000,313000,371000,369000,211000,254000,184000,246000,206000,238000,271000,349000,374000,405000,402000,265000,290000,269000,792000,590000,484000,1661000,222000,206000,258000,210000,226000,272000,316000,348000,412000,384000,237000,291000,287000,633000,476000,1688000,251000,349000,542000,599000,715000,691000,431000,507000,493000,361000,377000,489000,553000,1900000,6383000,767000,789000,1129000,842000,3971000,336000,366000,387000,459000,547000,552000,661000,746000,700000,429000,503000,556000,338000,389000,185000,239000,1053000,957000,2502000,244000,280000,330000,377000,414000,415000,250000,324000,332000,230000,213000,307000,
contraction: 1242000,574000,703000,556000,685000,391000,337000,385000,638000,795000,395000,610000,797000,730000,2672000,1237000,1743000,738000,1113000,1362000,401000,
forall_inst: 717000,651000,694000,780000,722000,762000,885000,740000,798000,853000,1594000,1392000,1407000,1403000,1646000,828000,923000,791000,856000,
implies_neg1: 616000,617000,294000,331000,335000,623000,1462000,1471000,638000,822000,346000,1215000,
implies_neg2: 489000,488000,317000,371000,515000,375000,509000,696000,901000,1398000,1184000,386000,
__local_input: 50000,36000,32000,32000,38000,56000,40000,36000,52000,73000,125000,142000,128000,171000,49000,54000,70000,96000,139000,104000,110000,87000,90000,116000,175000,34000,38000,52000,57000,64000,100000,138000,35000,56000,56000,59000,64000,104000,
qnt_rm_unused: 260000,839000,272000,838000,269000,930000,
equiv_simplify: 185000,323000,453000,453000,945000,870000,211000,234000,510000,
implies_simplify: 1750000,
__normalized_input: 7709000,7784000,2865000,2267000,2284000,999000,907000,889000,
rare_rewrite_ite-eq: 6635000,
rare_rewrite_eq-refl: 109000,113000,112000,224000,219000,447000,458000,236000,
rare_rewrite_eq-symm: 116000,108000,110000,274000,245000,107000,106000,238000,160000,162000,108000,119000,118000,159000,116000,109000,114000,112000,150000,137000,204000,235000,244000,284000,277000,287000,202000,279000,212000,288000,119000,115000,129000,122000,163000,
rare_rewrite_or-not-refl: 6264000,6218000,6173000,
rare_rewrite_bool-impl-elim: 6543000,6195000,6249000,
rare_rewrite_bool-double-not-elim: 128000,159000,173000,

