1; Draft.Scratch_smt_check_7_7153; 2026-04-10 13:47:35.472;
bind: 688000,348000,368000,359000,393000,395000,338000,370000,348000,392000,347000,152000,366000,
cong: 334000,345000,304000,229000,123000,241000,187000,194000,203000,217000,191000,139000,126000,195000,177000,184000,275000,138000,99000,59000,
refl: 109000,110000,
symm: 309000,305000,99000,139000,
false: 18000,
trans: 277000,643000,624000,717000,642000,624000,544000,350000,331000,373000,329000,348000,346000,356000,367000,347000,302000,343000,326000,339000,311000,229000,178000,
equiv2: 96000,119000,
or_pos: 208000,200000,224000,
implies: 257000,
not_not: 174000,
parsing: 37730000,
aci_simp: 1547000,1247000,1000000,
evaluate: 227000,269000,
qnt_join: 378000,406000,
subproof: 1793000,
equiv_pos2: 236000,233000,341000,193000,74000,198000,40000,
reordering: 240000,205000,292000,
resolution: 240000,307000,345000,381000,426000,596000,356000,521000,596000,426000,408000,197000,233000,318000,203000,163000,221000,160000,190000,230000,324000,
contraction: 477000,
forall_inst: 974000,837000,681000,825000,
implies_neg1: 451000,
implies_neg2: 461000,
__local_input: 139000,
connective_def: 520000,384000,500000,407000,
equiv_simplify: 180000,181000,
miniscope_split: 479000,457000,
__normalized_input: 7110000,7001000,1715000,1858000,1748000,
rare_rewrite_eq-refl: 179000,
rare_rewrite_eq-symm: 448000,255000,120000,
rare_rewrite_bool-impl-elim: 6309000,6330000,
rare_rewrite_bool-and-de-morgan: 7348000,7218000,6968000,6918000,
rare_rewrite_bool-double-not-elim: 636000,333000,355000,314000,

