1; Draft.Scratch_smt_check_7_20650; 2026-04-10 13:47:35.015;
bind: 245000,198000,207000,299000,298000,309000,297000,227000,200000,195000,
cong: 52000,51000,127000,147000,125000,246000,248000,69000,253000,194000,212000,182000,283000,112000,123000,58000,160000,
refl: 85000,86000,87000,29000,81000,26000,19000,96000,33000,26000,
trans: 190000,190000,218000,198000,294000,293000,296000,279000,289000,272000,278000,288000,272000,208000,193000,280000,
equiv1: 181000,
or_pos: 383000,
parsing: 18487000,
aci_simp: 1191000,1083000,1150000,
equiv_pos2: 39000,143000,253000,
reordering: 505000,
resolution: 275000,193000,184000,303000,412000,362000,
forall_inst: 878000,
connective_def: 279000,
__normalized_input: 20417000,3098000,805000,848000,1064000,1170000,
rare_rewrite_eq-symm: 90000,94000,
rare_rewrite_bool-impl-elim: 6315000,6282000,
rare_rewrite_bool-impl-false1: 6557000,6735000,
rare_rewrite_bool-and-de-morgan: 6272000,6254000,6846000,6565000,6254000,
rare_rewrite_bool-double-not-elim: 217000,101000,

