1; Draft.Scratch_smt_check_7_21330; 2026-04-10 13:47:35.416;
bind: 236000,241000,425000,
cong: 256000,181000,
trans: 407000,261000,
and_neg: 650000,
and_pos: 625000,754000,598000,
implies: 286000,768000,
parsing: 10457000,
subproof: 1203000,2672000,
equiv_pos2: 128000,140000,297000,253000,
reordering: 1080000,2030000,
resolution: 231000,216000,252000,337000,414000,385000,226000,276000,249000,1032000,897000,803000,1525000,402000,463000,398000,
contraction: 403000,1051000,1118000,
forall_inst: 863000,934000,1573000,1399000,
implies_neg1: 392000,1139000,
implies_neg2: 404000,961000,
__local_input: 88000,64000,127000,89000,
__normalized_input: 4275000,3837000,3644000,3661000,
rare_rewrite_eq-symm: 210000,208000,317000,399000,

