1; Draft.Scratch_smt_check_7_16271; 2026-04-10 13:46:45.525;
and: 124000,121000,118000,
bind: 141000,159000,164000,243000,221000,235000,205000,224000,267000,135000,162000,168000,252000,223000,135000,169000,160000,253000,212000,
cong: 160000,90000,67000,125000,129000,89000,167000,133000,98000,161000,233000,142000,90000,119000,915000,160000,83000,55000,129000,129000,124000,80000,88000,158000,83000,56000,122000,132000,1118000,
refl: 28000,359000,69000,75000,38000,128000,67000,65000,69000,117000,27000,295000,66000,76000,39000,28000,292000,66000,75000,36000,
symm: 137000,180000,141000,266000,153000,235000,270000,144000,269000,136000,174000,152000,131000,220000,142000,146000,176000,
trans: 182000,181000,207000,134000,107000,90000,157000,142000,162000,148000,234000,157000,197000,199000,151000,192000,181000,161000,184000,238000,240000,252000,154000,227000,186000,205000,136000,109000,77000,151000,136000,150000,148000,251000,161000,152000,182000,185000,202000,135000,109000,77000,149000,140000,169000,163000,226000,149000,
equiv1: 1377000,1491000,
equiv2: 218000,403000,122000,220000,
or_neg: 745000,651000,608000,607000,638000,615000,626000,651000,756000,653000,611000,664000,
or_pos: 222000,721000,618000,207000,416000,
and_pos: 906000,778000,824000,774000,876000,832000,794000,881000,906000,883000,777000,835000,809000,943000,483000,500000,475000,464000,443000,438000,505000,475000,456000,482000,
implies: 1450000,782000,
not_and: 664000,682000,
not_not: 204000,127000,
parsing: 51841000,
aci_simp: 990000,1023000,1519000,1066000,901000,1002000,1219000,971000,
evaluate: 216000,389000,188000,242000,197000,
onepoint: 967000,944000,973000,
qnt_join: 189000,173000,187000,
subproof: 2690000,3163000,1399000,1805000,
and_intro: 945000,493000,
equiv_pos2: 163000,141000,280000,60000,1033000,154000,44000,165000,1119000,
reordering: 283000,1260000,6014000,6873000,1439000,1141000,1276000,4078000,271000,2808000,16755000,
resolution: 247000,199000,223000,275000,256000,308000,277000,292000,359000,307000,591000,301000,300000,2035000,7579000,692000,683000,952000,740000,4767000,252000,252000,360000,311000,328000,351000,1744000,1478000,5115000,271000,322000,1450000,4787000,728000,821000,1033000,799000,1817000,157000,157000,203000,216000,267000,266000,213000,1021000,897000,2359000,209000,264000,272000,
contraction: 3083000,1101000,1789000,2008000,2641000,2136000,1262000,1592000,1084000,1245000,
forall_inst: 948000,1028000,1703000,1250000,1259000,1181000,1217000,1238000,1281000,799000,844000,
implies_neg1: 1424000,2262000,800000,2271000,
implies_neg2: 856000,2122000,869000,1195000,
__local_input: 68000,35000,38000,38000,74000,82000,45000,71000,34000,39000,36000,81000,54000,79000,35000,46000,36000,32000,41000,58000,89000,85000,77000,101000,
qnt_rm_unused: 238000,1135000,232000,1091000,270000,1089000,
equiv_simplify: 376000,646000,222000,318000,
implies_simplify: 1637000,1724000,
__normalized_input: 10646000,10296000,9338000,1935000,1842000,1521000,1627000,1167000,1174000,1192000,
miniscope_distribute: 365000,350000,352000,
rare_rewrite_eq-refl: 80000,72000,78000,
rare_rewrite_eq-symm: 109000,
rare_rewrite_or-not-refl: 6337000,6061000,6229000,
rare_rewrite_bool-impl-elim: 6419000,6430000,6244000,6114000,
rare_rewrite_bool-impl-false1: 5976000,5996000,27240000,
rare_rewrite_bool-or-de-morgan: 5944000,5837000,5879000,
rare_rewrite_bool-and-de-morgan: 5873000,6572000,
rare_rewrite_bool-or-and-distrib: 5989000,6163000,6225000,
rare_rewrite_bool-double-not-elim: 90000,109000,95000,243000,265000,

