1; Draft.Scratch_smt_check_7_27003; 2026-04-10 13:49:51.218;
bind: 358000,343000,360000,338000,223000,244000,274000,256000,249000,354000,334000,326000,344000,407000,563000,665000,697000,354000,710000,458000,2425000,429000,385000,348000,315000,328000,345000,198000,355000,397000,406000,357000,327000,356000,343000,166000,224000,242000,243000,269000,236000,308000,322000,186000,365000,422000,316000,350000,328000,205000,354000,412000,441000,351000,369000,347000,328000,166000,216000,238000,259000,253000,242000,521000,549000,300000,
cong: 203000,141000,166000,207000,129000,157000,352000,318000,158000,64000,148000,127000,80000,276000,160000,195000,148000,198000,126000,122000,192000,194000,161000,133000,229000,520000,453000,237000,477000,252000,271000,346000,264000,276000,177000,397000,263000,196000,197000,116000,116000,112000,150000,203000,151000,194000,125000,124000,184000,217000,121000,119000,183000,346000,328000,178000,197000,189000,198000,124000,123000,104000,192000,120000,162000,200000,128000,161000,352000,304000,96000,161000,67000,146000,125000,81000,269000,156000,277000,140000,153000,152000,130000,144000,78000,135000,189000,152000,215000,120000,130000,188000,191000,122000,129000,188000,343000,336000,186000,213000,197000,223000,144000,132000,101000,192000,117000,153000,195000,115000,161000,348000,299000,86000,159000,60000,147000,145000,75000,271000,158000,489000,261000,238000,259000,218000,231000,411000,1010000,
refl: 54000,62000,66000,40000,402000,45000,107000,110000,28000,130000,38000,40000,39000,49000,72000,206000,214000,150000,34000,122000,38000,41000,37000,39000,44000,50000,53000,56000,61000,42000,406000,45000,106000,103000,103000,109000,29000,130000,46000,39000,38000,45000,42000,53000,54000,55000,61000,38000,405000,39000,106000,106000,100000,195000,182000,167000,118000,
symm: 214000,380000,330000,205000,212000,258000,293000,188000,214000,
trans: 316000,291000,293000,198000,208000,317000,279000,344000,243000,213000,202000,201000,211000,228000,108000,224000,236000,269000,186000,203000,305000,235000,253000,230000,241000,290000,247000,265000,219000,218000,207000,311000,256000,276000,213000,215000,203000,591000,492000,632000,439000,538000,575000,1389000,555000,341000,278000,291000,306000,389000,389000,324000,245000,283000,234000,242000,316000,270000,286000,216000,212000,199000,302000,249000,265000,215000,208000,190000,227000,246000,380000,342000,339000,290000,308000,315000,270000,287000,182000,194000,310000,274000,340000,191000,210000,199000,207000,206000,206000,111000,274000,228000,265000,173000,198000,284000,239000,238000,193000,211000,343000,294000,252000,247000,283000,235000,342000,305000,303000,220000,204000,199000,288000,245000,262000,211000,208000,197000,241000,253000,369000,339000,351000,305000,332000,324000,267000,285000,194000,204000,318000,270000,289000,187000,196000,215000,194000,198000,190000,101000,232000,227000,238000,182000,203000,508000,450000,443000,350000,
equiv1: 989000,
equiv2: 393000,424000,
or_neg: 405000,398000,392000,454000,
or_pos: 352000,291000,439000,958000,1399000,693000,732000,478000,683000,182000,359000,733000,477000,660000,345000,321000,514000,268000,182000,352000,738000,464000,671000,329000,607000,889000,504000,
and_pos: 527000,360000,583000,680000,798000,744000,702000,559000,164000,275000,563000,536000,545000,627000,555000,158000,552000,
implies: 405000,255000,319000,500000,320000,356000,257000,252000,1053000,320000,376000,248000,273000,
not_and: 453000,
not_not: 286000,
parsing: 63944000,
aci_simp: 1193000,1021000,1060000,1343000,9185000,1003000,965000,1070000,1048000,1126000,1042000,1187000,1056000,1112000,1194000,1026000,2043000,3715000,2996000,1089000,1089000,1343000,1058000,1212000,996000,1075000,1149000,995000,1057000,1087000,1077000,1130000,1117000,973000,963000,1172000,1000000,999000,979000,1045000,1050000,1010000,1093000,1050000,1717000,1150000,1064000,1162000,1046000,1149000,1114000,1996000,1279000,1120000,963000,960000,1124000,975000,997000,906000,1085000,1034000,1814000,
evaluate: 202000,213000,228000,184000,
onepoint: 1268000,1222000,1195000,
qnt_join: 257000,251000,243000,
subproof: 6973000,1241000,2069000,3008000,2027000,1990000,1832000,1132000,1154000,1994000,1985000,1850000,1130000,2144000,
and_intro: 725000,
equiv_pos1: 91000,91000,173000,
equiv_pos2: 230000,242000,454000,144000,224000,189000,347000,243000,218000,286000,579000,197000,349000,356000,628000,411000,176000,188000,85000,445000,169000,286000,235000,214000,220000,422000,101000,238000,290000,231000,234000,444000,101000,41000,138000,184000,185000,335000,185000,183000,337000,205000,92000,89000,30000,240000,217000,227000,424000,123000,237000,288000,234000,232000,449000,97000,42000,133000,196000,184000,339000,184000,356000,739000,397000,164000,175000,1308000,
reordering: 547000,350000,425000,466000,1669000,681000,735000,520000,446000,1026000,1135000,1394000,728000,884000,1265000,3404000,212000,528000,1367000,724000,888000,1259000,248000,194000,532000,585000,785000,360000,348000,358000,437000,2927000,208000,525000,1374000,740000,877000,1254000,225000,200000,512000,1138000,1658000,736000,704000,776000,876000,
resolution: 261000,305000,410000,375000,566000,587000,718000,423000,359000,239000,275000,269000,184000,209000,253000,360000,422000,403000,216000,275000,391000,636000,333000,324000,481000,373000,413000,540000,722000,470000,329000,392000,462000,685000,430000,402000,428000,473000,725000,870000,718000,472000,578000,410000,715000,736000,767000,377000,476000,520000,689000,901000,751000,435000,545000,602000,422000,894000,904000,852000,827000,2196000,447000,645000,1499000,869000,2188000,199000,284000,267000,389000,604000,372000,313000,467000,326000,407000,528000,697000,456000,337000,176000,208000,233000,313000,447000,305000,224000,470000,512000,346000,296000,418000,350000,440000,557000,658000,384000,328000,171000,174000,167000,232000,230000,262000,259000,191000,215000,240000,367000,413000,383000,206000,259000,222000,205000,233000,349000,418000,394000,226000,260000,169000,317000,366000,319000,234000,295000,253000,259000,408000,1245000,1075000,1896000,392000,579000,354000,358000,514000,456000,399000,527000,693000,448000,328000,186000,222000,257000,323000,473000,329000,220000,488000,524000,365000,290000,401000,329000,423000,568000,661000,386000,314000,161000,170000,162000,216000,229000,258000,237000,182000,207000,245000,346000,415000,383000,209000,248000,206000,208000,258000,368000,526000,663000,391000,440000,300000,541000,616000,482000,427000,511000,376000,
contraction: 560000,385000,474000,762000,1153000,1533000,1286000,460000,508000,417000,384000,1459000,1546000,456000,523000,368000,410000,
forall_inst: 958000,791000,839000,1282000,1977000,1479000,1870000,2224000,3179000,2873000,1883000,1411000,1229000,889000,675000,1126000,1397000,966000,742000,822000,819000,845000,1116000,899000,1585000,890000,685000,1139000,1415000,866000,657000,744000,812000,1529000,1907000,1605000,
implies_neg1: 484000,373000,666000,681000,433000,466000,366000,415000,1006000,438000,460000,352000,702000,2752000,
implies_neg2: 533000,371000,462000,775000,834000,460000,505000,361000,372000,1453000,583000,539000,359000,20410000,
__local_input: 133000,76000,367000,211000,137000,152000,96000,74000,66000,45000,61000,90000,129000,125000,67000,173000,102000,84000,93000,143000,
equiv_simplify: 479000,536000,
implies_simplify: 1213000,
__normalized_input: 13888000,13368000,7759000,7637000,6467000,5719000,5882000,4604000,4433000,4279000,3584000,3424000,1450000,742000,1021000,870000,
rare_rewrite_eq-refl: 98000,108000,97000,
rare_rewrite_eq-symm: 171000,168000,103000,114000,320000,336000,160000,169000,142000,99000,111000,146000,165000,179000,135000,119000,106000,260000,
rare_rewrite_or-not-refl: 6597000,19028000,5743000,
rare_rewrite_bool-impl-elim: 9811000,8199000,6462000,6543000,6840000,7639000,57322000,15823000,15169000,6006000,6166000,5976000,5743000,5973000,6079000,6556000,6193000,5990000,6586000,6189000,6747000,5988000,6204000,5939000,5948000,5790000,10693000,
rare_rewrite_bool-impl-false1: 15662000,18793000,6275000,6435000,5961000,6326000,6062000,8251000,6797000,6767000,19671000,11098000,
rare_rewrite_bool-and-de-morgan: 6626000,15922000,6309000,6498000,6164000,6192000,6303000,6082000,6249000,6326000,6041000,6221000,6649000,19381000,16112000,7565000,6190000,5868000,5613000,5787000,14782000,5556000,5645000,5761000,5742000,6137000,5720000,5661000,5956000,5970000,5839000,6339000,5891000,5987000,5832000,5760000,5823000,5940000,6399000,6963000,6005000,6713000,5570000,5657000,5501000,5744000,5558000,11027000,
rare_rewrite_bool-double-not-elim: 473000,524000,281000,187000,285000,345000,827000,

