1; Draft.Scratch_smt_check_7_6871; 2026-04-10 13:48:30.413;
bind: 429000,390000,268000,411000,413000,170000,127000,225000,226000,151000,252000,414000,735000,249000,231000,713000,166000,236000,228000,
cong: 202000,115000,199000,116000,399000,306000,151000,202000,108000,115000,205000,107000,115000,383000,284000,123000,57000,119000,40000,60000,41000,56000,65000,70000,137000,124000,136000,74000,75000,391000,298000,141000,97000,72000,85000,105000,74000,67000,193000,124000,118000,322000,192000,198000,709000,452000,196000,85000,66000,86000,71000,84000,114000,122000,139000,106000,124000,237000,349000,172000,114000,70000,133000,127000,139000,105000,78000,78000,
refl: 74000,141000,71000,139000,51000,59000,150000,58000,161000,50000,19000,15000,18000,45000,55000,282000,101000,298000,87000,27000,28000,26000,30000,126000,145000,16000,
symm: 101000,93000,121000,74000,181000,126000,142000,209000,183000,145000,315000,98000,126000,
trans: 345000,280000,298000,152000,174000,340000,279000,294000,155000,171000,175000,198000,326000,252000,281000,167000,167000,167000,330000,271000,410000,171000,175000,173000,176000,96000,80000,125000,117000,141000,207000,203000,246000,179000,184000,198000,148000,337000,256000,275000,162000,160000,168000,625000,503000,528000,398000,315000,297000,353000,176000,157000,248000,200000,254000,661000,543000,617000,300000,295000,118000,207000,203000,
choice: 58000,
equiv1: 89000,104000,95000,177000,170000,179000,
equiv2: 78000,80000,87000,176000,164000,162000,
or_neg: 162000,167000,128000,177000,179000,154000,150000,168000,134000,194000,183000,163000,
or_pos: 318000,231000,362000,168000,168000,356000,220000,358000,309000,632000,168000,305000,
and_neg: 499000,
and_pos: 306000,304000,350000,372000,329000,340000,
implies: 358000,322000,444000,352000,624000,
parsing: 75011000,
aci_simp: 1162000,969000,1215000,957000,1053000,1196000,985000,1215000,978000,1014000,1186000,992000,2278000,1844000,2290000,1791000,
subproof: 1909000,2480000,1412000,1866000,4490000,
equiv_pos1: 57000,100000,
equiv_pos2: 260000,266000,503000,164000,289000,289000,498000,113000,82000,76000,133000,130000,149000,75000,497000,158000,531000,558000,1058000,139000,138000,278000,85000,117000,136000,133000,152000,
reordering: 454000,280000,546000,190000,178000,177000,496000,223000,236000,708000,2186000,276000,528000,365000,1068000,503000,187000,180000,460000,222000,
resolution: 313000,287000,401000,318000,415000,363000,460000,576000,672000,405000,339000,227000,298000,308000,171000,328000,469000,397000,439000,578000,737000,469000,354000,137000,147000,137000,150000,183000,205000,161000,250000,298000,148000,145000,170000,207000,241000,154000,204000,167000,286000,289000,266000,306000,147000,210000,823000,549000,473000,1846000,304000,383000,432000,569000,660000,426000,214000,270000,284000,164000,313000,449000,353000,807000,1002000,1280000,838000,614000,259000,262000,253000,265000,247000,269000,308000,382000,276000,365000,265000,351000,504000,668000,581000,168000,192000,226000,154000,256000,286000,175000,280000,277000,266000,336000,
sko_forall: 1144000,1180000,
contraction: 557000,520000,221000,258000,606000,823000,537000,981000,215000,252000,
forall_inst: 914000,975000,786000,942000,678000,638000,644000,687000,924000,777000,1681000,1190000,1206000,1166000,1203000,681000,
implies_neg1: 536000,463000,486000,867000,669000,
implies_neg2: 529000,479000,510000,519000,844000,
__local_input: 113000,146000,109000,211000,19000,21000,35000,44000,27000,50000,
equiv_simplify: 144000,158000,147000,169000,151000,166000,275000,314000,270000,301000,350000,298000,
__normalized_input: 13678000,8661000,8588000,6872000,2966000,851000,801000,582000,518000,509000,506000,504000,748000,548000,676000,
rare_rewrite_eq-symm: 247000,79000,184000,103000,106000,235000,148000,344000,187000,191000,
rare_rewrite_bool-impl-elim: 6789000,18782000,6605000,6714000,6858000,6243000,6237000,12059000,13474000,10314000,5930000,
rare_rewrite_bool-impl-false1: 5798000,6056000,5805000,6058000,
rare_rewrite_bool-and-de-morgan: 6311000,6406000,6226000,6535000,6334000,6172000,6258000,6308000,6186000,6395000,6473000,5732000,5595000,24229000,11467000,11369000,11538000,11586000,11711000,11393000,11701000,5896000,
rare_rewrite_bool-double-not-elim: 85000,136000,89000,138000,

