1; Draft.Scratch_smt_check_7_31920; 2026-04-10 13:50:10.604;
bind: 486000,905000,514000,397000,457000,444000,704000,
cong: 300000,466000,968000,560000,558000,168000,
refl: 131000,293000,
trans: 952000,420000,665000,
or_pos: 439000,406000,417000,644000,
and_neg: 597000,
and_pos: 363000,401000,
implies: 910000,
parsing: 10352000,
aci_simp: 8617000,2663000,1915000,2617000,
not_symm: 210000,
subproof: 2829000,
equiv_pos1: 359000,
equiv_pos2: 645000,652000,1334000,237000,253000,237000,458000,
reordering: 512000,516000,547000,527000,832000,527000,1070000,1387000,
resolution: 212000,299000,393000,1017000,1251000,1123000,543000,737000,418000,762000,389000,407000,477000,378000,405000,477000,485000,465000,877000,321000,464000,500000,590000,
contraction: 1447000,
forall_inst: 2065000,1468000,1393000,1412000,1675000,
implies_neg1: 1271000,
implies_neg2: 1320000,
__local_input: 311000,
__normalized_input: 35017000,31219000,16230000,15753000,15777000,567000,656000,
rare_rewrite_eq-symm: 939000,417000,357000,324000,
rare_rewrite_bool-impl-elim: 12227000,12196000,12811000,12840000,

