1; Draft.Scratch_smt_check_7_20156; 2026-04-10 13:47:02.940;
bind: 163000,187000,155000,157000,174000,164000,312000,300000,217000,208000,487000,437000,416000,194000,182000,163000,186000,182000,167000,167000,166000,445000,465000,260000,238000,451000,441000,268000,242000,264000,277000,214000,310000,335000,242000,356000,346000,262000,283000,230000,313000,336000,241000,345000,338000,485000,440000,455000,176000,185000,174000,176000,179000,167000,162000,161000,446000,427000,260000,242000,459000,430000,255000,246000,157000,170000,165000,167000,182000,158000,320000,306000,223000,214000,488000,433000,421000,179000,182000,163000,184000,178000,159000,160000,163000,451000,450000,259000,233000,444000,422000,264000,242000,163000,175000,161000,157000,171000,196000,324000,568000,379000,391000,491000,509000,395000,546000,617000,430000,636000,607000,
cong: 149000,156000,147000,82000,46000,47000,93000,84000,64000,50000,91000,153000,154000,151000,100000,59000,76000,86000,55000,157000,149000,239000,99000,55000,51000,113000,277000,372000,58000,50000,81000,73000,64000,74000,70000,82000,50000,76000,99000,255000,196000,165000,128000,133000,276000,255000,424000,221000,114000,107000,58000,102000,55000,51000,50000,70000,93000,53000,52000,51000,68000,152000,85000,55000,53000,90000,89000,175000,66000,46000,228000,199000,168000,130000,175000,144000,102000,86000,223000,202000,168000,129000,175000,163000,100000,81000,437000,219000,112000,112000,123000,63000,169000,59000,155000,138000,111000,129000,63000,167000,58000,150000,131000,107000,83000,49000,76000,163000,146000,42000,231000,95000,58000,51000,113000,279000,376000,52000,50000,77000,75000,65000,76000,78000,75000,100000,260000,191000,172000,127000,132000,288000,257000,434000,220000,111000,105000,50000,89000,49000,48000,50000,72000,88000,53000,48000,48000,68000,152000,85000,64000,126000,94000,166000,69000,48000,230000,208000,167000,119000,176000,148000,120000,84000,224000,196000,172000,124000,182000,142000,100000,83000,437000,216000,110000,108000,147000,70000,48000,84000,49000,49000,91000,88000,57000,82000,89000,159000,149000,151000,106000,60000,69000,79000,42000,52000,158000,158000,88000,53000,79000,156000,147000,42000,235000,102000,57000,53000,111000,284000,360000,53000,50000,80000,73000,65000,77000,78000,77000,100000,260000,195000,177000,135000,129000,280000,269000,430000,217000,110000,105000,51000,88000,49000,53000,51000,70000,93000,53000,52000,51000,66000,156000,86000,59000,89000,96000,164000,69000,47000,227000,192000,170000,119000,175000,142000,106000,85000,221000,196000,170000,126000,184000,164000,100000,84000,428000,223000,105000,109000,142000,69000,43000,102000,50000,49000,86000,90000,47000,50000,89000,157000,289000,262000,163000,121000,128000,143000,78000,86000,301000,267000,208000,113000,287000,94000,246000,218000,172000,542000,
refl: 22000,30000,24000,30000,34000,61000,69000,118000,25000,25000,30000,31000,16000,65000,85000,66000,74000,34000,63000,74000,31000,117000,373000,34000,445000,46000,34000,377000,35000,436000,43000,32000,36000,62000,66000,112000,24000,22000,33000,32000,18000,61000,66000,62000,70000,31000,67000,73000,30000,114000,20000,23000,28000,25000,28000,35000,79000,72000,115000,22000,24000,30000,65000,19000,59000,67000,61000,70000,32000,66000,73000,32000,124000,22000,25000,28000,25000,30000,648000,61000,762000,73000,64000,79000,36000,40000,43000,45000,52000,52000,59000,
symm: 154000,133000,83000,210000,261000,257000,313000,216000,263000,255000,301000,232000,111000,173000,159000,90000,79000,115000,109000,179000,157000,84000,80000,113000,409000,594000,474000,591000,
trans: 147000,159000,95000,106000,148000,154000,110000,110000,279000,226000,192000,149000,152000,150000,160000,95000,209000,435000,396000,385000,315000,314000,267000,310000,311000,157000,291000,271000,158000,154000,160000,154000,101000,110000,105000,111000,166000,362000,245000,270000,244000,250000,220000,371000,287000,243000,237000,249000,219000,292000,275000,215000,222000,220000,223000,217000,195000,100000,253000,202000,219000,229000,193000,89000,286000,224000,245000,275000,182000,197000,236000,228000,228000,234000,235000,215000,175000,94000,251000,212000,224000,225000,194000,94000,278000,225000,238000,277000,181000,197000,260000,235000,175000,151000,89000,220000,432000,392000,390000,324000,319000,280000,308000,308000,159000,290000,276000,152000,153000,152000,148000,102000,112000,101000,110000,158000,366000,246000,250000,238000,240000,218000,374000,270000,258000,243000,253000,228000,289000,274000,124000,141000,148000,107000,123000,152000,157000,99000,109000,287000,235000,189000,149000,160000,147000,259000,275000,170000,153000,94000,226000,462000,391000,387000,328000,364000,285000,307000,311000,165000,298000,276000,151000,159000,161000,156000,107000,116000,105000,115000,160000,358000,244000,250000,243000,291000,224000,367000,240000,246000,245000,251000,219000,291000,271000,126000,148000,157000,104000,111000,181000,147000,101000,111000,283000,521000,365000,290000,276000,265000,423000,403000,430000,434000,382000,875000,169000,472000,365000,407000,413000,345000,156000,536000,392000,581000,526000,326000,373000,
choice: 23000,24000,44000,42000,44000,29000,60000,
equiv1: 147000,157000,197000,144000,150000,155000,145000,283000,
equiv2: 126000,95000,106000,
or_neg: 167000,209000,160000,184000,207000,156000,176000,198000,159000,144000,155000,130000,227000,311000,216000,154000,162000,131000,144000,162000,133000,279000,262000,262000,261000,258000,283000,254000,253000,265000,177000,197000,150000,149000,165000,135000,242000,314000,218000,159000,155000,130000,142000,153000,126000,170000,212000,161000,216000,203000,158000,178000,208000,162000,147000,163000,131000,235000,313000,220000,152000,173000,130000,142000,161000,123000,168000,209000,155000,348000,383000,277000,
or_pos: 321000,192000,274000,188000,275000,191000,284000,186000,277000,315000,188000,275000,188000,269000,786000,
and_pos: 147000,160000,240000,223000,219000,312000,209000,212000,218000,211000,228000,
implies: 151000,149000,194000,340000,159000,153000,336000,147000,199000,312000,160000,160000,314000,148000,419000,150000,200000,325000,161000,153000,317000,146000,
not_and: 333000,
not_not: 106000,112000,
parsing: 161322000,
aci_simp: 889000,878000,847000,1084000,1061000,1005000,921000,959000,975000,1165000,1040000,923000,975000,972000,989000,1043000,833000,1141000,1081000,1023000,927000,919000,864000,1117000,1057000,1025000,1779000,1747000,1938000,1866000,1821000,2083000,2016000,
evaluate: 177000,182000,173000,187000,178000,281000,283000,
onepoint: 1063000,1349000,1055000,1354000,2085000,2622000,
qnt_join: 249000,306000,245000,286000,442000,540000,
subproof: 998000,1050000,1061000,1212000,1442000,1081000,1246000,1206000,1017000,1087000,1243000,1466000,1019000,1251000,1071000,1367000,1036000,1091000,1229000,1429000,1017000,1279000,1033000,
and_intro: 278000,
equiv_pos1: 51000,52000,69000,54000,52000,51000,
equiv_pos2: 159000,179000,161000,45000,106000,114000,178000,255000,75000,167000,167000,47000,302000,111000,336000,324000,292000,596000,104000,107000,111000,116000,189000,49000,112000,114000,183000,356000,338000,579000,108000,109000,200000,203000,185000,162000,44000,300000,110000,339000,322000,298000,571000,110000,108000,114000,123000,185000,48000,111000,114000,192000,337000,340000,567000,112000,106000,156000,107000,117000,180000,258000,74000,179000,161000,47000,28000,177000,162000,44000,301000,110000,340000,320000,295000,568000,109000,107000,113000,111000,208000,47000,112000,115000,187000,339000,341000,574000,107000,110000,158000,113000,112000,181000,523000,145000,363000,349000,91000,391000,619000,
reordering: 240000,258000,208000,490000,241000,225000,172000,384000,223000,396000,170000,221000,236000,388000,180000,227000,455000,241000,209000,179000,396000,225000,396000,180000,225000,245000,399000,175000,216000,243000,477000,246000,211000,2197000,246000,210000,181000,385000,217000,420000,179000,216000,240000,413000,176000,242000,240000,960000,489000,421000,
resolution: 339000,176000,288000,326000,160000,162000,249000,280000,288000,169000,191000,284000,327000,156000,164000,208000,250000,300000,276000,164000,213000,169000,294000,261000,300000,296000,201000,293000,328000,158000,171000,303000,373000,326000,192000,155000,234000,265000,170000,211000,215000,433000,366000,430000,1242000,149000,261000,227000,277000,431000,585000,499000,270000,241000,260000,170000,202000,220000,251000,298000,324000,199000,223000,182000,158000,160000,209000,254000,285000,277000,169000,218000,147000,280000,245000,289000,354000,437000,584000,504000,266000,362000,233000,263000,171000,254000,1698000,5764000,251000,204000,242000,231000,365000,151000,151000,163000,253000,141000,180000,164000,178000,244000,277000,271000,176000,182000,288000,328000,192000,168000,305000,376000,336000,196000,164000,259000,267000,164000,209000,205000,403000,394000,417000,1277000,169000,272000,232000,273000,442000,590000,507000,276000,241000,266000,164000,205000,218000,254000,304000,330000,209000,216000,178000,158000,174000,213000,8659000,362000,279000,161000,222000,154000,273000,247000,274000,365000,443000,590000,513000,263000,374000,236000,283000,185000,315000,325000,181000,160000,220000,252000,286000,268000,169000,225000,169000,310000,270000,315000,312000,196000,286000,335000,456000,404000,2179000,174000,150000,193000,157000,159000,251000,275000,266000,180000,178000,305000,336000,165000,194000,302000,378000,335000,193000,160000,243000,263000,177000,217000,202000,408000,401000,433000,1266000,158000,264000,233000,286000,433000,586000,511000,302000,243000,272000,164000,202000,234000,254000,322000,349000,207000,233000,171000,199000,167000,206000,253000,291000,275000,163000,220000,154000,278000,233000,275000,360000,424000,585000,501000,249000,359000,236000,260000,184000,308000,357000,153000,157000,215000,239000,278000,274000,165000,217000,159000,293000,261000,297000,305000,343000,536000,620000,273000,419000,
sko_forall: 2285000,5989000,1001000,1007000,5954000,1022000,1039000,2305000,6049000,1033000,1027000,4256000,
contraction: 264000,229000,280000,233000,282000,322000,206000,438000,579000,197000,248000,232000,579000,198000,2165000,337000,361000,227000,270000,332000,211000,425000,604000,204000,250000,443000,585000,203000,269000,237000,273000,536000,776000,230000,280000,331000,208000,427000,578000,207000,252000,239000,580000,203000,274000,230000,524000,
forall_inst: 640000,657000,830000,723000,661000,899000,674000,678000,887000,729000,670000,656000,730000,679000,891000,708000,707000,887000,673000,893000,683000,738000,706000,894000,646000,686000,981000,672000,1628000,1594000,
implies_neg1: 188000,188000,296000,490000,195000,197000,504000,194000,320000,500000,193000,200000,522000,194000,225000,205000,295000,496000,199000,194000,498000,189000,871000,
implies_neg2: 193000,197000,266000,467000,207000,206000,471000,147000,194000,292000,478000,224000,203000,474000,198000,379000,199000,276000,466000,202000,200000,475000,193000,
__local_input: 58000,56000,68000,116000,57000,61000,118000,59000,69000,119000,57000,61000,119000,61000,28000,43000,60000,69000,120000,57000,60000,134000,61000,43000,55000,24000,47000,27000,31000,30000,41000,45000,
qnt_rm_unused: 363000,1186000,430000,1809000,353000,1162000,431000,1791000,726000,1946000,822000,3302000,
connective_def: 303000,303000,317000,300000,296000,308000,
equiv_simplify: 202000,174000,175000,380000,
implies_simplify: 278000,
__normalized_input: 14031000,10888000,6672000,5530000,2440000,2406000,2052000,1721000,898000,502000,453000,460000,549000,
miniscope_distribute: 331000,338000,328000,331000,331000,330000,
rare_rewrite_eq-refl: 67000,86000,87000,88000,88000,90000,120000,72000,88000,85000,74000,91000,87000,190000,149000,
rare_rewrite_eq-symm: 138000,113000,104000,67000,109000,107000,102000,68000,109000,136000,147000,248000,82000,75000,90000,100000,65000,112000,102000,68000,116000,141000,92000,100000,85000,96000,251000,126000,114000,105000,98000,123000,109000,98000,93000,136000,139000,244000,82000,76000,92000,107000,69000,132000,103000,68000,116000,147000,89000,96000,86000,97000,284000,108000,102000,65000,102000,113000,96000,64000,107000,142000,140000,144000,246000,85000,72000,87000,119000,68000,111000,112000,71000,110000,144000,89000,100000,88000,96000,250000,111000,96000,63000,104000,112000,100000,68000,107000,136000,240000,207000,187000,169000,
rare_rewrite_or-not-refl: 6309000,8753000,6296000,6200000,11794000,11699000,
rare_rewrite_bool-eq-true: 6136000,6454000,6356000,6538000,6495000,6094000,
rare_rewrite_bool-impl-elim: 5732000,6056000,16351000,6207000,5952000,6108000,6032000,5946000,11794000,
rare_rewrite_bool-impl-false1: 5681000,5997000,13734000,6514000,6340000,6776000,7066000,6325000,6426000,6844000,11407000,11935000,
rare_rewrite_bool-or-de-morgan: 6224000,6076000,6284000,6305000,5881000,5868000,
rare_rewrite_bool-and-de-morgan: 5846000,5590000,5730000,5708000,5911000,6147000,6126000,5762000,5910000,6219000,5843000,5890000,5944000,5841000,5983000,6172000,6479000,5988000,5877000,5959000,6241000,5871000,6075000,6136000,5767000,5922000,13802000,6241000,6425000,5884000,5429000,5503000,5861000,5498000,5676000,27571000,11358000,11433000,11293000,
rare_rewrite_bool-double-not-elim: 101000,103000,104000,98000,109000,94000,95000,105000,123000,112000,101000,89000,97000,108000,104000,99000,109000,98000,94000,98000,209000,206000,

