1; Draft.Scratch_smt_check_7_25936; 2026-04-10 13:47:50.109;
bind: 245000,191000,262000,233000,186000,222000,184000,303000,231000,185000,
cong: 81000,104000,113000,107000,98000,108000,120000,79000,75000,89000,78000,108000,116000,106000,96000,110000,113000,
refl: 83000,70000,35000,76000,70000,39000,
symm: 159000,102000,155000,159000,129000,
trans: 154000,169000,153000,206000,157000,150000,187000,151000,166000,134000,216000,158000,176000,
choice: 75000,
equiv1: 190000,143000,
equiv2: 118000,130000,
or_neg: 142000,155000,173000,150000,154000,142000,
or_pos: 252000,245000,239000,234000,
and_neg: 394000,
and_pos: 134000,287000,361000,317000,132000,
implies: 371000,
parsing: 12748000,
subproof: 1460000,
equiv_pos2: 120000,164000,113000,95000,84000,119000,173000,104000,98000,84000,
reordering: 290000,183000,313000,206000,312000,559000,1008000,287000,176000,322000,260000,325000,
resolution: 242000,214000,209000,203000,240000,313000,148000,197000,225000,173000,184000,193000,173000,274000,223000,251000,311000,251000,336000,509000,494000,439000,954000,228000,197000,244000,275000,163000,201000,208000,153000,157000,194000,160000,278000,224000,259000,316000,238000,290000,247000,
sko_forall: 1340000,1150000,
contraction: 201000,495000,547000,206000,
forall_inst: 755000,843000,860000,877000,961000,823000,871000,725000,809000,749000,853000,879000,
implies_neg1: 595000,
implies_neg2: 450000,
__local_input: 29000,38000,71000,
connective_def: 233000,231000,
equiv_simplify: 209000,200000,215000,204000,
__normalized_input: 22707000,13183000,7541000,7285000,3776000,1790000,1633000,
rare_rewrite_eq-symm: 147000,113000,
rare_rewrite_bool-impl-elim: 6447000,7366000,6497000,6393000,
rare_rewrite_bool-and-de-morgan: 7343000,6837000,
rare_rewrite_bool-double-not-elim: 124000,129000,115000,127000,

