1; Draft.Scratch_smt_check_7_31610; 2026-04-10 13:47:52.922;
and: 128000,121000,130000,133000,134000,
bind: 277000,304000,210000,212000,190000,249000,260000,1332000,255000,276000,264000,239000,255000,217000,222000,258000,258000,261000,262000,168000,182000,154000,157000,175000,179000,159000,162000,204000,205000,195000,174000,192000,214000,203000,183000,174000,185000,262000,262000,323000,277000,237000,165000,216000,200000,205000,214000,199000,201000,221000,223000,229000,192000,190000,199000,199000,206000,227000,199000,303000,287000,264000,248000,188000,252000,233000,165000,206000,203000,203000,204000,208000,220000,218000,223000,259000,269000,267000,264000,188000,185000,170000,164000,177000,226000,174000,155000,195000,207000,208000,188000,202000,208000,213000,185000,179000,216000,200000,221000,200000,326000,284000,202000,224000,202000,317000,275000,261000,259000,265000,261000,173000,187000,155000,164000,167000,198000,164000,165000,205000,204000,186000,173000,190000,205000,195000,186000,179000,179000,217000,202000,216000,207000,205000,210000,207000,222000,155000,245000,239000,265000,255000,180000,234000,313000,379000,357000,294000,317000,322000,302000,309000,214000,315000,327000,344000,334000,360000,374000,315000,308000,205000,237000,310000,326000,365000,305000,316000,336000,306000,323000,194000,227000,204000,215000,218000,200000,222000,242000,236000,296000,315000,322000,300000,326000,332000,297000,303000,209000,219000,227000,275000,262000,333000,266000,212000,180000,186000,156000,170000,192000,181000,165000,207000,210000,212000,182000,205000,235000,239000,187000,181000,204000,209000,232000,204000,356000,299000,199000,228000,207000,469000,296000,272000,263000,277000,280000,178000,191000,194000,180000,174000,181000,176000,162000,191000,217000,216000,178000,204000,215000,217000,200000,186000,199000,226000,197000,221000,241000,198000,209000,242000,243000,303000,323000,340000,298000,359000,346000,343000,327000,229000,219000,
cong: 145000,120000,107000,161000,59000,92000,79000,86000,86000,88000,189000,83000,90000,77000,214000,178000,150000,221000,64000,206000,171000,154000,230000,60000,250000,199000,128000,59000,72000,58000,68000,143000,110000,132000,62000,78000,59000,68000,138000,107000,287000,223000,77000,64000,73000,64000,52000,75000,98000,78000,79000,64000,69000,66000,48000,64000,96000,75000,161000,102000,98000,81000,86000,89000,70000,63000,47000,69000,75000,105000,90000,78000,83000,89000,74000,103000,52000,75000,76000,95000,195000,111000,97000,69000,81000,173000,240000,132000,113000,122000,129000,103000,92000,77000,84000,96000,84000,73000,94000,97000,83000,95000,74000,74000,233000,150000,123000,85000,81000,301000,115000,102000,61000,99000,113000,261000,206000,96000,53000,165000,155000,65000,60000,85000,60000,121000,110000,92000,119000,120000,130000,102000,133000,76000,83000,95000,80000,75000,95000,82000,84000,97000,79000,76000,228000,140000,121000,85000,128000,62000,73000,56000,68000,191000,111000,131000,58000,72000,53000,67000,140000,112000,277000,218000,78000,68000,75000,64000,47000,65000,102000,77000,81000,64000,68000,61000,50000,68000,107000,70000,160000,100000,90000,76000,81000,93000,81000,65000,49000,73000,80000,101000,97000,80000,80000,90000,68000,64000,51000,76000,75000,97000,202000,114000,101000,69000,80000,210000,92000,54000,169000,143000,212000,92000,54000,165000,138000,136000,58000,73000,58000,68000,138000,111000,134000,57000,72000,54000,65000,139000,107000,282000,227000,82000,87000,68000,59000,47000,64000,102000,80000,78000,94000,123000,65000,53000,72000,101000,78000,160000,101000,94000,86000,80000,91000,70000,66000,51000,69000,75000,96000,90000,77000,80000,91000,73000,60000,48000,68000,74000,95000,220000,112000,96000,67000,97000,99000,77000,85000,93000,79000,79000,95000,82000,85000,98000,80000,75000,224000,141000,123000,86000,129000,103000,123000,108000,88000,114000,122000,524000,117000,211000,109000,61000,158000,241000,144000,100000,79000,72000,96000,53000,55000,95000,61000,72000,114000,50000,52000,54000,73000,248000,136000,134000,148000,135000,110000,88000,95000,126000,114000,120000,70000,74000,83000,257000,130000,141000,99000,53000,59000,80000,145000,84000,116000,56000,67000,54000,67000,252000,129000,101000,67000,72000,136000,116000,122000,79000,80000,95000,128000,123000,130000,80000,85000,105000,265000,129000,140000,104000,59000,61000,82000,147000,87000,85000,114000,253000,131000,85000,132000,121000,127000,77000,83000,93000,129000,113000,117000,71000,73000,85000,255000,131000,90000,60000,73000,143000,107000,58000,62000,82000,145000,80000,111000,57000,59000,53000,71000,67000,64000,92000,79000,87000,99000,77000,63000,79000,98000,82000,84000,102000,73000,56000,77000,241000,148000,129000,83000,125000,118000,127000,75000,80000,88000,128000,119000,124000,78000,80000,88000,250000,131000,136000,100000,61000,60000,81000,151000,84000,76000,130000,58000,73000,56000,76000,147000,126000,132000,58000,74000,55000,74000,143000,118000,289000,225000,77000,71000,69000,61000,50000,78000,105000,84000,77000,67000,74000,110000,52000,70000,106000,75000,157000,101000,93000,82000,80000,93000,77000,98000,55000,83000,79000,102000,93000,77000,84000,98000,70000,63000,56000,88000,88000,98000,203000,117000,99000,73000,85000,142000,62000,82000,218000,98000,63000,166000,148000,209000,100000,57000,165000,145000,129000,58000,73000,61000,73000,152000,120000,139000,65000,81000,63000,76000,158000,148000,290000,235000,80000,66000,69000,59000,47000,69000,105000,86000,81000,63000,68000,59000,48000,68000,104000,79000,160000,107000,90000,76000,83000,97000,76000,64000,53000,75000,81000,100000,95000,86000,81000,89000,71000,61000,53000,79000,77000,97000,196000,114000,105000,70000,89000,92000,63000,91000,91000,81000,118000,95000,73000,56000,83000,98000,76000,83000,95000,80000,59000,78000,236000,150000,130000,85000,129000,122000,123000,77000,81000,89000,125000,117000,125000,74000,78000,88000,249000,127000,136000,97000,52000,56000,83000,147000,86000,537000,
refl: 26000,27000,29000,84000,84000,80000,18000,20000,23000,17000,20000,30000,91000,20000,25000,26000,18000,21000,26000,92000,20000,16000,53000,35000,58000,17000,15000,52000,33000,58000,21000,20000,18000,22000,20000,19000,49000,24000,22000,22000,21000,81000,69000,27000,38000,63000,43000,36000,312000,84000,94000,41000,25000,49000,25000,22000,25000,24000,19000,21000,23000,16000,26000,26000,91000,19000,20000,23000,17000,20000,28000,89000,20000,15000,56000,34000,57000,17000,17000,56000,35000,53000,24000,36000,19000,21000,18000,19000,35000,310000,87000,98000,42000,33000,315000,91000,93000,43000,18000,20000,24000,18000,21000,27000,84000,22000,60000,28000,15000,20000,28000,90000,17000,15000,53000,32000,58000,36000,18000,56000,33000,54000,22000,19000,18000,22000,18000,19000,22000,21000,25000,22000,48000,40000,33000,36000,59000,43000,39000,49000,34000,22000,23000,15000,18000,36000,41000,30000,29000,21000,32000,56000,15000,16000,24000,22000,32000,33000,33000,37000,18000,28000,54000,33000,36000,28000,33000,20000,22000,18000,29000,51000,34000,16000,25000,17000,23000,21000,15000,23000,31000,31000,31000,34000,19000,29000,56000,18000,21000,23000,16000,22000,29000,97000,18000,20000,23000,16000,21000,28000,90000,19000,21000,57000,38000,54000,20000,18000,63000,38000,57000,25000,18000,20000,26000,18000,21000,21000,23000,37000,312000,85000,109000,51000,37000,309000,85000,98000,48000,20000,20000,24000,19000,23000,30000,92000,19000,24000,27000,34000,21000,32000,96000,18000,16000,64000,37000,63000,18000,16000,58000,35000,55000,25000,20000,18000,21000,19000,21000,21000,29000,21000,17000,26000,23000,18000,24000,38000,32000,31000,32000,22000,29000,54000,
symm: 130000,83000,139000,79000,132000,123000,83000,105000,159000,147000,174000,115000,184000,231000,109000,126000,150000,162000,153000,136000,78000,139000,84000,142000,87000,84000,111000,107000,182000,232000,179000,235000,78000,130000,81000,147000,87000,83000,113000,162000,157000,84000,123000,149000,150000,76000,113000,158000,182000,164000,153000,116000,159000,85000,146000,90000,135000,94000,98000,109000,110000,193000,239000,194000,237000,82000,162000,88000,146000,90000,92000,112000,165000,148000,
trans: 235000,168000,175000,191000,181000,187000,101000,193000,146000,260000,233000,275000,260000,235000,229000,232000,113000,259000,220000,240000,249000,235000,238000,190000,98000,236000,212000,173000,186000,170000,177000,254000,226000,176000,192000,162000,175000,166000,162000,139000,145000,131000,166000,165000,145000,145000,130000,146000,186000,190000,137000,176000,177000,183000,148000,174000,230000,208000,275000,221000,181000,189000,188000,143000,188000,195000,148000,174000,166000,175000,184000,203000,122000,103000,104000,134000,253000,244000,278000,177000,155000,87000,197000,187000,183000,203000,291000,182000,210000,220000,211000,399000,175000,151000,215000,182000,188000,195000,140000,181000,199000,153000,169000,176000,234000,225000,203000,193000,165000,177000,225000,229000,186000,193000,171000,177000,165000,174000,141000,151000,130000,164000,167000,143000,151000,139000,150000,181000,182000,140000,179000,194000,193000,146000,176000,247000,245000,284000,185000,142000,85000,202000,171000,185000,201000,304000,186000,254000,259000,281000,188000,133000,87000,197000,182000,196000,206000,304000,175000,226000,218000,179000,184000,168000,171000,229000,225000,176000,190000,164000,172000,166000,174000,138000,149000,133000,159000,163000,145000,154000,132000,159000,184000,192000,146000,176000,191000,196000,139000,168000,193000,197000,146000,181000,191000,151000,171000,177000,217000,183000,238000,180000,153000,107000,164000,159000,191000,292000,292000,282000,302000,284000,218000,242000,130000,200000,172000,288000,290000,326000,297000,274000,222000,260000,139000,179000,189000,194000,222000,285000,295000,284000,288000,159000,285000,214000,230000,138000,188000,217000,191000,155000,181000,191000,148000,181000,194000,150000,170000,201000,311000,283000,317000,290000,280000,218000,237000,136000,190000,230000,224000,197000,273000,172000,197000,240000,238000,183000,200000,189000,200000,172000,177000,148000,155000,146000,161000,166000,140000,150000,138000,156000,179000,188000,148000,179000,197000,186000,146000,213000,174000,251000,255000,282000,211000,147000,116000,208000,189000,217000,222000,304000,225000,259000,262000,278000,184000,135000,102000,201000,180000,194000,211000,300000,199000,257000,249000,182000,218000,178000,192000,239000,228000,208000,207000,228000,223000,180000,172000,148000,157000,134000,166000,167000,156000,155000,134000,161000,181000,188000,143000,179000,181000,201000,169000,178000,176000,190000,208000,152000,196000,251000,142000,176000,219000,282000,296000,269000,282000,276000,212000,288000,136000,
choice: 67000,60000,1125000,
equiv1: 104000,135000,135000,540000,137000,133000,116000,461000,140000,137000,
equiv2: 112000,131000,159000,107000,143000,114000,139000,95000,130000,135000,107000,134000,
or_neg: 133000,160000,178000,148000,221000,223000,223000,244000,326000,335000,327000,323000,314000,308000,304000,300000,312000,137000,170000,182000,152000,137000,168000,178000,152000,214000,248000,149000,158000,133000,153000,161000,175000,284000,282000,278000,272000,274000,283000,285000,
or_pos: 160000,169000,183000,195000,205000,246000,207000,317000,258000,205000,194000,273000,227000,207000,256000,218000,189000,270000,243000,211000,316000,235000,198000,338000,184000,273000,201000,205000,257000,279000,351000,238000,187000,263000,247000,260000,194000,265000,258000,252000,177000,264000,245000,189000,286000,273000,192000,276000,255000,220000,327000,260000,219000,350000,191000,285000,248000,183000,258000,
and_neg: 276000,173000,168000,591000,
and_pos: 203000,205000,217000,208000,204000,236000,484000,321000,337000,316000,307000,330000,354000,317000,322000,337000,330000,322000,330000,329000,313000,312000,316000,311000,112000,112000,112000,117000,462000,467000,482000,483000,474000,428000,476000,477000,464000,475000,484000,475000,425000,481000,464000,470000,280000,283000,304000,283000,276000,265000,288000,288000,308000,291000,287000,275000,294000,283000,
implies: 182000,222000,274000,185000,222000,239000,235000,223000,214000,244000,272000,180000,216000,637000,273000,182000,212000,241000,161000,118000,125000,223000,273000,325000,529000,267000,277000,520000,272000,269000,245000,262000,293000,187000,220000,562000,286000,185000,228000,238000,306000,
not_and: 362000,346000,
not_not: 128000,143000,117000,130000,134000,157000,140000,136000,138000,
parsing: 243121000,
aci_simp: 990000,983000,1103000,1089000,1066000,1055000,1041000,960000,1031000,956000,880000,871000,915000,921000,972000,1041000,951000,1083000,1014000,948000,1010000,898000,1056000,1025000,982000,1026000,957000,1105000,1086000,1086000,1095000,1519000,994000,1088000,992000,965000,1036000,933000,1057000,1090000,994000,1166000,1073000,1136000,
evaluate: 203000,190000,225000,208000,226000,235000,209000,
onepoint: 2374000,966000,986000,1034000,1046000,
qnt_join: 230000,222000,225000,240000,231000,
subproof: 1074000,1746000,1838000,1089000,1760000,1643000,1149000,1153000,1151000,1444000,1661000,1890000,1130000,9310000,1691000,1837000,1136000,1759000,1650000,1109000,1043000,1087000,1179000,1594000,1596000,1499000,1580000,1659000,1508000,1545000,1662000,1363000,1673000,1609000,1932000,1172000,1883000,1567000,1981000,1188000,1812000,1681000,1610000,
and_intro: 204000,509000,98000,548000,468000,
equiv_pos1: 53000,67000,57000,71000,72000,54000,69000,69000,69000,57000,56000,72000,
equiv_pos2: 187000,138000,95000,162000,158000,236000,50000,192000,215000,337000,189000,171000,343000,43000,95000,42000,97000,184000,45000,116000,47000,114000,234000,103000,118000,39000,180000,108000,122000,162000,77000,139000,118000,123000,269000,123000,126000,123000,383000,129000,130000,248000,219000,202000,111000,121000,157000,76000,143000,123000,272000,122000,137000,172000,166000,348000,44000,97000,45000,95000,184000,46000,124000,48000,122000,244000,104000,139000,48000,219000,27000,223000,161000,165000,343000,43000,101000,45000,100000,189000,46000,115000,45000,113000,237000,104000,119000,39000,137000,152000,124000,279000,123000,72000,152000,180000,121000,122000,414000,96000,205000,100000,106000,315000,71000,78000,95000,159000,327000,185000,191000,303000,200000,96000,89000,309000,74000,190000,188000,315000,190000,97000,150000,316000,183000,190000,315000,75000,188000,94000,95000,150000,118000,123000,279000,120000,190000,189000,316000,196000,97000,186000,152000,167000,178000,346000,82000,96000,62000,100000,187000,50000,116000,50000,119000,241000,109000,166000,37000,77000,216000,31000,218000,167000,172000,357000,44000,100000,51000,102000,188000,47000,112000,46000,114000,239000,107000,126000,38000,79000,136000,115000,118000,283000,120000,186000,195000,309000,187000,96000,152000,334000,
reordering: 234000,169000,189000,205000,219000,257000,308000,256000,258000,193000,457000,343000,198000,252000,220000,369000,303000,254000,633000,628000,269000,3079000,243000,332000,208000,246000,220000,368000,325000,332000,262000,257000,197000,489000,3400000,304000,260000,259000,199000,468000,221000,364000,307000,242000,247000,343000,219000,374000,192000,291000,242000,313000,217000,358000,326000,203000,349000,880000,4109000,340000,337000,204000,358000,4092000,334000,351000,205000,345000,316000,2046000,215000,374000,347000,206000,356000,315000,314000,263000,273000,204000,469000,2318000,323000,257000,268000,200000,496000,230000,382000,321000,197000,341000,362000,
resolution: 313000,179000,274000,274000,285000,196000,190000,210000,191000,221000,254000,180000,204000,237000,177000,207000,174000,238000,281000,329000,309000,201000,251000,150000,162000,180000,186000,192000,293000,315000,315000,338000,419000,477000,306000,291000,380000,192000,215000,168000,263000,361000,283000,353000,459000,567000,370000,290000,175000,203000,221000,216000,265000,303000,317000,205000,218000,211000,194000,160000,200000,213000,241000,262000,213000,302000,360000,376000,235000,248000,217000,169000,224000,209000,185000,179000,235000,163000,262000,225000,267000,285000,179000,243000,272000,195000,204000,295000,168000,238000,171000,234000,181000,219000,256000,266000,329000,429000,403000,258000,277000,176000,210000,271000,216000,204000,224000,257000,239000,188000,161000,226000,209000,182000,348000,453000,402000,259000,549000,1586000,449000,378000,319000,696000,191000,177000,176000,229000,346000,323000,693000,168000,164000,218000,187000,162000,258000,158000,308000,1806000,6197000,323000,343000,451000,412000,2582000,162000,167000,241000,196000,219000,164000,186000,270000,232000,277000,302000,167000,284000,282000,197000,203000,297000,165000,249000,181000,222000,253000,280000,319000,414000,410000,252000,271000,181000,214000,291000,208000,179000,237000,270000,386000,378000,362000,457000,580000,375000,301000,176000,203000,240000,261000,273000,463000,314000,207000,234000,237000,175000,166000,201000,210000,267000,276000,233000,310000,350000,432000,404000,266000,218000,175000,229000,212000,170000,165000,251000,156000,152000,305000,802000,702000,2748000,160000,317000,270000,371000,307000,360000,458000,572000,365000,285000,212000,210000,231000,212000,273000,312000,329000,207000,243000,212000,176000,182000,199000,207000,231000,235000,200000,303000,361000,386000,233000,251000,207000,173000,258000,219000,162000,159000,227000,174000,237000,181000,220000,257000,257000,323000,391000,418000,254000,270000,189000,221000,266000,211000,199000,224000,172000,225000,201000,212000,279000,169000,176000,285000,240000,282000,318000,177000,260000,306000,332000,357000,392000,329000,322000,253000,322000,354000,347000,319000,235000,248000,375000,173000,230000,241000,385000,159000,153000,200000,467000,212000,203000,335000,405000,365000,225000,246000,198000,216000,187000,183000,251000,216000,246000,339000,413000,447000,310000,371000,395000,326000,356000,435000,5706000,268000,332000,257000,290000,307000,207000,223000,289000,195000,1191000,653000,523000,2962000,196000,187000,218000,207000,247000,384000,411000,431000,279000,209000,211000,249000,319000,372000,445000,466000,277000,341000,258000,295000,305000,205000,222000,266000,189000,189000,279000,643000,526000,2947000,197000,218000,252000,345000,422000,420000,289000,224000,258000,321000,389000,425000,437000,255000,316000,203000,253000,307000,309000,227000,225000,255000,192000,222000,182000,278000,1056000,3883000,297000,309000,391000,338000,2057000,160000,164000,225000,178000,225000,258000,266000,330000,417000,428000,263000,286000,195000,225000,281000,218000,223000,258000,313000,341000,421000,428000,256000,326000,252000,288000,308000,192000,209000,249000,188000,173000,247000,182000,273000,203000,288000,397000,334000,362000,470000,592000,401000,312000,205000,225000,244000,228000,275000,318000,340000,227000,243000,241000,185000,178000,208000,226000,300000,267000,232000,322000,378000,411000,268000,268000,242000,184000,248000,225000,182000,182000,260000,233000,167000,176000,325000,697000,596000,2196000,172000,316000,317000,395000,314000,409000,480000,602000,398000,321000,185000,219000,267000,239000,277000,310000,332000,211000,233000,224000,180000,173000,247000,225000,243000,252000,238000,300000,373000,386000,231000,262000,235000,183000,241000,229000,169000,169000,234000,216000,184000,177000,252000,177000,222000,255000,299000,336000,390000,432000,262000,284000,199000,231000,296000,210000,206000,245000,325000,3996000,409000,438000,303000,319000,250000,322000,321000,201000,213000,272000,178000,178000,286000,
sko_forall: 1080000,1082000,1088000,1692000,
contraction: 300000,371000,402000,272000,311000,227000,349000,419000,532000,309000,347000,298000,343000,2395000,542000,877000,233000,341000,405000,270000,311000,871000,1182000,401000,263000,309000,347000,231000,294000,283000,210000,257000,170000,195000,185000,187000,356000,383000,394000,704000,1127000,391000,413000,716000,1141000,384000,385000,1446000,479000,710000,352000,385000,402000,269000,316000,768000,927000,439000,271000,313000,353000,527000,
forall_inst: 696000,751000,666000,707000,670000,725000,716000,751000,714000,859000,737000,786000,731000,747000,741000,687000,745000,678000,746000,798000,749000,788000,694000,719000,683000,811000,730000,748000,750000,744000,748000,802000,726000,659000,754000,687000,801000,727000,818000,749000,849000,751000,799000,706000,726000,768000,716000,839000,753000,740000,699000,721000,730000,786000,716000,789000,745000,652000,754000,793000,667000,835000,768000,751000,866000,844000,836000,687000,689000,761000,859000,841000,826000,700000,679000,805000,764000,890000,846000,833000,681000,708000,805000,827000,730000,826000,847000,809000,697000,683000,746000,796000,805000,891000,765000,811000,728000,775000,733000,730000,978000,776000,777000,773000,765000,958000,815000,829000,746000,837000,874000,861000,652000,676000,806000,
implies_neg1: 256000,301000,381000,257000,261000,303000,394000,330000,342000,333000,363000,229000,263000,557000,414000,246000,266000,328000,810000,222000,158000,155000,307000,355000,357000,387000,365000,365000,357000,865000,850000,307000,358000,357000,220000,263000,533000,361000,230000,276000,310000,374000,665000,
implies_neg2: 238000,305000,401000,242000,294000,342000,362000,267000,272000,372000,350000,397000,232000,302000,802000,396000,247000,297000,347000,215000,158000,153000,315000,353000,372000,541000,348000,364000,535000,368000,347000,302000,350000,349000,394000,240000,299000,683000,403000,251000,316000,361000,355000,
__local_input: 83000,97000,88000,78000,80000,86000,106000,27000,24000,31000,27000,25000,60000,95000,102000,80000,82000,22000,24000,27000,24000,19000,25000,26000,25000,49000,91000,82000,83000,80000,26000,22000,23000,26000,31000,26000,48000,31000,46000,74000,26000,33000,31000,70000,71000,253000,100000,104000,105000,105000,107000,43000,30000,34000,27000,17000,34000,31000,38000,31000,30000,36000,39000,33000,26000,48000,73000,88000,104000,104000,83000,94000,21000,23000,28000,33000,30000,31000,57000,102000,98000,87000,91000,99000,40000,23000,28000,24000,21000,45000,59000,
qnt_rm_unused: 324000,1328000,333000,1285000,309000,1350000,328000,1341000,325000,1349000,
connective_def: 242000,241000,248000,
equiv_simplify: 176000,175000,202000,209000,228000,257000,184000,200000,218000,185000,207000,205000,161000,198000,209000,209000,221000,186000,207000,214000,
implies_simplify: 648000,571000,
__normalized_input: 13567000,12895000,12622000,12310000,12436000,11972000,11671000,11448000,11145000,11394000,11000000,11076000,52197000,9042000,8419000,7670000,6946000,5938000,5649000,5562000,5218000,5319000,5405000,5442000,4810000,4034000,3824000,2646000,2470000,2426000,2233000,2120000,2197000,2269000,2353000,2211000,
miniscope_distribute: 480000,518000,487000,519000,539000,
rare_rewrite_eq-refl: 90000,81000,83000,88000,92000,85000,
rare_rewrite_eq-symm: 92000,85000,81000,111000,103000,85000,91000,117000,120000,100000,122000,95000,138000,103000,139000,79000,104000,108000,145000,79000,101000,133000,110000,136000,143000,152000,107000,149000,112000,138000,160000,111000,140000,171000,142000,142000,139000,110000,145000,125000,189000,159000,161000,119000,123000,104000,130000,95000,139000,107000,144000,83000,107000,124000,149000,77000,104000,147000,113000,140000,122000,120000,103000,124000,99000,138000,135000,143000,79000,119000,108000,139000,77000,102000,134000,108000,127000,150000,106000,140000,120000,188000,162000,146000,118000,146000,157000,174000,140000,214000,220000,206000,221000,184000,229000,159000,213000,229000,211000,142000,206000,230000,208000,218000,159000,178000,139000,116000,146000,114000,151000,168000,209000,216000,207000,136000,164000,134000,122000,101000,124000,102000,141000,115000,146000,82000,109000,112000,151000,80000,106000,142000,128000,143000,163000,137000,156000,131000,127000,105000,150000,109000,143000,82000,106000,115000,174000,98000,99000,142000,118000,134000,165000,179000,114000,158000,106000,145000,165000,209000,217000,205000,137000,
rare_rewrite_or-not-refl: 6046000,6068000,6077000,6969000,6825000,
rare_rewrite_bool-eq-true: 5594000,
rare_rewrite_bool-eq-false: 5919000,5824000,6103000,
rare_rewrite_bool-impl-elim: 5561000,5834000,5924000,5934000,5775000,5863000,5874000,5941000,6038000,5998000,6000000,6123000,6031000,5897000,6088000,5930000,6054000,5927000,6090000,5983000,6085000,5984000,5930000,6009000,6035000,6032000,6051000,5905000,6023000,6334000,6224000,6256000,6260000,6255000,6234000,6190000,6209000,6332000,6281000,24113000,6557000,6564000,6534000,6878000,6851000,6559000,6478000,18218000,6765000,6564000,6261000,6441000,6462000,6451000,6572000,6739000,6521000,6517000,6717000,6608000,6505000,6602000,6551000,6687000,6726000,6865000,6823000,6631000,6550000,6205000,6120000,7401000,6470000,6739000,6148000,6938000,6396000,6259000,6117000,
rare_rewrite_bool-impl-false1: 5449000,5440000,5784000,6109000,12386000,6131000,5535000,5454000,6080000,
rare_rewrite_bool-and-de-morgan: 5558000,5717000,6264000,6590000,6069000,5741000,5831000,5639000,5518000,5647000,5551000,5699000,5940000,5970000,5637000,5788000,5625000,5776000,5485000,5770000,5583000,5973000,6437000,7892000,6217000,6203000,6248000,6313000,6326000,6303000,6376000,6411000,6629000,7249000,6822000,5971000,
rare_rewrite_bool-or-and-distrib: 5879000,5981000,7280000,6742000,10198000,
rare_rewrite_bool-double-not-elim: 94000,92000,103000,95000,96000,135000,110000,127000,109000,156000,107000,125000,113000,102000,105000,99000,101000,109000,109000,126000,120000,200000,119000,111000,127000,140000,114000,139000,118000,122000,121000,110000,121000,145000,
rare_rewrite_bool-implies-de-morgan: 5670000,5715000,5600000,6590000,6434000,

