1; Draft.Scratch_smt_check_7_13556; 2026-04-10 13:46:59.656;
bind: 515000,461000,298000,290000,335000,310000,328000,359000,193000,311000,308000,574000,357000,
cong: 216000,205000,223000,245000,190000,57000,221000,56000,171000,172000,175000,265000,115000,255000,227000,186000,347000,393000,
refl: 115000,22000,66000,40000,517000,26000,67000,37000,28000,31000,117000,23000,31000,61000,195000,
symm: 299000,81000,
trans: 760000,346000,318000,371000,276000,279000,275000,277000,267000,273000,91000,306000,299000,321000,296000,277000,269000,267000,269000,274000,260000,290000,316000,268000,277000,299000,274000,294000,275000,292000,542000,
equiv1: 6525000,
or_pos: 393000,
and_pos: 470000,192000,
parsing: 71595000,
aci_simp: 1192000,1119000,1098000,1105000,1017000,1048000,1120000,1190000,1296000,1291000,2192000,
evaluate: 204000,
onepoint: 1436000,
qnt_join: 326000,
equiv_pos2: 356000,32000,422000,
reordering: 725000,509000,283000,
resolution: 277000,410000,367000,260000,550000,506000,615000,331000,215000,
forall_inst: 984000,
miniscope_split: 402000,440000,
__normalized_input: 2057000,1217000,1251000,890000,
rare_rewrite_eq-refl: 76000,
rare_rewrite_eq-symm: 91000,
rare_rewrite_or-not-refl: 6859000,
rare_rewrite_bool-eq-false: 5801000,
rare_rewrite_bool-impl-elim: 5989000,12188000,11406000,
rare_rewrite_bool-impl-false1: 6020000,6876000,
rare_rewrite_bool-or-de-morgan: 6988000,
rare_rewrite_bool-and-de-morgan: 7554000,6242000,6309000,6429000,6238000,22930000,
rare_rewrite_bool-double-not-elim: 103000,

