1; Draft.Scratch_smt_check_7_29250; 2026-04-10 13:46:10.995;
bind: 216000,235000,235000,246000,248000,244000,142000,218000,140000,147000,211000,145000,146000,149000,206000,198000,242000,198000,199000,173000,200000,193000,203000,196000,144000,379000,376000,230000,
cong: 483000,374000,280000,133000,103000,90000,142000,104000,84000,759000,637000,235000,137000,115000,86000,88000,90000,47000,98000,137000,85000,87000,136000,139000,89000,90000,90000,48000,97000,143000,85000,94000,142000,115000,447000,357000,242000,165000,306000,250000,311000,100000,208000,186000,62000,132000,116000,54000,64000,66000,38000,52000,97000,59000,51000,54000,57000,308000,251000,315000,102000,209000,186000,62000,133000,117000,54000,64000,67000,40000,47000,93000,45000,49000,55000,61000,321000,252000,315000,112000,214000,190000,67000,150000,115000,54000,64000,62000,38000,52000,97000,53000,50000,52000,63000,365000,1094000,129000,135000,238000,152000,95000,132000,127000,247000,158000,100000,104000,69000,127000,130000,247000,147000,105000,854000,503000,475000,573000,168000,379000,302000,129000,225000,190000,99000,118000,104000,59000,86000,145000,76000,75000,84000,100000,304000,257000,316000,106000,229000,180000,62000,133000,114000,54000,67000,62000,38000,53000,97000,51000,51000,52000,48000,337000,252000,188000,285000,1365000,
refl: 47000,50000,40000,51000,69000,33000,16000,20000,31000,16000,21000,31000,17000,19000,127000,199000,166000,74000,89000,47000,48000,48000,47000,47000,51000,22000,47000,48000,48000,81000,27000,33000,31000,23000,19000,40000,147000,129000,164000,234000,
symm: 101000,104000,72000,75000,106000,115000,75000,81000,74000,64000,77000,64000,77000,66000,129000,241000,286000,127000,453000,126000,69000,74000,60000,230000,448000,
trans: 187000,148000,190000,142000,121000,105000,180000,113000,117000,111000,130000,133000,131000,92000,105000,150000,109000,114000,115000,118000,112000,129000,132000,143000,98000,118000,138000,318000,224000,449000,81000,453000,82000,370000,451000,83000,253000,127000,136000,188000,144000,108000,125000,134000,176000,152000,112000,292000,129000,126000,178000,152000,109000,175000,856000,145000,324000,564000,80000,339000,413000,419000,
equiv1: 169000,93000,80000,172000,107000,81000,538000,1476000,411000,
equiv2: 420000,767000,750000,424000,
or_neg: 152000,149000,194000,214000,165000,169000,253000,708000,775000,631000,640000,736000,1501000,1468000,1436000,1532000,1730000,
or_pos: 353000,279000,694000,262000,493000,
and_neg: 782000,568000,
and_pos: 123000,121000,122000,123000,138000,136000,138000,136000,640000,562000,608000,685000,642000,577000,566000,682000,441000,412000,423000,579000,442000,434000,459000,593000,1013000,1009000,2110000,2013000,2124000,2238000,2125000,942000,979000,924000,905000,
implies: 376000,295000,573000,173000,130000,163000,113000,143000,164000,98000,341000,245000,765000,747000,151000,578000,154000,586000,152000,2557000,706000,1153000,
not_and: 150000,154000,1428000,
not_not: 322000,549000,324000,
parsing: 84039000,
aci_simp: 893000,995000,
evaluate: 230000,171000,188000,204000,263000,239000,129000,194000,199000,258000,356000,397000,419000,514000,321000,
subproof: 1277000,1173000,1483000,1054000,965000,1144000,1048000,965000,979000,965000,1072000,1015000,1288000,1218000,1705000,1709000,1098000,1550000,1122000,1664000,1094000,2633000,4456000,2554000,1958000,
and_intro: 101000,114000,98000,122000,606000,469000,859000,1712000,
poly_simp: 1747000,1665000,2030000,1853000,1754000,1779000,1675000,1669000,1707000,2157000,1660000,1661000,1686000,1662000,1714000,2157000,1690000,1907000,2035000,2103000,2051000,1787000,1724000,1749000,1831000,1820000,1747000,1732000,1831000,3157000,3261000,3664000,3560000,2010000,2096000,2000000,
equiv_pos1: 196000,305000,
equiv_pos2: 148000,148000,569000,441000,174000,185000,915000,278000,88000,90000,69000,79000,89000,124000,68000,205000,86000,159000,151000,93000,99000,73000,85000,96000,137000,145000,241000,150000,151000,523000,401000,123000,322000,303000,306000,307000,1206000,145000,148000,247000,86000,140000,151000,253000,140000,146000,256000,90000,49000,287000,284000,1165000,308000,302000,154000,303000,1571000,
la_generic: 4602000,4624000,
reordering: 539000,267000,328000,246000,405000,653000,1258000,524000,285000,352000,330000,808000,669000,420000,1052000,1073000,2986000,2883000,815000,848000,2145000,2186000,998000,1926000,12618000,4184000,
resolution: 299000,323000,233000,485000,606000,596000,323000,240000,270000,286000,408000,514000,524000,317000,340000,461000,489000,261000,714000,961000,930000,497000,265000,303000,268000,200000,201000,290000,371000,355000,205000,166000,202000,236000,254000,257000,193000,188000,227000,213000,393000,112000,150000,177000,191000,148000,201000,165000,185000,228000,7245000,154000,325000,301000,416000,173000,219000,144000,205000,219000,357000,160000,196000,341000,376000,250000,1935000,271000,155000,170000,222000,255000,268000,193000,194000,236000,216000,367000,106000,161000,175000,190000,153000,198000,162000,182000,176000,238000,159000,329000,303000,432000,171000,231000,153000,211000,247000,354000,263000,310000,242000,476000,586000,556000,310000,279000,232000,381000,549000,511000,1435000,450000,426000,1318000,14631000,1066000,1152000,1006000,2083000,347000,398000,1153000,932000,2099000,329000,288000,395000,507000,170000,241000,274000,374000,454000,198000,264000,209000,820000,887000,734000,1610000,288000,161000,231000,159000,251000,277000,382000,350000,195000,261000,245000,900000,769000,1693000,196000,165000,263000,273000,370000,359000,194000,257000,165000,230000,287000,1484000,18829000,1500000,766000,1092000,778000,1405000,245000,474000,496000,469000,785000,3582000,2528000,7437000,471000,581000,567000,424000,891000,1127000,1116000,571000,413000,671000,1591000,1082000,2781000,270000,335000,289000,405000,461000,338000,273000,
contraction: 564000,444000,858000,290000,190000,166000,184000,113000,243000,252000,133000,201000,171000,194000,119000,244000,258000,152000,525000,405000,1932000,1100000,1324000,1100000,1273000,299000,840000,962000,307000,840000,986000,305000,2343000,1117000,1148000,3757000,4832000,1095000,1421000,1747000,
forall_inst: 946000,848000,1284000,698000,649000,670000,645000,661000,994000,864000,691000,676000,668000,1045000,961000,870000,1135000,733000,796000,690000,780000,837000,751000,756000,909000,988000,1634000,1691000,1762000,1280000,
la_mult_neg: 216000,220000,
or_simplify: 445000,463000,442000,
implies_neg1: 462000,377000,706000,259000,89000,166000,114000,236000,102000,177000,119000,248000,438000,346000,1271000,1279000,252000,267000,261000,943000,957000,1409000,892000,1790000,2274000,
implies_neg2: 648000,483000,1047000,282000,125000,88000,237000,120000,131000,90000,248000,128000,575000,425000,1032000,1029000,282000,802000,289000,820000,283000,803000,3346000,1292000,1224000,
__local_input: 64000,57000,70000,59000,20000,23000,33000,20000,24000,33000,22000,24000,34000,21000,23000,34000,65000,64000,68000,39000,37000,85000,65000,34000,39000,94000,60000,62000,63000,25000,25000,37000,88000,35000,23000,25000,98000,172000,165000,119000,79000,101000,79000,71000,73000,60000,71000,103000,96000,
poly_simp_rel: 946000,935000,1379000,1157000,902000,922000,960000,951000,971000,976000,897000,964000,969000,981000,1103000,980000,1337000,1324000,1278000,952000,934000,945000,926000,932000,928000,962000,952000,1774000,1797000,2670000,2461000,1528000,1001000,1251000,
equiv_simplify: 148000,155000,524000,605000,978000,948000,532000,519000,
implies_simplify: 234000,163000,249000,177000,1681000,
__normalized_input: 5098000,4940000,4819000,4999000,4927000,3458000,35410000,4969000,4482000,2686000,2464000,2424000,1814000,909000,1673000,
rare_rewrite_eq-symm: 711000,135000,142000,143000,468000,288000,126000,128000,139000,121000,126000,180000,125000,126000,131000,
rare_rewrite_bool-eq-true: 5864000,6142000,6081000,
rare_rewrite_arith-elim-gt: 5622000,5620000,
rare_rewrite_arith-elim-lt: 5775000,5574000,5953000,5687000,5682000,5579000,6000000,5793000,
rare_rewrite_bool-eq-false: 8433000,7006000,
rare_rewrite_arith-elim-leq: 5418000,5429000,
rare_rewrite_bool-impl-elim: 5817000,5849000,5702000,
rare_rewrite_bool-double-not-elim: 91000,92000,120000,86000,146000,438000,

