1; Draft.Scratch_smt_check_7_23606; 2026-04-10 13:46:10.204;
bind: 129000,128000,123000,122000,213000,244000,
cong: 360000,364000,635000,378000,387000,705000,98000,347000,241000,139000,86000,82000,107000,68000,45000,217000,223000,388000,220000,224000,404000,61000,212000,244000,174000,234000,318000,104000,120000,73000,36000,47000,49000,90000,84000,117000,75000,199000,113000,53000,63000,73000,423000,392000,596000,448000,374000,627000,97000,353000,397000,215000,80000,200000,144000,225000,134000,595000,
refl: 44000,40000,94000,132000,36000,58000,26000,25000,26000,23000,50000,75000,21000,57000,61000,28000,27000,70000,42000,43000,92000,127000,31000,101000,42000,48000,70000,
symm: 61000,56000,62000,292000,239000,128000,133000,
trans: 504000,580000,560000,509000,521000,186000,174000,95000,96000,95000,73000,263000,327000,284000,278000,292000,189000,176000,305000,302000,299000,107000,290000,105000,95000,102000,529000,599000,539000,517000,533000,337000,323000,149000,192000,181000,178000,
equiv1: 437000,244000,78000,
or_neg: 210000,276000,242000,
and_pos: 304000,332000,254000,355000,540000,377000,
implies: 113000,117000,107000,15111000,192000,
not_and: 225000,
parsing: 27521000,
evaluate: 533000,232000,284000,141000,306000,234000,268000,469000,
subproof: 1008000,1155000,1116000,1019000,2775000,1970000,
and_intro: 85000,557000,
poly_simp: 3488000,5495000,2305000,1605000,1812000,1708000,3372000,2022000,1527000,1649000,3431000,5736000,2788000,3367000,6366000,3880000,3036000,3145000,
equiv_pos2: 211000,81000,78000,126000,37000,205000,229000,259000,75000,81000,133000,36000,176000,413000,144000,170000,251000,62000,559000,
la_generic: 6840000,
reordering: 154000,293000,916000,179000,1859000,321000,
resolution: 386000,548000,141000,137000,187000,239000,227000,225000,146000,198000,447000,533000,263000,329000,474000,356000,915000,122000,237000,295000,263000,176000,383000,158000,142000,267000,317000,259000,140000,136000,185000,213000,243000,371000,142000,237000,1238000,1133000,1715000,564000,260000,262000,307000,345000,391000,377000,250000,381000,
contraction: 166000,418000,418000,451000,242000,173000,1234000,1191000,335000,
forall_inst: 655000,712000,1258000,
la_mult_neg: 210000,
implies_neg1: 131000,263000,143000,539000,268000,1036000,
implies_neg2: 133000,290000,175000,138000,1159000,256000,
__local_input: 49000,66000,50000,41000,52000,35000,119000,31000,106000,66000,
poly_simp_rel: 2142000,1151000,1100000,2340000,
equiv_simplify: 150000,
implies_simplify: 537000,329000,
__normalized_input: 6402000,4293000,833000,1463000,
rare_rewrite_eq-symm: 62000,98000,58000,96000,56000,96000,61000,113000,60000,96000,62000,103000,116000,167000,134000,178000,109000,195000,
rare_rewrite_arith-elim-lt: 6534000,7199000,
rare_rewrite_arith-elim-leq: 7566000,6044000,11982000,
rare_rewrite_bool-double-not-elim: 510000,

