1; Draft.Scratch_smt_check_7_27952; 2026-04-10 13:46:10.749;
bind: 253000,258000,297000,265000,137000,148000,222000,207000,306000,269000,148000,144000,334000,339000,439000,418000,258000,264000,210000,265000,304000,269000,231000,258000,
cong: 280000,135000,115000,138000,82000,210000,165000,179000,98000,126000,93000,95000,95000,91000,127000,94000,143000,94000,289000,125000,140000,372000,217000,166000,182000,96000,119000,83000,86000,88000,90000,155000,82000,203000,130000,215000,138000,479000,237000,226000,704000,296000,471000,284000,461000,239000,190000,161000,96000,281000,128000,109000,105000,79000,136000,96000,160000,97000,295000,122000,144000,383000,219000,167000,183000,103000,124000,94000,137000,132000,134000,456000,
refl: 23000,51000,33000,32000,58000,57000,52000,39000,24000,32000,33000,54000,
symm: 5800000,209000,149000,181000,91000,
trans: 216000,218000,216000,227000,154000,113000,105000,109000,107000,107000,128000,109000,133000,109000,154000,169000,222000,210000,242000,227000,118000,92000,96000,105000,105000,230000,268000,208000,219000,249000,179000,263000,187000,299000,303000,443000,413000,453000,188000,379000,372000,138000,208000,133000,110000,129000,112000,157000,172000,223000,212000,241000,155000,119000,115000,176000,173000,181000,
equiv1: 325000,187000,168000,156000,
or_neg: 237000,260000,291000,217000,226000,209000,423000,475000,522000,239000,269000,338000,
or_pos: 289000,335000,519000,
and_pos: 308000,233000,220000,181000,211000,211000,
implies: 198000,215000,240000,369000,295000,332000,336000,186000,206000,
not_and: 210000,
parsing: 61251000,
aci_simp: 1182000,1207000,1301000,
evaluate: 436000,447000,211000,316000,398000,369000,435000,
subproof: 1125000,1163000,1190000,1076000,2193000,2080000,1278000,1189000,1401000,
and_intro: 102000,353000,230000,
poly_simp: 2866000,2846000,2950000,2336000,1761000,1762000,1775000,1764000,1803000,1720000,1767000,1855000,1827000,1827000,1896000,1773000,1822000,3732000,3113000,3159000,3262000,3362000,5264000,7649000,4884000,4858000,5081000,2201000,2560000,2783000,2835000,2947000,2279000,2040000,1846000,1911000,1786000,1870000,3260000,3202000,3310000,
equiv_pos1: 94000,181000,99000,
equiv_pos2: 174000,173000,299000,219000,97000,88000,143000,148000,340000,121000,348000,198000,90000,88000,145000,288000,290000,757000,232000,689000,184000,257000,356000,318000,351000,313000,132000,209000,178000,306000,143000,152000,366000,129000,345000,439000,160000,162000,486000,
la_generic: 12074000,
reordering: 362000,319000,275000,702000,353000,693000,775000,352000,739000,
resolution: 178000,186000,289000,325000,383000,357000,190000,295000,252000,291000,317000,161000,236000,167000,259000,173000,207000,270000,343000,414000,391000,208000,272000,263000,484000,685000,422000,490000,246000,279000,362000,310000,943000,112000,218000,299000,230000,172000,351000,158000,172000,262000,292000,327000,215000,243000,166000,245000,244000,308000,308000,293000,314000,351000,434000,670000,704000,642000,404000,431000,524000,821000,1157000,243000,365000,369000,357000,304000,440000,538000,721000,595000,303000,430000,557000,524000,817000,188000,279000,323000,376000,367000,189000,297000,175000,214000,303000,341000,419000,414000,286000,276000,279000,518000,646000,254000,304000,334000,291000,367000,278000,380000,
contraction: 322000,342000,440000,377000,311000,354000,209000,611000,851000,602000,474000,486000,316000,341000,481000,
forall_inst: 758000,795000,653000,677000,792000,827000,642000,725000,1418000,1544000,826000,809000,1580000,1240000,1246000,
la_mult_neg: 403000,
la_mult_pos: 466000,
implies_neg1: 291000,278000,503000,353000,506000,352000,282000,279000,840000,
implies_neg2: 281000,310000,228000,149000,568000,501000,474000,276000,317000,
__local_input: 82000,73000,111000,91000,121000,33000,29000,39000,88000,72000,48000,64000,65000,
poly_simp_rel: 1050000,1022000,1086000,1034000,996000,1030000,1001000,993000,982000,994000,1062000,1016000,983000,990000,986000,974000,2114000,1881000,2038000,1950000,1822000,1829000,1923000,1952000,1052000,1007000,1036000,1096000,1084000,1042000,1122000,1075000,1032000,1822000,1845000,1878000,
equiv_simplify: 278000,368000,
implies_simplify: 411000,287000,
__normalized_input: 5179000,4544000,1598000,885000,885000,1064000,
rare_rewrite_eq-symm: 136000,139000,215000,242000,298000,425000,136000,145000,222000,
rare_rewrite_arith-elim-gt: 11781000,
rare_rewrite_arith-elim-lt: 5938000,5955000,6287000,6035000,5972000,6008000,6003000,6119000,5890000,5909000,6011000,5898000,6156000,11157000,11371000,11514000,13634000,6142000,6284000,6515000,6019000,24356000,11226000,11326000,11717000,
rare_rewrite_arith-elim-leq: 12051000,
rare_rewrite_bool-impl-elim: 6325000,6408000,6621000,
rare_rewrite_bool-and-de-morgan: 6084000,6248000,6403000,
rare_rewrite_bool-double-not-elim: 93000,118000,163000,108000,93000,125000,330000,230000,168000,114000,93000,117000,264000,

