1; Draft.Scratch_smt_check_7_1673; 2026-04-10 13:46:11.244;
bind: 191000,188000,190000,201000,192000,204000,198000,
cong: 405000,185000,201000,402000,271000,280000,396000,452000,342000,118000,370000,430000,276000,103000,91000,99000,68000,48000,60000,306000,120000,57000,107000,128000,302000,389000,247000,97000,83000,102000,294000,115000,94000,113000,107000,137000,401000,263000,286000,397000,460000,337000,117000,365000,428000,271000,143000,93000,134000,81000,48000,59000,303000,115000,53000,102000,112000,299000,383000,285000,98000,86000,105000,299000,109000,101000,117000,401000,263000,313000,405000,454000,339000,121000,379000,431000,266000,103000,92000,98000,67000,47000,60000,309000,115000,54000,108000,116000,309000,388000,251000,99000,88000,104000,309000,108000,100000,111000,348000,137000,139000,1322000,86000,62000,74000,81000,51000,71000,173000,226000,153000,320000,122000,83000,87000,54000,80000,334000,88000,60000,76000,193000,241000,188000,318000,117000,124000,78000,81000,55000,73000,344000,347000,161000,167000,247000,116000,138000,85000,57000,79000,714000,537000,589000,481000,689000,749000,580000,188000,712000,730000,438000,189000,154000,172000,113000,78000,97000,504000,190000,99000,205000,191000,544000,634000,393000,162000,142000,162000,460000,174000,166000,178000,706000,269000,278000,251000,394000,455000,342000,121000,374000,431000,268000,102000,91000,100000,66000,49000,59000,309000,129000,93000,172000,116000,307000,393000,255000,110000,89000,106000,300000,120000,101000,116000,339000,141000,142000,92000,59000,94000,1389000,
ite1: 265000,244000,
ite2: 271000,257000,
refl: 52000,55000,129000,138000,33000,22000,17000,35000,23000,47000,30000,135000,137000,30000,24000,17000,32000,22000,48000,31000,129000,138000,30000,21000,17000,33000,24000,50000,29000,20000,19000,28000,19000,41000,19000,21000,28000,34000,27000,20000,48000,51000,130000,120000,21000,266000,279000,227000,220000,44000,36000,30000,62000,39000,98000,46000,125000,142000,127000,116000,31000,21000,17000,62000,37000,50000,32000,19000,83000,
symm: 78000,193000,182000,84000,83000,217000,243000,192000,78000,175000,76000,176000,162000,227000,163000,79000,79000,186000,147000,158000,163000,184000,89000,185000,81000,180000,157000,103000,225000,256000,194000,86000,
true: 55000,59000,
trans: 535000,564000,355000,573000,586000,263000,116000,141000,141000,309000,139000,160000,161000,227000,547000,570000,362000,582000,583000,266000,122000,141000,153000,312000,135000,192000,162000,232000,540000,563000,359000,584000,582000,261000,119000,145000,149000,309000,132000,164000,161000,234000,214000,205000,246000,246000,253000,108000,232000,188000,159000,164000,173000,180000,285000,277000,285000,121000,240000,217000,155000,163000,174000,171000,177000,173000,351000,225000,1068000,1133000,683000,631000,1185000,1101000,468000,242000,251000,311000,582000,241000,286000,285000,394000,997000,755000,366000,327000,596000,621000,272000,114000,148000,153000,319000,136000,165000,171000,229000,217000,215000,
equiv1: 566000,304000,558000,562000,216000,336000,156000,244000,339000,157000,115000,504000,308000,1094000,947000,581000,520000,227000,
equiv2: 503000,544000,414000,547000,
or_neg: 587000,690000,633000,657000,232000,248000,240000,229000,243000,243000,598000,725000,636000,761000,
and_pos: 239000,218000,682000,871000,760000,781000,800000,740000,735000,235000,239000,245000,222000,234000,257000,242000,233000,246000,229000,247000,248000,248000,226000,674000,961000,1607000,1716000,1548000,1417000,1399000,
implies: 788000,709000,497000,338000,181000,209000,345000,808000,1331000,
not_and: 617000,233000,236000,613000,
not_not: 424000,440000,
parsing: 73634000,
evaluate: 355000,146000,198000,242000,285000,288000,147000,227000,247000,338000,
subproof: 1125000,1739000,1658000,1105000,1036000,1281000,1157000,1323000,1377000,1152000,3393000,3121000,
and_intro: 238000,668000,159000,239000,129000,141000,232000,442000,1552000,
poly_simp: 2051000,3103000,1875000,1586000,1754000,1577000,1538000,1641000,1569000,1631000,1688000,2743000,2692000,2134000,3233000,2008000,1636000,1804000,1556000,1562000,1624000,1617000,1635000,1737000,2077000,3211000,1932000,1660000,1804000,1572000,1615000,1680000,1592000,1543000,1624000,2655000,2604000,2371000,2167000,1552000,1648000,4817000,1904000,2427000,2225000,1570000,1645000,4683000,1947000,3368000,2840000,2643000,4156000,6091000,5734000,3694000,3164000,3141000,3114000,2999000,3115000,3165000,3028000,3033000,2097000,3329000,3666000,2037000,1690000,1937000,1699000,1689000,1764000,1704000,1711000,1766000,2722000,2842000,
equiv_pos2: 691000,377000,140000,102000,369000,368000,197000,1083000,117000,97000,121000,106000,178000,111000,111000,115000,121000,263000,118000,102000,203000,112000,113000,107000,119000,266000,617000,143000,117000,100000,740000,378000,165000,117000,2296000,
la_generic: 10424000,9311000,
reordering: 400000,940000,452000,3365000,2400000,361000,317000,693000,866000,318000,724000,869000,942000,460000,3452000,4674000,
resolution: 244000,276000,254000,222000,506000,541000,485000,459000,442000,1082000,2940000,646000,298000,311000,272000,473000,136000,301000,257000,1202000,916000,2332000,265000,480000,415000,1100000,835000,1757000,219000,240000,357000,505000,408000,607000,173000,236000,485000,525000,262000,266000,350000,303000,728000,122000,220000,233000,190000,231000,222000,187000,352000,261000,219000,222000,174000,267000,186000,264000,558000,528000,831000,182000,255000,488000,580000,274000,283000,358000,315000,722000,123000,214000,215000,206000,233000,238000,196000,356000,210000,215000,178000,272000,210000,190000,266000,554000,525000,836000,166000,259000,489000,447000,386000,1083000,3003000,636000,266000,344000,275000,487000,135000,298000,212000,169000,270000,1248000,946000,2439000,723000,849000,722000,651000,1906000,1419000,3085000,374000,413000,626000,793000,418000,389000,637000,181000,281000,
contraction: 1419000,292000,294000,1170000,1398000,1057000,1153000,416000,298000,346000,177000,491000,530000,418000,299000,367000,185000,477000,552000,1500000,276000,290000,1169000,1424000,2106000,2254000,
forall_inst: 731000,738000,756000,741000,797000,729000,851000,
la_mult_neg: 610000,304000,331000,
implies_neg1: 320000,1313000,1459000,165000,381000,536000,163000,359000,511000,333000,1348000,1506000,
implies_neg2: 209000,987000,859000,236000,127000,499000,232000,136000,543000,221000,1015000,1576000,
__local_input: 43000,68000,104000,79000,72000,27000,103000,67000,102000,62000,32000,29000,56000,29000,36000,57000,59000,36000,28000,58000,30000,36000,54000,42000,55000,112000,78000,94000,29000,108000,67000,106000,
poly_simp_rel: 1394000,1390000,1418000,1041000,1057000,1397000,1403000,1396000,1388000,1409000,1387000,998000,1005000,1032000,1144000,1072000,1093000,1373000,1069000,1067000,3088000,3103000,2610000,2614000,1478000,1461000,1453000,1439000,1064000,1084000,
equiv_simplify: 661000,666000,671000,656000,316000,310000,165000,607000,1351000,1156000,678000,589000,696000,355000,
implies_simplify: 391000,422000,229000,436000,237000,398000,
__normalized_input: 12785000,9357000,3663000,4227000,
rare_rewrite_ite-eq: 6883000,6927000,
rare_rewrite_eq-refl: 312000,401000,334000,282000,671000,668000,311000,286000,
rare_rewrite_ite-not-cond: 6091000,6271000,6168000,6367000,6250000,6246000,12381000,12181000,6387000,6758000,
rare_rewrite_arith-elim-gt: 6174000,6253000,
rare_rewrite_arith-elim-lt: 5707000,5983000,5740000,6119000,5696000,6100000,6097000,6976000,7166000,11314000,11304000,6084000,6292000,
rare_rewrite_bool-eq-false: 5945000,6121000,6518000,6678000,
rare_rewrite_arith-elim-leq: 6478000,6298000,
rare_rewrite_bool-double-not-elim: 178000,165000,37598000,

