1; Draft.Scratch_smt_check_7_18083; 2026-04-10 13:47:10.250;
bind: 321000,288000,312000,279000,367000,302000,264000,
cong: 189000,131000,185000,207000,112000,189000,122000,110000,298000,178000,113000,106000,134000,137000,212000,148000,107000,99000,160000,190000,259000,117000,176000,
refl: 88000,76000,29000,24000,43000,111000,
symm: 261000,275000,162000,
false: 19000,
trans: 264000,264000,261000,250000,224000,240000,164000,126000,259000,242000,247000,167000,131000,289000,228000,188000,207000,127000,136000,176000,316000,296000,307000,186000,289000,208000,
choice: 49000,95000,
equiv1: 182000,
or_neg: 287000,182000,209000,154000,169000,216000,156000,183000,
or_pos: 486000,297000,292000,
implies: 168000,257000,
parsing: 18242000,
aci_simp: 1233000,1141000,1093000,929000,
evaluate: 408000,241000,375000,411000,428000,
subproof: 1839000,
and_intro: 279000,
poly_simp: 3358000,1747000,1781000,1761000,2766000,2780000,5684000,
equiv_pos1: 117000,69000,
equiv_pos2: 172000,190000,196000,359000,137000,141000,250000,173000,172000,296000,
la_generic: 11596000,
reordering: 649000,506000,292000,265000,380000,396000,274000,
resolution: 195000,296000,419000,343000,362000,373000,425000,541000,496000,297000,199000,216000,244000,304000,317000,370000,458000,518000,304000,317000,191000,307000,1254000,173000,305000,1255000,213000,324000,258000,277000,314000,
sko_forall: 2263000,
contraction: 410000,305000,300000,
forall_inst: 1548000,810000,819000,
la_mult_neg: 291000,
implies_neg1: 363000,
implies_neg2: 341000,
__local_input: 99000,
poly_simp_rel: 1944000,994000,1015000,
equiv_simplify: 273000,
__normalized_input: 2779000,1488000,1242000,
rare_rewrite_eq-symm: 147000,139000,
rare_rewrite_arith-elim-gt: 11195000,
rare_rewrite_arith-elim-lt: 23847000,11914000,
rare_rewrite_arith-elim-leq: 11339000,5756000,6235000,
rare_rewrite_bool-impl-elim: 5995000,6044000,6142000,6334000,
rare_rewrite_bool-and-de-morgan: 5783000,5944000,5592000,5825000,
rare_rewrite_bool-double-not-elim: 84000,86000,99000,

