1; Draft.Scratch_smt_check_7_31288; 2026-04-10 13:48:14.862;
bind: 343000,380000,370000,366000,476000,376000,549000,465000,252000,250000,248000,196000,252000,214000,266000,
cong: 236000,152000,129000,187000,91000,221000,81000,298000,165000,94000,153000,112000,122000,105000,354000,128000,132000,222000,136000,104000,119000,236000,214000,152000,222000,193000,117000,102000,75000,219000,260000,91000,70000,64000,94000,59000,197000,172000,189000,76000,179000,
refl: 66000,62000,63000,87000,72000,51000,54000,25000,44000,41000,37000,34000,32000,39000,42000,44000,
symm: 152000,76000,112000,104000,84000,
trans: 267000,289000,363000,346000,308000,324000,201000,212000,215000,210000,159000,191000,106000,103000,104000,192000,93000,
equiv1: 243000,244000,224000,
equiv2: 153000,157000,101000,132000,127000,104000,
or_neg: 149000,1050000,294000,251000,257000,276000,291000,209000,222000,180000,194000,168000,174000,202000,116000,184000,167000,209000,111000,178000,170000,181000,
or_pos: 223000,266000,191000,191000,219000,173000,161000,180000,
and_neg: 168000,
and_pos: 205000,193000,191000,208000,206000,200000,194000,99000,180000,175000,167000,179000,98000,157000,155000,172000,160000,165000,157000,
implies: 228000,313000,264000,219000,285000,223000,
not_and: 319000,206000,197000,
not_not: 227000,126000,115000,
parsing: 43890000,
aci_simp: 1984000,1987000,2091000,
evaluate: 318000,217000,219000,
subproof: 1178000,2134000,2151000,1949000,2051000,2012000,1158000,1142000,1187000,
and_intro: 217000,201000,
equiv_pos1: 94000,143000,43000,46000,
equiv_pos2: 290000,268000,251000,443000,232000,238000,350000,303000,283000,352000,309000,164000,154000,275000,55000,156000,63000,209000,183000,61000,138000,57000,26000,179000,144000,44000,141000,153000,32000,160000,
reordering: 222000,389000,522000,326000,550000,623000,338000,532000,351000,248000,153000,220000,670000,240000,157000,231000,213000,302000,196000,138000,214000,229000,177000,145000,204000,212000,213000,458000,548000,
resolution: 188000,245000,212000,377000,405000,380000,261000,181000,183000,274000,347000,312000,366000,291000,397000,288000,506000,449000,541000,568000,283000,428000,327000,459000,304000,395000,453000,498000,491000,288000,411000,431000,489000,452000,266000,341000,393000,339000,441000,388000,483000,504000,487000,266000,376000,467000,446000,290000,269000,360000,388000,417000,419000,258000,404000,319000,675000,582000,291000,322000,343000,362000,1009000,279000,259000,262000,327000,448000,484000,1085000,590000,620000,183000,216000,284000,143000,174000,221000,531000,1518000,218000,271000,245000,847000,147000,149000,197000,179000,208000,275000,142000,185000,210000,186000,353000,400000,410000,387000,192000,233000,276000,376000,377000,205000,217000,252000,241000,560000,148000,279000,148000,201000,363000,372000,684000,
contraction: 339000,460000,440000,359000,448000,273000,353000,371000,412000,442000,457000,235000,308000,315000,319000,284000,220000,240000,306000,329000,
forall_inst: 961000,1017000,1341000,1404000,1324000,1352000,1257000,1512000,1542000,1394000,1194000,754000,904000,719000,1172000,775000,
implies_neg1: 282000,375000,378000,319000,267000,304000,271000,229000,324000,
implies_neg2: 338000,375000,364000,291000,209000,310000,185000,167000,318000,
__local_input: 88000,155000,121000,101000,38000,49000,42000,30000,49000,48000,39000,22000,38000,32000,24000,26000,59000,27000,23000,65000,
equiv_simplify: 278000,341000,190000,210000,213000,176000,
implies_simplify: 393000,334000,298000,
__normalized_input: 8370000,7650000,8333000,27785000,12073000,9897000,9474000,7937000,2408000,1374000,1351000,969000,938000,1014000,
rare_rewrite_eq-symm: 138000,171000,147000,150000,171000,151000,208000,207000,173000,204000,218000,217000,204000,178000,121000,129000,
rare_rewrite_bool-impl-elim: 11654000,11848000,11961000,6214000,6295000,6327000,
rare_rewrite_bool-and-de-morgan: 11500000,11435000,11619000,
rare_rewrite_bool-double-not-elim: 169000,167000,108000,107000,88000,130000,

