1; Draft.Scratch_smt_check_7_11007; 2026-04-10 13:52:19.400;
bind: 212000,312000,192000,220000,217000,230000,223000,226000,295000,245000,231000,183000,152000,233000,220000,211000,215000,227000,220000,301000,310000,289000,299000,316000,288000,279000,292000,224000,224000,217000,220000,238000,242000,298000,219000,228000,273000,285000,304000,305000,288000,302000,303000,293000,188000,156000,216000,247000,237000,192000,174000,322000,
cong: 106000,90000,110000,54000,47000,64000,73000,50000,121000,61000,53000,53000,55000,67000,44000,54000,71000,123000,88000,42000,37000,53000,47000,67000,78000,47000,68000,100000,51000,60000,73000,49000,100000,49000,55000,72000,45000,185000,97000,97000,49000,53000,81000,74000,82000,105000,74000,49000,71000,66000,50000,47000,77000,88000,68000,103000,78000,98000,71000,102000,254000,192000,248000,111000,68000,95000,67000,99000,62000,80000,93000,61000,96000,70000,96000,63000,87000,98000,64000,244000,112000,71000,119000,67000,77000,51000,85000,123000,76000,89000,69000,103000,82000,95000,84000,99000,258000,191000,126000,153000,70000,239000,134000,61000,71000,90000,152000,100000,110000,46000,50000,127000,67000,58000,58000,60000,87000,46000,77000,97000,53000,79000,74000,48000,87000,53000,116000,62000,77000,59000,54000,57000,99000,90000,103000,60000,73000,99000,63000,100000,77000,92000,57000,71000,95000,65000,246000,120000,74000,92000,68000,49000,46000,70000,89000,61000,94000,55000,89000,54000,56000,51000,63000,92000,78000,84000,110000,69000,44000,52000,73000,63000,82000,65000,60000,47000,65000,128000,95000,48000,47000,60000,50000,76000,
refl: 17000,21000,28000,18000,19000,18000,24000,16000,24000,31000,27000,31000,18000,23000,31000,18000,32000,19000,95000,28000,19000,29000,19000,31000,20000,34000,20000,109000,49000,29000,22000,20000,23000,27000,28000,18000,22000,20000,18000,23000,30000,31000,21000,18000,31000,21000,
symm: 120000,107000,118000,109000,114000,114000,107000,134000,114000,110000,108000,108000,10992000,242000,220000,216000,251000,159000,320000,130000,161000,293000,187000,126000,125000,129000,194000,142000,173000,145000,181000,147000,150000,105000,139000,115000,101000,106000,108000,116000,
trans: 227000,139000,231000,239000,186000,210000,229000,218000,175000,166000,204000,212000,160000,154000,199000,205000,165000,175000,323000,339000,328000,220000,138000,253000,259000,254000,261000,239000,139000,262000,302000,341000,206000,219000,166000,163000,202000,202000,166000,158000,336000,337000,334000,155000,207000,175000,192000,220000,136000,267000,269000,181000,214000,254000,179000,213000,168000,258000,267000,258000,268000,238000,144000,180000,194000,169000,140000,224000,175000,138000,187000,
choice: 71000,
and_neg: 1374000,
and_pos: 1115000,1086000,1078000,1143000,1066000,1077000,1071000,1131000,1063000,1042000,1051000,1039000,1073000,1050000,1222000,1028000,1056000,
implies: 214000,273000,232000,233000,1178000,280000,237000,238000,
parsing: 32068000,
subproof: 1099000,1181000,1115000,1151000,2170000,1194000,1124000,1138000,
equiv_pos2: 99000,47000,109000,48000,118000,174000,92000,109000,112000,187000,161000,51000,60000,131000,45000,55000,44000,82000,124000,127000,296000,269000,183000,183000,291000,301000,123000,127000,304000,276000,162000,110000,113000,154000,184000,187000,295000,44000,81000,46000,60000,128000,45000,134000,42000,53000,49000,91000,211000,
reordering: 315000,309000,2342000,21538000,309000,288000,
resolution: 1536000,260000,208000,253000,224000,197000,248000,220000,282000,192000,238000,203000,276000,297000,329000,315000,208000,261000,236000,277000,211000,220000,213000,199000,208000,261000,212000,212000,212000,182000,235000,212000,243000,274000,354000,457000,421000,276000,282000,204000,329000,414000,373000,243000,203000,287000,330000,424000,397000,232000,292000,257000,291000,2000000,1351000,978000,11323000,239000,259000,359000,438000,423000,259000,274000,228000,333000,408000,376000,243000,251000,284000,256000,200000,261000,226000,281000,213000,284000,335000,434000,392000,225000,298000,192000,235000,212000,216000,221000,218000,220000,204000,251000,209000,200000,210000,258000,204000,207000,216000,195000,264000,251000,329000,
contraction: 301000,423000,384000,395000,1612000,4319000,416000,407000,403000,
forall_inst: 707000,793000,696000,703000,818000,747000,723000,691000,731000,694000,839000,795000,806000,853000,829000,785000,830000,708000,812000,786000,660000,755000,706000,721000,750000,720000,709000,865000,
or_simplify: 465000,471000,462000,469000,
implies_neg1: 275000,345000,349000,359000,351000,350000,359000,2076000,
implies_neg2: 266000,432000,332000,360000,1240000,434000,336000,364000,
__local_input: 165000,186000,196000,207000,200000,207000,205000,54000,44000,44000,64000,41000,53000,48000,65000,46000,50000,56000,42000,53000,45000,55000,41000,113000,
__normalized_input: 38444000,37697000,36825000,74368000,22200000,17227000,13079000,11735000,10529000,9222000,7358000,6303000,5477000,4392000,3887000,3404000,3293000,3219000,3466000,3313000,1145000,1115000,
rare_rewrite_eq-refl: 118000,118000,
rare_rewrite_eq-symm: 216000,115000,244000,208000,163000,148000,196000,189000,193000,165000,140000,123000,109000,161000,148000,104000,136000,112000,164000,145000,104000,136000,309000,349000,122000,107000,124000,111000,225000,111000,161000,155000,100000,133000,110000,160000,143000,108000,138000,309000,354000,240000,207000,195000,219000,121000,112000,266000,114000,120000,155000,163000,139000,119000,159000,
rare_rewrite_bool-eq-true: 5957000,5713000,5811000,5966000,5782000,5818000,

