1; Draft.Scratch_smt_check_7_28960; 2026-04-10 13:52:21.881;
bind: 272000,259000,269000,254000,283000,282000,299000,283000,282000,296000,297000,395000,187000,347000,371000,354000,343000,233000,237000,581000,342000,365000,356000,342000,238000,244000,578000,196000,260000,235000,600000,349000,362000,348000,341000,195000,216000,349000,244000,215000,256000,196000,199000,278000,196000,205000,313000,322000,322000,271000,276000,432000,429000,551000,537000,550000,559000,247000,193000,279000,263000,445000,436000,566000,533000,551000,532000,247000,189000,269000,266000,432000,429000,544000,535000,554000,539000,7974000,191000,278000,264000,433000,422000,547000,533000,544000,538000,239000,191000,272000,261000,431000,423000,569000,542000,553000,549000,253000,188000,277000,266000,
cong: 93000,73000,79000,70000,219000,123000,120000,136000,77000,122000,86000,211000,176000,107000,73000,60000,72000,93000,100000,97000,73000,61000,71000,96000,97000,243000,132000,131000,71000,54000,252000,127000,121000,123000,67000,78000,58000,149000,100000,125000,395000,175000,102000,209000,65000,67000,78000,40000,89000,54000,72000,127000,117000,120000,68000,76000,64000,149000,84000,85000,51000,97000,100000,399000,169000,99000,199000,62000,61000,93000,95000,98000,392000,172000,100000,198000,60000,57000,130000,120000,127000,69000,82000,60000,146000,1151000,428000,275000,64000,80000,52000,77000,73000,253000,187000,123000,232000,195000,72000,48000,127000,62000,188000,56000,125000,89000,92000,7130000,80000,85000,49000,70000,115000,215000,76000,54000,170000,224000,57000,70000,197000,88000,90000,121000,76000,52000,75000,56000,78000,51000,75000,71000,72000,53000,75000,52000,66000,45000,145000,56000,144000,121000,94000,81000,132000,178000,91000,67000,57000,139000,120000,84000,68000,75000,49000,73000,129000,62000,75000,53000,164000,153000,169000,153000,461000,234000,252000,117000,57000,72000,51000,75000,50000,50000,67000,45000,52000,87000,65000,84000,77000,48000,73000,55000,185000,86000,67000,55000,140000,114000,85000,67000,79000,63000,77000,127000,59000,72000,56000,164000,153000,164000,151000,461000,240000,254000,114000,54000,67000,46000,74000,53000,52000,70000,45000,55000,87000,64000,174000,79000,63000,53000,135000,112000,80000,64000,72000,49000,72000,126000,62000,74000,53000,165000,156000,165000,154000,475000,234000,248000,118000,53000,73000,48000,72000,53000,49000,53000,89000,59000,54000,83000,340000,138000,116000,97000,66000,77000,50000,73000,127000,71000,73000,53000,170000,153000,167000,152000,460000,232000,263000,116000,57000,84000,50000,78000,53000,50000,67000,49000,53000,87000,64000,84000,58000,135000,116000,83000,68000,76000,50000,73000,145000,58000,70000,50000,168000,171000,173000,153000,471000,236000,246000,120000,58000,67000,47000,71000,50000,54000,72000,50000,57000,87000,68000,206000,
refl: 88000,84000,87000,80000,40000,29000,31000,36000,21000,34000,21000,35000,46000,39000,33000,19000,62000,35000,35000,51000,31000,20000,75000,27000,35000,41000,48000,34000,35000,48000,33000,20000,58000,52000,61000,40000,110000,20000,60000,40000,41000,29000,30000,17000,20000,55000,17000,38000,38000,24000,38000,30000,29000,32000,34000,38000,42000,18000,22000,19000,93000,43000,34000,19000,19000,22000,18000,92000,41000,19000,19000,18000,22000,19000,91000,61000,17000,18000,30000,19000,22000,92000,42000,18000,18000,19000,19000,22000,18000,91000,43000,17000,21000,
symm: 238000,252000,157000,127000,162000,8987000,126000,161000,218000,162000,123000,130000,120000,151000,150000,152000,155000,121000,120000,256000,133000,126000,141000,147000,121000,154000,153000,217000,258000,144000,134000,147000,141000,260000,139000,145000,134000,127000,251000,142000,123000,141000,139000,120000,159000,258000,133000,129000,149000,184000,
trans: 237000,263000,241000,253000,213000,216000,201000,218000,175000,194000,219000,176000,269000,265000,192000,274000,262000,189000,161000,149000,323000,324000,336000,169000,187000,185000,212000,275000,294000,214000,262000,325000,333000,514000,205000,178000,188000,173000,186000,275000,164000,176000,173000,185000,268000,328000,357000,323000,515000,177000,142000,161000,145000,186000,172000,168000,152000,121000,167000,170000,233000,149000,227000,147000,244000,240000,150000,152000,253000,212000,176000,393000,283000,269000,464000,460000,454000,362000,198000,166000,156000,149000,264000,231000,120000,147000,391000,328000,269000,513000,496000,475000,354000,191000,157000,149000,155000,255000,390000,290000,275000,452000,466000,458000,356000,197000,166000,155000,153000,242000,234000,378000,283000,268000,456000,458000,456000,356000,198000,167000,155000,172000,242000,142000,375000,284000,269000,464000,468000,455000,356000,203000,200000,162000,158000,253000,
choice: 29000,59000,
equiv1: 206000,938000,197000,158000,164000,141000,166000,278000,170000,175000,172000,145000,150000,271000,363000,282000,273000,275000,276000,289000,
equiv2: 190000,170000,173000,146000,191000,148000,149000,174000,174000,143000,145000,141000,141000,161000,219000,145000,213000,162000,219000,210000,147000,167000,215000,
or_neg: 238000,248000,230000,245000,487000,491000,472000,474000,463000,473000,492000,473000,470000,466000,466000,268000,258000,258000,288000,274000,298000,191000,240000,236000,256000,213000,215000,179000,218000,221000,211000,191000,193000,204000,256000,276000,182000,218000,223000,220000,221000,246000,243000,241000,241000,264000,238000,254000,209000,206000,204000,384000,206000,198000,215000,208000,223000,264000,263000,265000,252000,260000,271000,230000,229000,228000,231000,
or_pos: 285000,295000,294000,278000,303000,346000,332000,339000,337000,617000,262000,256000,244000,243000,519000,240000,239000,242000,249000,328000,241000,291000,320000,241000,297000,334000,238000,293000,357000,239000,311000,329000,248000,316000,
and_neg: 295000,249000,198000,216000,213000,215000,207000,216000,
and_pos: 240000,186000,208000,205000,193000,225000,571000,580000,551000,579000,599000,536000,546000,549000,529000,573000,532000,579000,584000,556000,542000,531000,555000,598000,533000,560000,536000,558000,139000,147000,140000,142000,173000,161000,154000,182000,135000,152000,140000,160000,162000,195000,166000,190000,218000,213000,206000,209000,229000,207000,203000,222000,207000,236000,151000,149000,142000,158000,152000,156000,142000,164000,148000,235000,239000,290000,229000,236000,238000,148000,229000,226000,244000,223000,230000,239000,153000,205000,208000,198000,227000,203000,212000,231000,211000,
implies: 262000,263000,298000,338000,218000,456000,247000,438000,249000,1047000,437000,251000,435000,224000,268000,146000,147000,176000,179000,152000,153000,179000,214000,222000,180000,187000,286000,189000,221000,223000,151000,147000,224000,447000,223000,438000,396000,227000,429000,445000,333000,433000,
not_and: 527000,268000,293000,244000,
not_not: 178000,169000,167000,162000,165000,173000,158000,161000,159000,180000,165000,197000,1615000,189000,204000,199000,160000,199000,
parsing: 276281000,
aci_simp: 1010000,1007000,
evaluate: 270000,232000,223000,238000,
subproof: 1922000,1621000,2343000,1094000,1112000,1304000,1148000,1607000,1362000,1132000,1994000,1312000,1113000,1298000,1333000,1141000,1014000,1012000,1048000,1047000,1013000,1017000,1041000,1316000,1115000,1076000,1106000,1115000,1178000,1067000,1106000,1148000,1060000,1052000,1096000,2075000,1212000,1132000,1952000,1308000,1111000,2030000,1193000,1969000,1256000,1976000,
and_intro: 196000,750000,131000,166000,132000,159000,232000,223000,136000,348000,297000,
equiv_pos1: 62000,66000,201000,63000,203000,64000,197000,122000,37000,
equiv_pos2: 137000,144000,266000,54000,146000,149000,260000,171000,155000,292000,175000,84000,193000,124000,124000,499000,358000,239000,200000,119000,125000,497000,357000,239000,85000,30000,121000,126000,491000,358000,236000,188000,82000,672000,543000,148000,91000,216000,225000,116000,214000,51000,159000,135000,122000,122000,92000,82000,89000,149000,142000,103000,210000,122000,54000,153000,37000,43000,162000,85000,91000,131000,39000,172000,170000,173000,94000,91000,148000,108000,213000,247000,362000,346000,629000,45000,127000,83000,141000,53000,214000,307000,363000,344000,609000,47000,134000,82000,140000,52000,28000,229000,246000,338000,347000,603000,129000,83000,136000,52000,43000,197000,253000,340000,346000,609000,44000,128000,95000,136000,29000,242000,338000,350000,610000,47000,127000,83000,139000,161000,
reordering: 357000,297000,391000,390000,321000,330000,490000,495000,297000,427000,323000,537000,800000,1119000,6151000,436000,325000,531000,812000,6690000,323000,536000,807000,463000,661000,332000,293000,496000,289000,220000,247000,251000,255000,324000,254000,326000,312000,287000,218000,260000,263000,278000,319000,321000,281000,232000,751000,848000,232000,248000,283000,342000,288000,355000,295000,267000,272000,301000,232000,490000,279000,420000,196000,277000,467000,1114000,494000,275000,414000,197000,279000,1227000,501000,282000,426000,207000,279000,365000,667000,489000,268000,427000,766000,496000,278000,434000,
resolution: 278000,5229000,259000,275000,295000,357000,420000,436000,284000,287000,328000,298000,354000,427000,473000,320000,291000,268000,319000,299000,373000,448000,458000,289000,311000,535000,1544000,474000,330000,318000,617000,220000,336000,318000,638000,219000,214000,272000,272000,225000,205000,253000,277000,302000,317000,294000,341000,280000,486000,604000,582000,345000,276000,296000,336000,400000,220000,230000,336000,388000,377000,255000,258000,2263000,10144000,485000,495000,690000,543000,4064000,208000,222000,237000,437000,306000,327000,294000,339000,279000,490000,604000,585000,354000,279000,299000,330000,398000,228000,236000,340000,377000,374000,246000,231000,210000,267000,1208000,1019000,4353000,236000,271000,349000,275000,480000,609000,584000,366000,282000,296000,324000,397000,232000,237000,333000,382000,365000,243000,229000,273000,324000,325000,209000,286000,320000,519000,630000,571000,352000,223000,214000,213000,263000,242000,440000,522000,352000,377000,271000,292000,329000,393000,416000,439000,381000,337000,234000,469000,449000,1529000,312000,253000,251000,367000,212000,256000,258000,389000,198000,203000,240000,262000,242000,241000,275000,286000,216000,299000,331000,409000,392000,363000,297000,293000,408000,218000,304000,297000,579000,215000,231000,245000,376000,356000,349000,265000,278000,427000,210000,260000,273000,409000,203000,220000,240000,232000,214000,207000,253000,273000,305000,295000,239000,254000,219000,219000,279000,240000,213000,243000,293000,260000,217000,357000,372000,275000,377000,421000,408000,362000,352000,405000,402000,367000,293000,296000,424000,217000,312000,297000,436000,813000,201000,238000,410000,434000,660000,2009000,255000,263000,311000,292000,1042000,206000,204000,245000,210000,220000,418000,396000,1116000,220000,210000,259000,284000,309000,301000,218000,279000,247000,264000,302000,216000,217000,233000,395000,366000,396000,272000,277000,401000,206000,249000,261000,302000,225000,205000,235000,271000,274000,415000,209000,203000,254000,263000,301000,220000,199000,240000,240000,385000,388000,352000,268000,270000,398000,202000,265000,274000,415000,203000,197000,240000,253000,294000,378000,380000,248000,231000,331000,364000,340000,236000,215000,252000,296000,349000,253000,232000,277000,288000,316000,385000,543000,750000,721000,392000,423000,229000,214000,283000,206000,253000,228000,252000,291000,224000,222000,816000,2753000,280000,294000,339000,303000,1360000,209000,207000,205000,247000,229000,325000,365000,344000,236000,224000,269000,305000,359000,271000,230000,293000,299000,376000,1169000,548000,753000,714000,397000,430000,229000,219000,280000,200000,254000,231000,258000,294000,222000,220000,240000,469000,436000,1442000,248000,225000,326000,363000,347000,237000,222000,259000,299000,352000,252000,224000,279000,290000,338000,399000,529000,743000,726000,401000,423000,217000,294000,205000,261000,224000,256000,284000,224000,224000,238000,553000,1460000,265000,255000,300000,280000,774000,208000,206000,298000,296000,352000,263000,221000,277000,297000,325000,386000,523000,755000,713000,401000,400000,227000,217000,269000,205000,260000,222000,256000,288000,220000,217000,239000,213000,216000,397000,399000,813000,257000,313000,350000,253000,223000,281000,293000,344000,400000,535000,760000,718000,402000,408000,239000,212000,274000,212000,258000,236000,268000,305000,243000,239000,294000,
sko_forall: 1193000,1122000,
contraction: 367000,372000,405000,485000,281000,314000,280000,312000,600000,345000,4301000,850000,1541000,607000,381000,1387000,2006000,602000,343000,630000,435000,297000,375000,356000,423000,190000,227000,191000,207000,281000,354000,229000,248000,229000,252000,281000,201000,217000,195000,212000,239000,289000,352000,330000,331000,237000,254000,247000,255000,359000,601000,260000,342000,368000,446000,250000,367000,272000,293000,287000,295000,294000,201000,215000,191000,219000,303000,310000,797000,915000,369000,473000,325000,1242000,506000,617000,316000,781000,523000,327000,376000,796000,420000,467000,1054000,
forall_inst: 820000,785000,812000,773000,718000,684000,865000,1006000,1049000,822000,798000,745000,902000,1018000,1035000,798000,801000,744000,718000,1007000,1044000,779000,878000,902000,763000,1009000,718000,733000,882000,767000,768000,765000,711000,681000,755000,676000,749000,740000,725000,692000,785000,795000,818000,757000,758000,927000,1133000,725000,684000,754000,714000,704000,786000,956000,1125000,720000,702000,781000,722000,699000,764000,955000,1170000,730000,697000,755000,741000,718000,936000,1153000,721000,670000,758000,705000,686000,722000,937000,1159000,739000,737000,765000,747000,724000,781000,
implies_neg1: 333000,331000,400000,290000,293000,507000,312000,506000,313000,973000,501000,310000,1433000,570000,279000,319000,177000,180000,220000,226000,179000,186000,226000,296000,280000,224000,237000,282000,380000,209000,187000,200000,184000,187000,290000,720000,291000,726000,337000,282000,730000,447000,724000,267000,726000,362000,
implies_neg2: 357000,348000,392000,258000,255000,714000,320000,585000,714000,324000,1406000,714000,322000,638000,281000,317000,169000,166000,236000,217000,176000,172000,212000,280000,284000,225000,216000,219000,400000,216000,182000,192000,179000,178000,273000,812000,251000,273000,807000,448000,281000,808000,224000,809000,357000,826000,
__local_input: 234000,234000,207000,45000,45000,69000,78000,70000,120000,261000,122000,243000,109000,48000,55000,55000,54000,64000,45000,51000,52000,66000,91000,120000,225000,97000,55000,55000,46000,57000,46000,64000,86000,81000,100000,103000,137000,122000,157000,76000,41000,40000,43000,48000,39000,53000,62000,46000,42000,64000,58000,114000,204000,214000,151000,49000,75000,80000,118000,43000,38000,39000,43000,73000,43000,50000,70000,77000,133000,238000,42000,62000,68000,84000,48000,79000,78000,124000,178000,310000,178000,322000,45000,48000,61000,75000,81000,118000,192000,339000,45000,60000,56000,58000,81000,105000,306000,64000,82000,89000,144000,316000,61000,59000,67000,132000,
equiv_simplify: 268000,244000,244000,235000,263000,210000,211000,230000,246000,209000,216000,211000,240000,241000,243000,220000,241000,217000,236000,218000,240000,206000,214000,210000,210000,295000,348000,216000,296000,357000,221000,290000,359000,303000,357000,215000,242000,296000,362000,
implies_simplify: 1075000,358000,411000,335000,
__normalized_input: 43557000,41441000,38316000,39814000,36691000,28219000,34978000,33023000,35174000,30428000,29783000,29336000,29055000,25547000,27042000,32622000,22383000,22410000,21609000,21134000,20902000,20805000,20585000,18244000,22105000,17622000,18110000,17037000,12746000,11005000,9840000,9670000,9298000,5562000,5527000,5216000,5181000,5201000,685000,
rare_rewrite_eq-refl: 245000,239000,249000,240000,242000,
rare_rewrite_eq-symm: 157000,136000,213000,243000,126000,189000,143000,180000,156000,160000,243000,150000,173000,125000,179000,172000,124000,182000,612000,247000,246000,147000,204000,127000,183000,173000,128000,185000,621000,253000,177000,176000,126000,184000,171000,130000,180000,611000,249000,249000,148000,163000,470000,239000,125000,161000,125000,171000,368000,124000,166000,125000,171000,169000,167000,138000,129000,212000,210000,331000,187000,163000,165000,137000,231000,210000,335000,183000,163000,169000,134000,211000,238000,334000,260000,161000,167000,206000,210000,332000,189000,165000,164000,252000,211000,328000,186000,163000,165000,
rare_rewrite_bool-eq-true: 6429000,6443000,6746000,6431000,6567000,
rare_rewrite_bool-impl-elim: 5708000,5745000,5747000,5836000,5944000,6055000,6134000,6624000,6304000,6647000,6445000,6302000,5855000,5895000,6048000,6028000,6089000,6220000,6079000,6242000,6418000,6401000,6252000,10350000,21627000,6441000,6249000,6276000,6516000,6557000,6189000,6256000,6477000,6386000,6136000,6303000,6459000,6465000,6351000,
rare_rewrite_bool-and-de-morgan: 5676000,5735000,
rare_rewrite_bool-double-not-elim: 142000,145000,194000,181000,171000,261000,154000,166000,170000,150000,242000,149000,160000,181000,158000,153000,157000,156000,182000,177000,

