1; Draft.Scratch_smt_check_7_20248; 2026-04-10 13:51:30.091;
bind: 503000,502000,842000,523000,470000,714000,499000,294000,265000,
cong: 227000,203000,210000,198000,136000,222000,200000,224000,268000,121000,105000,78000,80000,
refl: 148000,52000,118000,
symm: 340000,
trans: 475000,510000,460000,469000,414000,447000,466000,478000,439000,444000,
equiv1: 427000,
implies: 633000,
parsing: 3603000,
aci_simp: 2138000,2203000,2131000,
subproof: 2542000,
equiv_pos2: 55000,193000,436000,224000,359000,91000,
reordering: 460000,
resolution: 630000,467000,581000,593000,519000,791000,795000,910000,840000,607000,717000,
contraction: 998000,
forall_inst: 1312000,
implies_neg1: 429000,
implies_neg2: 754000,
__local_input: 594000,
connective_def: 594000,324000,
miniscope_split: 666000,
__normalized_input: 6876000,4203000,3868000,3709000,
rare_rewrite_eq-symm: 449000,196000,193000,
rare_rewrite_bool-eq-false: 11910000,
rare_rewrite_bool-impl-elim: 14212000,
rare_rewrite_bool-and-de-morgan: 12264000,12563000,10365000,

