1; Draft.Scratch_smt_check_7_26397; 2026-04-10 13:49:15.655;
bind: 546000,329000,280000,302000,334000,340000,295000,
cong: 206000,141000,166000,166000,130000,97000,
refl: 84000,56000,55000,39000,
trans: 349000,376000,285000,186000,204000,228000,213000,232000,187000,195000,153000,
or_pos: 259000,264000,263000,266000,261000,
implies: 226000,
parsing: 13920000,
aci_simp: 2155000,1085000,1114000,1200000,
subproof: 1592000,
equiv_pos2: 181000,194000,173000,161000,221000,183000,
reordering: 327000,282000,330000,379000,322000,
resolution: 490000,576000,290000,266000,309000,324000,217000,270000,302000,184000,230000,316000,270000,323000,330000,395000,444000,295000,321000,
contraction: 357000,
forall_inst: 837000,859000,824000,931000,823000,
implies_neg1: 320000,
implies_neg2: 317000,
__local_input: 134000,
__normalized_input: 2373000,2367000,1992000,1307000,618000,565000,658000,629000,
rare_rewrite_bool-impl-elim: 6563000,6374000,6543000,6517000,6309000,
rare_rewrite_bool-impl-false1: 6466000,
rare_rewrite_bool-and-de-morgan: 7668000,6149000,5951000,5976000,6698000,
rare_rewrite_bool-double-not-elim: 232000,139000,

