1; Draft.Scratch_smt_check_7_8174; 2026-04-10 13:49:11.318;
bind: 565000,483000,497000,440000,489000,492000,269000,196000,
cong: 181000,109000,233000,180000,226000,170000,628000,537000,157000,176000,182000,230000,218000,
refl: 41000,44000,164000,42000,166000,43000,47000,118000,49000,
symm: 129000,
false: 13000,
trans: 4109000,448000,377000,378000,332000,361000,497000,429000,367000,332000,388000,453000,398000,297000,375000,399000,349000,359000,
equiv2: 335000,141000,
or_pos: 541000,374000,182000,186000,367000,
implies: 645000,163000,
not_not: 144000,
parsing: 16363000,
aci_simp: 1992000,1875000,1972000,1926000,2092000,1990000,
evaluate: 243000,
subproof: 3526000,
equiv_pos1: 124000,
equiv_pos2: 316000,329000,850000,181000,294000,306000,337000,118000,88000,37000,
reordering: 772000,703000,522000,330000,206000,602000,201000,
resolution: 158000,202000,325000,404000,529000,958000,555000,750000,974000,1167000,734000,483000,411000,548000,503000,489000,534000,659000,518000,434000,556000,484000,192000,220000,290000,182000,212000,274000,173000,198000,232000,
contraction: 980000,
forall_inst: 1438000,1755000,1829000,1726000,1657000,744000,719000,
implies_neg1: 879000,
implies_neg2: 967000,
__local_input: 187000,
equiv_simplify: 551000,217000,
__normalized_input: 16038000,15430000,13144000,10974000,10484000,5686000,1053000,654000,582000,511000,468000,687000,
rare_rewrite_eq-symm: 319000,350000,262000,230000,
rare_rewrite_bool-impl-elim: 11483000,11564000,11520000,11298000,6333000,5995000,
rare_rewrite_bool-and-de-morgan: 11148000,11196000,11078000,11398000,11525000,11188000,
rare_rewrite_bool-double-not-elim: 459000,

