1; Draft.Scratch_smt_check_7_30299; 2026-04-10 13:51:30.504;
bind: 544000,517000,543000,865000,824000,670000,625000,623000,578000,599000,588000,578000,590000,880000,799000,643000,659000,635000,574000,626000,564000,574000,583000,414000,346000,751000,704000,447000,450000,
cong: 515000,181000,202000,189000,116000,51000,51000,74000,46000,64000,286000,327000,263000,247000,209000,203000,125000,368000,372000,355000,315000,367000,195000,285000,227000,169000,136000,232000,121000,71000,366000,377000,336000,302000,375000,205000,269000,231000,172000,132000,241000,117000,66000,724000,366000,369000,87000,59000,89000,224000,231000,163000,150000,102000,104000,187000,196000,327000,350000,231000,
refl: 52000,24000,22000,32000,81000,148000,89000,169000,90000,90000,94000,174000,95000,91000,232000,22000,
symm: 412000,185000,523000,540000,225000,
false: 14000,
trans: 362000,525000,520000,527000,519000,511000,501000,416000,431000,242000,264000,280000,796000,614000,639000,583000,549000,577000,508000,559000,572000,525000,480000,520000,242000,277000,286000,260000,811000,660000,633000,565000,556000,581000,525000,562000,575000,514000,460000,481000,282000,269000,292000,265000,247000,334000,586000,510000,423000,423000,398000,363000,349000,366000,
choice: 46000,50000,69000,90000,
equiv1: 216000,
equiv2: 341000,210000,332000,
or_neg: 541000,570000,442000,274000,274000,271000,292000,357000,297000,327000,387000,343000,317000,360000,298000,368000,483000,384000,318000,
or_pos: 478000,434000,290000,634000,478000,
and_pos: 609000,
implies: 751000,
not_not: 285000,
parsing: 133565000,
aci_simp: 1365000,1070000,1391000,1394000,1104000,1198000,1471000,1447000,1155000,1188000,1289000,1182000,1172000,
evaluate: 360000,
qnt_join: 602000,590000,
subproof: 2839000,
equiv_pos2: 663000,197000,202000,36000,323000,578000,584000,1031000,190000,410000,213000,221000,391000,382000,232000,42000,
reordering: 771000,410000,697000,429000,635000,430000,322000,1027000,892000,559000,680000,
resolution: 211000,255000,307000,486000,500000,446000,681000,827000,311000,312000,312000,321000,502000,1462000,317000,460000,1441000,288000,328000,469000,391000,425000,487000,336000,274000,547000,433000,517000,516000,609000,802000,1026000,951000,551000,642000,276000,266000,275000,342000,419000,328000,537000,397000,452000,547000,538000,1456000,561000,639000,413000,
sko_forall: 1699000,2749000,3596000,
contraction: 865000,443000,470000,1189000,458000,602000,
forall_inst: 1235000,1164000,1470000,950000,1224000,
implies_neg1: 999000,
implies_neg2: 982000,
__local_input: 360000,
connective_def: 619000,788000,765000,
equiv_simplify: 441000,286000,287000,424000,
miniscope_split: 748000,778000,
__normalized_input: 5738000,5843000,5047000,23706000,10173000,9339000,
rare_rewrite_eq-symm: 180000,198000,214000,194000,179000,216000,222000,189000,
rare_rewrite_bool-eq-false: 6375000,
rare_rewrite_bool-impl-elim: 7236000,7984000,7506000,7561000,17807000,7752000,7421000,7077000,
rare_rewrite_bool-impl-false1: 7266000,6926000,7403000,
rare_rewrite_bool-and-de-morgan: 7409000,6517000,6752000,7756000,6604000,6901000,7598000,6512000,6870000,8393000,7561000,7182000,7595000,
rare_rewrite_bool-double-not-elim: 543000,211000,235000,511000,175000,190000,202000,179000,194000,225000,183000,198000,215000,229000,194000,

