1; Draft.Scratch_smt_check_7_20655; 2026-04-10 13:48:49.190;
bind: 190000,188000,190000,277000,214000,188000,185000,
cong: 76000,68000,80000,90000,79000,66000,79000,80000,161000,171000,
refl: 26000,26000,51000,
symm: 118000,120000,
trans: 188000,214000,192000,199000,132000,146000,149000,
or_pos: 238000,
implies: 158000,
parsing: 4495000,
subproof: 1594000,
equiv_pos2: 107000,123000,101000,298000,
reordering: 243000,
resolution: 194000,428000,234000,232000,315000,258000,299000,319000,195000,332000,
contraction: 431000,
forall_inst: 774000,782000,
implies_neg1: 268000,
implies_neg2: 225000,
__local_input: 117000,
__normalized_input: 3343000,3020000,3223000,1124000,
rare_rewrite_eq-refl: 249000,
rare_rewrite_eq-symm: 153000,140000,165000,158000,217000,345000,
rare_rewrite_bool-eq-true: 31029000,
rare_rewrite_bool-impl-elim: 6670000,

