1; Draft.Scratch_smt_check_7_21561; 2026-04-10 13:48:49.491;
bind: 323000,314000,210000,221000,336000,368000,335000,
cong: 134000,134000,196000,202000,335000,107000,
refl: 111000,28000,104000,
symm: 104000,307000,488000,
false: 14000,
trans: 173000,297000,225000,194000,312000,348000,321000,361000,288000,306000,303000,327000,318000,
equiv1: 283000,486000,
equiv2: 491000,245000,280000,
or_pos: 381000,
not_not: 250000,
parsing: 30420000,
aci_simp: 1470000,1162000,1552000,1240000,
evaluate: 435000,
equiv_pos2: 220000,33000,197000,58000,
reordering: 632000,
resolution: 130000,174000,221000,266000,359000,369000,262000,295000,240000,308000,372000,289000,334000,367000,
forall_inst: 1040000,1282000,
equiv_simplify: 623000,655000,335000,429000,
miniscope_split: 461000,
__normalized_input: 8202000,2687000,1978000,2558000,1982000,
rare_rewrite_eq-symm: 492000,
rare_rewrite_bool-eq-false: 6494000,
rare_rewrite_bool-impl-elim: 7463000,
rare_rewrite_bool-impl-false1: 6224000,6856000,
rare_rewrite_bool-and-de-morgan: 6810000,6158000,7454000,

