1; Draft.Scratch_smt_check_7_25356; 2026-04-10 13:48:49.148;
bind: 250000,308000,348000,315000,381000,340000,464000,520000,300000,
cong: 165000,175000,149000,71000,131000,127000,149000,83000,145000,263000,144000,206000,162000,146000,211000,
refl: 41000,26000,27000,462000,37000,26000,29000,155000,
symm: 290000,
trans: 277000,285000,283000,525000,286000,266000,110000,315000,288000,312000,244000,246000,233000,238000,230000,413000,361000,396000,208000,230000,249000,
choice: 41000,82000,
or_neg: 191000,207000,175000,177000,263000,17483000,
or_pos: 392000,501000,404000,
parsing: 23558000,
aci_simp: 1125000,1197000,1330000,1065000,1111000,1351000,1040000,1044000,
evaluate: 242000,
onepoint: 1478000,
qnt_join: 360000,
equiv_pos2: 134000,192000,142000,328000,156000,215000,
reordering: 257000,580000,265000,812000,503000,
resolution: 205000,233000,280000,256000,334000,313000,194000,301000,333000,189000,297000,357000,455000,409000,367000,371000,
sko_forall: 2151000,
contraction: 283000,252000,
forall_inst: 773000,899000,1140000,
connective_def: 451000,362000,
__normalized_input: 1851000,1198000,1377000,1082000,990000,1549000,
rare_rewrite_eq-refl: 109000,
rare_rewrite_eq-symm: 111000,
rare_rewrite_or-not-refl: 7696000,
rare_rewrite_bool-impl-elim: 7579000,7755000,
rare_rewrite_bool-and-de-morgan: 6695000,7006000,7898000,6956000,7570000,7040000,
rare_rewrite_bool-double-not-elim: 251000,174000,218000,

