1; Draft.Scratch_smt_check_7_3123; 2026-04-10 13:44:41.455;
bind: 208000,207000,273000,276000,337000,348000,227000,452000,479000,667000,601000,418000,516000,470000,582000,548000,347000,317000,315000,373000,391000,251000,323000,319000,364000,322000,240000,
cong: 159000,80000,75000,80000,79000,164000,211000,116000,185000,191000,214000,368000,224000,353000,189000,205000,119000,391000,209000,305000,127000,184000,376000,210000,127000,196000,130000,132000,214000,130000,181000,121000,151000,
refl: 44000,84000,105000,32000,52000,48000,43000,
symm: 181000,
trans: 282000,582000,286000,502000,294000,154000,303000,
choice: 79000,
equiv1: 138000,
equiv2: 233000,
or_neg: 183000,171000,211000,162000,206000,172000,210000,304000,320000,258000,347000,356000,389000,298000,361000,263000,187000,190000,166000,184000,198000,167000,171000,194000,187000,
or_pos: 519000,438000,528000,442000,305000,236000,307000,242000,307000,447000,
and_neg: 228000,405000,
and_pos: 341000,334000,326000,339000,192000,181000,170000,194000,
implies: 244000,382000,444000,379000,452000,210000,241000,213000,254000,
not_not: 358000,
parsing: 41639000,
subproof: 1471000,2167000,2710000,2151000,2668000,1216000,1526000,1245000,1513000,
and_intro: 365000,210000,
equiv_neg1: 30000,
equiv_neg2: 32000,
equiv_pos1: 44000,43000,
equiv_pos2: 139000,115000,46000,114000,141000,143000,147000,248000,424000,216000,230000,271000,281000,528000,439000,233000,237000,275000,278000,496000,237000,126000,118000,170000,47000,154000,148000,255000,240000,135000,125000,149000,149000,280000,232000,129000,231000,
reordering: 229000,235000,235000,764000,400000,606000,577000,725000,784000,401000,601000,747000,418000,212000,338000,181000,245000,302000,513000,421000,218000,326000,416000,423000,220000,694000,
resolution: 234000,194000,365000,378000,211000,185000,519000,183000,177000,238000,181000,240000,364000,381000,203000,237000,275000,317000,374000,402000,249000,293000,178000,282000,257000,283000,330000,435000,541000,733000,842000,649000,512000,460000,819000,297000,350000,392000,450000,540000,718000,656000,402000,482000,300000,522000,445000,615000,599000,432000,530000,536000,469000,764000,333000,305000,362000,346000,424000,478000,562000,643000,703000,398000,479000,287000,492000,483000,504000,514000,277000,322000,323000,297000,276000,449000,187000,265000,272000,319000,325000,395000,419000,271000,329000,187000,307000,278000,319000,370000,276000,375000,282000,270000,467000,206000,248000,314000,323000,377000,409000,251000,338000,176000,296000,265000,290000,355000,274000,334000,
sko_forall: 1973000,2259000,1184000,1164000,1147000,
contraction: 305000,315000,337000,484000,739000,648000,537000,629000,427000,509000,527000,636000,248000,275000,361000,348000,256000,271000,297000,387000,255000,
forall_inst: 707000,746000,817000,1674000,1584000,1640000,1463000,929000,847000,1131000,865000,917000,
implies_neg1: 325000,625000,578000,243000,263000,329000,359000,465000,487000,
implies_neg2: 322000,427000,580000,404000,564000,211000,324000,221000,332000,
__local_input: 79000,132000,129000,25000,34000,27000,45000,82000,92000,40000,62000,53000,103000,
equiv_simplify: 382000,217000,
__normalized_input: 10804000,5897000,5835000,1256000,1351000,
rare_rewrite_eq-symm: 140000,142000,172000,310000,294000,192000,185000,
rare_rewrite_bool-impl-elim: 6314000,6277000,6248000,17032000,11599000,11981000,13291000,12705000,12359000,12586000,11938000,11734000,7123000,6986000,7276000,7145000,7150000,6747000,6558000,6261000,
rare_rewrite_bool-double-not-elim: 141000,243000,253000,226000,149000,146000,279000,

