1; Draft.Scratch_smt_check_7_25218; 2026-04-10 13:45:02.354;
and: 109000,117000,130000,132000,104000,156000,190000,118000,148000,205000,
bind: 303000,303000,510000,504000,
cong: 175000,125000,158000,165000,196000,77000,310000,216000,223000,256000,324000,171000,550000,474000,111000,146000,
refl: 28000,45000,
symm: 139000,149000,
trans: 249000,225000,229000,203000,205000,207000,182000,194000,166000,181000,487000,372000,421000,401000,394000,374000,355000,449000,
or_pos: 561000,
implies: 421000,
parsing: 20547000,
aci_simp: 1198000,1079000,1066000,1130000,2288000,2010000,2105000,5294000,
subproof: 4105000,
equiv_pos2: 228000,371000,743000,
reordering: 776000,
resolution: 438000,329000,601000,688000,800000,1179000,838000,532000,
contraction: 796000,
forall_inst: 1582000,
implies_neg1: 634000,
implies_neg2: 624000,
__local_input: 150000,
__normalized_input: 2249000,1843000,1899000,1452000,
rare_rewrite_eq-symm: 68000,88000,112000,106000,229000,247000,123000,184000,235000,
rare_rewrite_bool-impl-elim: 7479000,24410000,
rare_rewrite_bool-and-de-morgan: 6877000,7461000,7262000,12465000,13284000,28628000,

