1; Draft.Scratch_smt_check_7_17856; 2026-04-10 13:51:10.798;
bind: 184000,154000,165000,149000,156000,162000,
cong: 78000,162000,
refl: 74000,
symm: 110000,102000,119000,
trans: 144000,178000,124000,
equiv1: 181000,
equiv2: 129000,128000,
or_neg: 180000,184000,185000,
and_neg: 185000,
and_pos: 126000,162000,135000,138000,146000,142000,158000,140000,146000,165000,
implies: 128000,138000,195000,
not_and: 200000,
not_not: 144000,
parsing: 4667000,
evaluate: 240000,
subproof: 1068000,1094000,1124000,1112000,
and_intro: 131000,148000,
equiv_pos1: 41000,34000,
equiv_pos2: 39000,82000,73000,80000,71000,36000,77000,27000,97000,102000,
not_equiv1: 124000,
not_equiv2: 125000,
reordering: 241000,234000,207000,208000,253000,265000,220000,371000,437000,
resolution: 201000,224000,201000,175000,433000,201000,185000,255000,179000,229000,295000,237000,228000,372000,173000,186000,241000,238000,257000,409000,174000,264000,386000,408000,224000,223000,257000,259000,590000,192000,185000,344000,288000,186000,220000,310000,315000,609000,197000,276000,
contraction: 173000,196000,169000,198000,292000,188000,222000,250000,275000,
forall_inst: 720000,693000,691000,672000,705000,736000,718000,
implies_neg1: 165000,171000,190000,240000,
implies_neg2: 151000,155000,174000,248000,
__local_input: 35000,38000,39000,120000,46000,34000,126000,40000,45000,124000,
equiv_simplify: 202000,209000,
implies_simplify: 268000,
__normalized_input: 671000,644000,844000,
rare_rewrite_eq-symm: 134000,128000,137000,127000,144000,141000,
rare_rewrite_bool-double-not-elim: 138000,

