1; Draft.Scratch_smt_check_7_26993; 2026-04-10 13:46:20.607;
bind: 640000,670000,204000,1431000,1397000,221000,1407000,1386000,250000,167000,353000,572000,280000,279000,248000,237000,1115000,1130000,378000,396000,1136000,656000,242000,226000,134000,
cong: 248000,233000,144000,516000,374000,383000,261000,229000,224000,491000,666000,248000,273000,187000,169000,524000,414000,386000,268000,232000,237000,497000,668000,263000,266000,191000,180000,1210000,1186000,128000,95000,104000,102000,85000,94000,59000,142000,138000,250000,174000,177000,155000,304000,128000,119000,297000,206000,329000,398000,413000,217000,407000,236000,134000,253000,
refl: 75000,73000,65000,56000,54000,50000,32000,48000,60000,54000,49000,31000,49000,67000,17000,19000,31000,66000,24000,23000,22000,24000,24000,33000,118000,25000,26000,56000,25000,29000,135000,136000,112000,156000,77000,66000,48000,71000,
symm: 211000,159000,304000,
trans: 467000,360000,382000,920000,752000,779000,673000,658000,643000,493000,435000,409000,650000,630000,601000,484000,430000,924000,760000,820000,665000,666000,649000,506000,432000,413000,650000,637000,643000,486000,422000,191000,130000,352000,242000,208000,252000,839000,645000,737000,963000,630000,661000,
choice: 69000,
equiv1: 165000,214000,383000,321000,300000,681000,295000,167000,
equiv2: 163000,293000,172000,329000,383000,
or_neg: 149000,164000,162000,189000,232000,251000,196000,186000,159000,360000,443000,417000,
or_pos: 349000,215000,1468000,630000,345000,
and_neg: 545000,
and_pos: 226000,263000,205000,244000,258000,242000,215000,347000,533000,529000,513000,445000,547000,682000,
implies: 1054000,203000,210000,301000,289000,332000,729000,
not_and: 485000,
not_not: 148000,286000,
parsing: 109451000,
aci_simp: 1308000,2000000,1667000,1494000,1411000,1412000,1225000,1330000,2106000,1601000,1439000,1488000,1315000,1361000,1292000,2432000,2394000,
evaluate: 365000,
not_symm: 135000,
subproof: 5664000,1405000,1471000,1265000,1302000,2026000,2255000,2691000,
and_intro: 234000,501000,
equiv_pos1: 38000,
equiv_pos2: 440000,882000,907000,1644000,94000,112000,121000,245000,160000,209000,429000,191000,193000,381000,173000,142000,878000,184000,48000,440000,103000,76000,248000,
reordering: 523000,187000,281000,251000,465000,952000,954000,3257000,1389000,987000,1722000,532000,
resolution: 196000,262000,349000,403000,182000,602000,1030000,628000,1080000,1503000,1840000,1062000,631000,204000,174000,230000,251000,168000,161000,223000,176000,339000,341000,224000,209000,255000,230000,349000,415000,249000,374000,378000,409000,423000,358000,320000,317000,541000,405000,369000,904000,198000,413000,378000,984000,276000,358000,300000,418000,275000,278000,276000,461000,288000,365000,462000,532000,483000,291000,416000,285000,322000,764000,871000,425000,457000,599000,491000,1214000,289000,339000,409000,287000,334000,341000,478000,578000,684000,322000,470000,881000,820000,1425000,431000,609000,688000,183000,278000,163000,287000,
sko_forall: 1503000,
contraction: 1694000,254000,292000,349000,347000,279000,398000,465000,397000,458000,473000,915000,612000,724000,1109000,1054000,
forall_inst: 1037000,1816000,857000,798000,1323000,1464000,1350000,1270000,1857000,1038000,703000,
implies_neg1: 1475000,281000,290000,796000,800000,414000,694000,524000,
implies_neg2: 1558000,287000,306000,367000,414000,502000,429000,979000,
__local_input: 258000,76000,68000,57000,62000,25000,52000,77000,55000,24000,66000,105000,61000,33000,84000,19000,32000,50000,
equiv_simplify: 227000,319000,414000,555000,335000,431000,495000,506000,
implies_simplify: 890000,
__normalized_input: 10920000,8358000,8089000,7597000,3001000,2768000,716000,705000,741000,562000,517000,585000,487000,648000,
rare_rewrite_eq-symm: 172000,173000,176000,170000,230000,125000,98000,286000,203000,214000,341000,198000,189000,112000,
rare_rewrite_bool-impl-elim: 6164000,5944000,7890000,6717000,8049000,6608000,11623000,12350000,11592000,11546000,8997000,6172000,6512000,
rare_rewrite_bool-and-de-morgan: 5773000,6304000,6331000,16187000,6546000,7401000,8271000,6802000,6834000,6960000,7330000,7012000,7226000,11605000,11807000,
rare_rewrite_bool-double-not-elim: 102000,223000,164000,205000,

