1; Draft.Scratch_smt_check_7_16962; 2026-04-10 13:45:30.909;
bind: 218000,351000,459000,285000,369000,371000,
cong: 104000,81000,223000,123000,
refl: 29000,78000,
symm: 143000,
false: 17000,
trans: 116000,113000,134000,97000,262000,303000,287000,
equiv2: 158000,171000,
or_pos: 336000,378000,377000,337000,
not_not: 175000,
parsing: 18376000,
aci_simp: 980000,2054000,
evaluate: 272000,
equiv_pos2: 291000,260000,332000,232000,280000,55000,
reordering: 378000,554000,552000,458000,
resolution: 161000,228000,130000,202000,246000,251000,261000,335000,384000,392000,475000,501000,239000,332000,235000,326000,353000,442000,366000,
forall_inst: 1406000,1289000,1332000,1240000,1267000,
equiv_simplify: 287000,297000,
__normalized_input: 5218000,2608000,2343000,2146000,2084000,787000,1032000,941000,
rare_rewrite_eq-symm: 177000,
rare_rewrite_bool-impl-elim: 11280000,11168000,11206000,
rare_rewrite_bool-impl-false1: 10874000,
rare_rewrite_bool-and-de-morgan: 16798000,11916000,11034000,
rare_rewrite_bool-double-not-elim: 88000,

