1; Draft.Scratch_smt_check_7_27347; 2026-04-10 13:44:37.363;
bind: 606000,617000,602000,618000,632000,613000,597000,587000,601000,658000,629000,654000,550000,803000,706000,295000,338000,357000,357000,384000,324000,405000,421000,190000,168000,187000,210000,370000,374000,413000,338000,332000,367000,378000,341000,
cong: 147000,146000,197000,133000,102000,101000,89000,109000,66000,92000,196000,216000,202000,77000,103000,100000,176000,84000,112000,122000,217000,192000,211000,176000,82000,102000,92000,137000,87000,90000,144000,276000,454000,208000,83000,249000,238000,151000,70000,95000,81000,96000,102000,98000,425000,83000,377000,316000,190000,156000,144000,87000,42000,56000,50000,45000,66000,64000,224000,53000,222000,200000,124000,318000,173000,101000,80000,104000,54000,52000,54000,87000,78000,101000,47000,59000,56000,98000,124000,78000,78000,98000,128000,134000,100000,43000,58000,55000,76000,51000,53000,92000,153000,119000,149000,101000,47000,69000,68000,74000,50000,52000,85000,162000,266000,131000,64000,242000,
refl: 23000,24000,25000,27000,36000,24000,36000,95000,71000,38000,26000,37000,95000,26000,25000,63000,116000,1115000,107000,86000,15000,15000,21000,73000,669000,54000,49000,42000,35000,62000,18000,18000,15000,15000,22000,16000,27000,58000,17000,21000,15000,24000,56000,42000,64000,
symm: 127000,130000,596000,690000,313000,380000,183000,87000,83000,
trans: 372000,520000,621000,586000,509000,516000,516000,353000,159000,591000,552000,541000,547000,580000,518000,129000,650000,533000,532000,619000,521000,536000,313000,297000,311000,309000,317000,283000,77000,341000,300000,310000,344000,278000,298000,169000,142000,177000,304000,316000,296000,279000,284000,283000,198000,136000,
equiv1: 148000,142000,
equiv2: 159000,
or_neg: 209000,209000,223000,
or_pos: 291000,
and_neg: 260000,
and_pos: 190000,208000,
implies: 422000,514000,214000,240000,
not_not: 153000,
parsing: 87011000,
aci_simp: 1832000,2011000,2150000,2325000,1127000,1164000,1207000,1015000,
evaluate: 274000,274000,187000,204000,
onepoint: 2651000,1404000,
qnt_join: 643000,348000,
subproof: 2734000,2579000,1251000,1558000,
equiv_pos2: 167000,413000,443000,621000,571000,270000,392000,102000,86000,232000,225000,339000,13850000,
reordering: 361000,441000,
resolution: 296000,378000,298000,484000,530000,738000,691000,371000,477000,317000,407000,483000,624000,788000,765000,263000,308000,175000,267000,440000,456000,363000,322000,307000,494000,170000,176000,234000,228000,183000,391000,332000,416000,413000,226000,312000,
contraction: 734000,823000,406000,298000,315000,417000,
forall_inst: 1436000,865000,819000,
implies_neg1: 651000,391000,366000,305000,
implies_neg2: 611000,719000,250000,339000,
__local_input: 136000,92000,83000,50000,40000,
qnt_rm_unused: 927000,4316000,504000,2591000,
equiv_simplify: 262000,387000,
__normalized_input: 9199000,2568000,1471000,988000,793000,749000,1007000,
rare_rewrite_eq-refl: 137000,120000,74000,92000,
rare_rewrite_eq-symm: 303000,311000,154000,286000,157000,295000,261000,237000,141000,137000,108000,174000,184000,112000,166000,134000,157000,
rare_rewrite_or-not-refl: 11791000,6665000,
rare_rewrite_bool-impl-elim: 11043000,10975000,12729000,11294000,6439000,6422000,6702000,7318000,6152000,
rare_rewrite_bool-and-de-morgan: 12032000,6329000,
rare_rewrite_bool-double-not-elim: 218000,

