1; Draft.Scratch_smt_check_7_12823; 2026-04-10 13:46:20.069;
bind: 235000,227000,214000,232000,219000,219000,145000,130000,179000,170000,215000,212000,212000,220000,215000,212000,246000,133000,168000,208000,214000,202000,209000,246000,212000,249000,230000,
cong: 115000,88000,100000,74000,57000,60000,84000,106000,110000,121000,102000,104000,113000,63000,56000,77000,99000,86000,274000,151000,88000,90000,39000,50000,50000,83000,59000,80000,70000,68000,114000,88000,99000,77000,58000,58000,76000,108000,118000,113000,91000,99000,75000,55000,59000,96000,104000,99000,206000,140000,79000,97000,43000,72000,49000,142000,93000,69000,61000,121000,87000,100000,79000,65000,64000,77000,98000,99000,113000,86000,104000,81000,61000,63000,88000,103000,93000,206000,166000,96000,159000,74000,84000,84000,135000,119000,214000,
refl: 15000,16000,28000,37000,16000,28000,16000,15000,27000,15000,17000,30000,18000,43000,26000,18000,18000,28000,
symm: 65000,71000,138000,70000,76000,141000,132000,
trans: 196000,205000,156000,196000,199000,169000,108000,187000,132000,112000,198000,208000,187000,204000,190000,158000,98000,147000,144000,214000,191000,154000,415000,198000,156000,127000,265000,240000,
equiv1: 250000,
equiv2: 138000,134000,
or_neg: 168000,163000,
and_pos: 122000,166000,183000,108000,145000,144000,212000,
implies: 214000,206000,211000,203000,
not_and: 156000,
not_not: 145000,
parsing: 30307000,
evaluate: 233000,
subproof: 1334000,1211000,1261000,1177000,1271000,
and_intro: 169000,
equiv_pos1: 66000,65000,128000,
equiv_pos2: 141000,142000,262000,71000,83000,111000,104000,147000,143000,264000,71000,81000,30000,106000,139000,143000,270000,141000,149000,287000,
reordering: 270000,179000,369000,264000,185000,407000,530000,356000,
resolution: 156000,157000,200000,211000,298000,328000,361000,340000,197000,296000,207000,164000,221000,182000,237000,255000,271000,198000,217000,261000,264000,408000,157000,184000,189000,223000,220000,182000,169000,200000,233000,355000,307000,353000,370000,192000,308000,189000,157000,247000,331000,374000,422000,172000,230000,145000,180000,199000,290000,302000,365000,355000,194000,299000,16021000,270000,398000,
contraction: 328000,224000,222000,251000,314000,302000,310000,326000,
forall_inst: 958000,711000,835000,787000,816000,817000,934000,840000,1275000,
implies_neg1: 276000,262000,224000,268000,594000,
implies_neg2: 307000,165000,308000,292000,291000,
__local_input: 92000,77000,27000,51000,76000,63000,83000,
equiv_simplify: 257000,217000,
implies_simplify: 299000,
__normalized_input: 16675000,7259000,4133000,3947000,1710000,
rare_rewrite_eq-symm: 93000,71000,73000,149000,76000,79000,122000,98000,114000,73000,148000,64000,68000,100000,131000,114000,153000,107000,113000,108000,93000,75000,76000,145000,62000,74000,195000,92000,139000,105000,145000,92000,73000,100000,111000,103000,145000,111000,112000,90000,68000,72000,146000,72000,72000,107000,98000,72000,73000,154000,67000,71000,103000,113000,111000,308000,220000,
rare_rewrite_bool-double-not-elim: 316000,

