1; Draft.Scratch_smt_check_7_17110; 2026-04-10 13:51:45.204;
bind: 278000,382000,346000,272000,389000,360000,280000,257000,260000,391000,368000,272000,244000,380000,358000,280000,246000,255000,252000,240000,259000,
cong: 55000,65000,79000,80000,139000,166000,150000,176000,280000,170000,201000,141000,160000,113000,143000,99000,62000,108000,82000,79000,98000,136000,147000,112000,134000,102000,67000,111000,84000,81000,100000,351000,212000,189000,64000,86000,81000,58000,81000,66000,170000,111000,108000,
refl: 42000,43000,68000,46000,23000,71000,47000,23000,59000,29000,27000,
symm: 158000,173000,241000,145000,156000,159000,152000,
false: 13000,
trans: 241000,339000,279000,279000,339000,280000,287000,328000,337000,207000,255000,238000,179000,318000,323000,234000,264000,240000,196000,357000,363000,274000,228000,231000,
choice: 75000,
equiv2: 216000,167000,
or_neg: 191000,
or_pos: 348000,323000,
implies: 324000,333000,374000,255000,
not_not: 189000,
parsing: 12806000,
evaluate: 282000,
subproof: 7270000,1195000,1892000,1190000,
equiv_pos1: 74000,
equiv_pos2: 38000,56000,126000,225000,219000,356000,121000,124000,230000,104000,149000,101000,160000,407000,111000,113000,205000,123000,104000,40000,
reordering: 339000,441000,456000,382000,435000,
resolution: 181000,237000,270000,259000,265000,262000,233000,311000,226000,244000,346000,296000,311000,334000,415000,423000,501000,547000,495000,383000,225000,286000,260000,291000,355000,395000,423000,246000,300000,285000,331000,372000,353000,450000,618000,631000,384000,372000,369000,252000,313000,369000,382000,377000,252000,352000,274000,
sko_forall: 1072000,
contraction: 502000,381000,635000,357000,
forall_inst: 881000,947000,925000,803000,900000,1125000,842000,
implies_neg1: 427000,327000,610000,295000,
implies_neg2: 426000,363000,687000,320000,
__local_input: 238000,223000,268000,232000,
equiv_simplify: 299000,240000,
__normalized_input: 34002000,31306000,56522000,38840000,39332000,37423000,32328000,12946000,3455000,730000,
rare_rewrite_eq-refl: 240000,
rare_rewrite_eq-symm: 267000,279000,309000,274000,282000,197000,194000,313000,168000,236000,152000,140000,225000,165000,240000,158000,139000,199000,258000,448000,180000,170000,245000,
rare_rewrite_bool-eq-true: 6231000,
rare_rewrite_bool-impl-elim: 6254000,6294000,6332000,6246000,6251000,6191000,
rare_rewrite_bool-double-not-elim: 296000,262000,

