1; Draft.Scratch_smt_check_7_26787; 2026-04-10 13:51:44.908;
bind: 249000,266000,232000,342000,277000,343000,386000,317000,332000,261000,331000,372000,316000,236000,244000,234000,
cong: 165000,160000,190000,94000,104000,105000,107000,135000,67000,91000,131000,75000,111000,76000,67000,61000,66000,119000,96000,93000,109000,142000,92000,137000,84000,97000,81000,70000,66000,72000,114000,73000,95000,63000,
refl: 47000,47000,31000,86000,74000,36000,84000,79000,37000,28000,
symm: 161000,242000,214000,161000,228000,235000,227000,224000,157000,196000,186000,150000,
trans: 412000,244000,247000,240000,248000,262000,339000,308000,304000,226000,249000,258000,303000,297000,314000,243000,
equiv1: 315000,309000,
equiv2: 214000,211000,
or_pos: 326000,334000,319000,337000,
and_neg: 540000,
and_pos: 271000,442000,463000,561000,507000,264000,
implies: 612000,
parsing: 8161000,
subproof: 1627000,
equiv_pos2: 189000,102000,135000,176000,146000,142000,179000,145000,105000,
reordering: 397000,654000,338000,432000,869000,1962000,399000,638000,340000,453000,
resolution: 363000,455000,282000,289000,234000,323000,281000,313000,346000,219000,307000,335000,260000,254000,272000,282000,320000,370000,755000,732000,623000,1397000,305000,294000,313000,338000,226000,302000,338000,256000,237000,277000,269000,319000,366000,229000,356000,350000,
contraction: 810000,939000,
forall_inst: 902000,965000,832000,912000,1040000,897000,972000,950000,944000,1086000,930000,1022000,858000,996000,
implies_neg1: 921000,
implies_neg2: 722000,
__local_input: 43000,49000,64000,148000,
equiv_simplify: 309000,381000,317000,373000,
__normalized_input: 46823000,53491000,51115000,37419000,30017000,20977000,12055000,5694000,3050000,3030000,
rare_rewrite_eq-symm: 402000,233000,209000,197000,221000,181000,216000,210000,205000,
rare_rewrite_bool-impl-elim: 6829000,6883000,6507000,6655000,

