1; Draft.Scratch_smt_check_7_21404; 2026-04-10 13:51:45.223;
and: 188000,264000,181000,196000,187000,184000,
bind: 297000,292000,302000,
cong: 238000,323000,157000,139000,536000,70000,147000,73000,160000,215000,219000,155000,77000,87000,52000,218000,253000,160000,222000,208000,161000,73000,85000,51000,210000,255000,103000,67000,162000,214000,219000,168000,79000,90000,69000,206000,259000,83000,60000,170000,120000,104000,66000,59000,85000,69000,60000,240000,128000,114000,199000,2476000,2780000,1367000,1376000,789000,860000,422000,482000,164000,92000,361000,420000,95000,317000,337000,478000,509000,276000,267000,275000,309000,208000,206000,202000,236000,93000,1185000,1198000,691000,742000,418000,402000,212000,215000,304000,352000,167000,141000,117000,208000,225000,149000,436000,454000,245000,262000,217000,196000,149000,176000,188000,130000,120000,62000,45000,114000,92000,92000,362000,
ite2: 357000,
refl: 51000,41000,105000,25000,49000,52000,116000,26000,41000,38000,114000,25000,38000,35000,20000,27000,38000,118000,44000,47000,
symm: 170000,169000,175000,348000,
true: 141000,
trans: 188000,232000,554000,421000,534000,426000,286000,552000,450000,182000,515000,382000,
equiv1: 180000,196000,680000,1868000,670000,176000,
equiv2: 574000,157000,169000,193000,
or_neg: 258000,261000,287000,210000,223000,230000,238000,238000,255000,267000,224000,253000,255000,253000,269000,329000,358000,432000,
or_pos: 289000,
and_neg: 1534000,271000,382000,248000,255000,561000,604000,254000,535000,1015000,1529000,272000,365000,414000,697000,
and_pos: 189000,179000,182000,182000,194000,191000,193000,184000,193000,627000,651000,523000,647000,679000,608000,221000,202000,218000,201000,219000,218000,211000,
implies: 197000,196000,221000,213000,605000,592000,202000,210000,299000,
not_and: 1881000,
not_not: 192000,246000,
parsing: 65356000,
aci_simp: 1379000,1357000,
subproof: 1161000,1189000,1166000,1183000,1598000,1589000,1153000,1181000,1249000,
and_intro: 172000,192000,546000,188000,
equiv_pos1: 62000,80000,
equiv_pos2: 68000,180000,111000,546000,545000,109000,252000,263000,252000,123000,111000,143000,152000,293000,170000,3129000,346000,
reordering: 351000,980000,348000,322000,247000,361000,280000,477000,288000,331000,358000,306000,355000,364000,792000,1648000,1680000,289000,343000,700000,581000,287000,351000,381000,238000,522000,293000,391000,1668000,321000,284000,1623000,363000,506000,250000,
resolution: 299000,456000,641000,580000,304000,891000,939000,927000,343000,331000,300000,250000,286000,442000,521000,346000,343000,295000,313000,277000,268000,295000,308000,237000,1136000,662000,667000,443000,450000,300000,285000,409000,460000,297000,3099000,542000,566000,508000,451000,426000,378000,294000,310000,458000,265000,303000,351000,486000,228000,221000,286000,368000,301000,307000,436000,261000,299000,306000,458000,247000,258000,409000,510000,708000,711000,603000,1144000,282000,395000,444000,729000,705000,1165000,404000,487000,326000,440000,433000,401000,313000,313000,494000,239000,316000,330000,486000,233000,246000,326000,336000,374000,414000,1156000,264000,315000,381000,448000,421000,269000,381000,455000,530000,2257000,595000,748000,285000,
contraction: 418000,355000,240000,268000,248000,268000,285000,273000,270000,282000,764000,835000,805000,1170000,362000,272000,268000,282000,274000,307000,420000,419000,629000,
forall_inst: 910000,939000,912000,
implies_neg1: 852000,257000,287000,232000,234000,234000,259000,960000,980000,608000,517000,261000,260000,445000,367000,1465000,1293000,192000,
implies_neg2: 2157000,852000,265000,399000,219000,231000,232000,242000,673000,679000,320000,943000,232000,232000,196000,769000,1580000,2493000,415000,405000,547000,
__local_input: 47000,52000,48000,154000,55000,39000,41000,147000,85000,90000,48000,84000,94000,137000,44000,56000,42000,134000,199000,
equiv_simplify: 220000,269000,229000,282000,829000,838000,865000,265000,256000,
__normalized_input: 41738000,22930000,9200000,9239000,9261000,9434000,16596000,
rare_rewrite_ite-eq: 7364000,
rare_rewrite_eq-refl: 409000,414000,411000,
rare_rewrite_eq-symm: 488000,460000,152000,168000,329000,273000,188000,150000,268000,
rare_rewrite_bool-impl-elim: 6285000,
rare_rewrite_bool-double-not-elim: 172000,199000,187000,203000,222000,

