1; Draft.Scratch_smt_check_7_31195; 2026-04-10 13:48:55.726;
cong: 110000,109000,77000,140000,154000,121000,138000,93000,303000,135000,110000,117000,219000,76000,136000,131000,104000,131000,83000,297000,138000,106000,309000,132000,108000,130000,301000,76000,131000,59000,60000,45000,81000,77000,68000,58000,55000,48000,41000,95000,97000,80000,79000,94000,79000,104000,152000,69000,79000,48000,59000,64000,186000,67000,119000,84000,48000,85000,93000,152000,187000,
ite2: 99000,
refl: 32000,50000,30000,25000,21000,34000,41000,
symm: 210000,79000,103000,92000,102000,192000,
true: 70000,
trans: 319000,290000,195000,321000,294000,245000,239000,273000,207000,262000,283000,160000,159000,138000,98000,131000,88000,199000,187000,98000,123000,154000,206000,250000,
equiv1: 146000,113000,86000,102000,
equiv2: 139000,
or_neg: 128000,132000,
and_neg: 480000,177000,
and_pos: 466000,455000,440000,426000,504000,443000,410000,407000,138000,115000,100000,118000,81000,91000,222000,222000,
implies: 387000,438000,267000,420000,277000,131000,130000,155000,154000,
not_and: 132000,
parsing: 23040000,
evaluate: 351000,335000,327000,280000,406000,247000,317000,681000,
subproof: 1993000,2294000,2032000,2174000,2030000,1071000,1077000,1034000,1045000,2519000,
and_intro: 436000,103000,90000,251000,
poly_simp: 1820000,2388000,2125000,1823000,3136000,
equiv_pos2: 169000,84000,379000,163000,84000,370000,393000,83000,77000,66000,77000,134000,284000,38000,37000,58000,57000,177000,
la_generic: 4614000,8233000,
not_equiv1: 339000,
not_equiv2: 126000,
reordering: 687000,1613000,1581000,213000,257000,265000,132000,188000,458000,
resolution: 310000,306000,345000,461000,396000,364000,313000,473000,610000,579000,383000,1067000,681000,549000,1731000,311000,423000,375000,317000,462000,693000,557000,388000,656000,574000,1656000,302000,474000,574000,549000,433000,343000,389000,267000,257000,241000,313000,278000,257000,388000,191000,280000,277000,392000,251000,228000,226000,216000,258000,214000,165000,174000,198000,202000,342000,129000,198000,165000,233000,174000,168000,179000,198000,171000,191000,170000,200000,28533000,562000,775000,
contraction: 495000,648000,745000,508000,586000,734000,480000,193000,205000,192000,216000,189000,126000,145000,125000,280000,431000,
forall_inst: 1450000,1273000,1276000,
la_mult_neg: 213000,
or_simplify: 842000,902000,845000,
implies_neg1: 423000,425000,421000,338000,347000,217000,190000,104000,146000,349000,
implies_neg2: 423000,459000,409000,444000,396000,195000,190000,105000,94000,298000,
__local_input: 112000,116000,109000,39000,34000,33000,73000,28000,39000,39000,88000,26000,69000,37000,84000,136000,38000,128000,260000,268000,
poly_simp_rel: 940000,952000,987000,
equiv_simplify: 220000,172000,
implies_simplify: 178000,154000,
__normalized_input: 16715000,7602000,2752000,1663000,1443000,1575000,
rare_rewrite_ite-eq: 6728000,
rare_rewrite_eq-refl: 115000,
rare_rewrite_eq-symm: 146000,
rare_rewrite_bool-eq-true: 11468000,11652000,11395000,
rare_rewrite_ite-not-cond: 6301000,
rare_rewrite_arith-elim-gt: 10939000,
rare_rewrite_arith-elim-lt: 6510000,6419000,
rare_rewrite_arith-elim-leq: 9856000,
rare_rewrite_arith-leq-norm: 11728000,
rare_rewrite_bool-double-not-elim: 324000,

