1; Draft.Scratch_smt_check_7_3453; 2026-04-10 13:48:14.336;
bind: 494000,476000,370000,198000,233000,223000,266000,273000,516000,469000,
cong: 150000,178000,134000,181000,401000,225000,210000,360000,213000,319000,154000,131000,73000,61000,131000,97000,135000,78000,60000,191000,160000,215000,69000,233000,233000,166000,101000,50000,60000,74000,218000,78000,116000,82000,110000,239000,106000,133000,203000,84000,89000,182000,137000,197000,135000,173000,397000,202000,205000,322000,157000,165000,493000,
ite1: 106000,
refl: 32000,27000,35000,29000,54000,29000,41000,42000,37000,38000,19000,27000,41000,19000,27000,19000,18000,17000,28000,46000,31000,32000,35000,29000,32000,56000,81000,98000,144000,65000,
symm: 89000,237000,111000,
true: 71000,
trans: 345000,292000,337000,253000,187000,164000,179000,154000,90000,125000,150000,235000,247000,
equiv1: 169000,193000,197000,465000,272000,
equiv2: 94000,98000,210000,251000,
or_neg: 201000,167000,194000,146000,138000,151000,171000,187000,229000,171000,187000,209000,231000,257000,222000,270000,
or_pos: 228000,
and_neg: 532000,
and_pos: 120000,124000,133000,126000,116000,138000,228000,174000,208000,426000,324000,398000,
implies: 400000,177000,175000,224000,211000,229000,493000,
not_and: 152000,
not_not: 107000,227000,
parsing: 35545000,
aci_simp: 2058000,1091000,
evaluate: 204000,
not_symm: 163000,91000,197000,
subproof: 2226000,1800000,1239000,1616000,1523000,1255000,2471000,2332000,
and_intro: 126000,189000,
equiv_pos1: 93000,53000,52000,
equiv_pos2: 358000,374000,578000,600000,126000,125000,215000,50000,168000,51000,174000,27000,52000,178000,121000,178000,199000,190000,185000,293000,314000,389000,370000,552000,625000,607000,
reordering: 269000,230000,229000,190000,369000,243000,232000,476000,233000,273000,654000,1264000,
resolution: 489000,353000,422000,499000,589000,726000,600000,364000,447000,405000,509000,478000,304000,399000,407000,275000,290000,161000,188000,171000,192000,363000,516000,179000,185000,360000,333000,177000,198000,243000,223000,549000,141000,144000,182000,181000,182000,144000,172000,194000,393000,415000,323000,301000,582000,179000,185000,395000,414000,194000,231000,280000,250000,288000,218000,588000,1766000,478000,376000,370000,761000,185000,180000,269000,301000,330000,425000,347000,212000,323000,242000,483000,630000,1422000,306000,283000,378000,328000,430000,605000,599000,670000,577000,305000,560000,406000,
contraction: 679000,278000,305000,258000,184000,204000,347000,242000,275000,357000,567000,378000,378000,351000,389000,698000,652000,
forall_inst: 1503000,787000,836000,902000,891000,833000,876000,1049000,859000,1438000,
implies_neg1: 538000,233000,169000,236000,293000,554000,632000,684000,
implies_neg2: 521000,229000,124000,222000,278000,303000,414000,514000,
__local_input: 155000,66000,20000,15000,43000,48000,19000,54000,94000,172000,66000,29000,62000,68000,26000,81000,
equiv_simplify: 173000,173000,269000,287000,406000,507000,456000,
implies_simplify: 242000,
__normalized_input: 11852000,1057000,1072000,908000,937000,905000,
rare_rewrite_ite-eq: 8275000,
rare_rewrite_eq-refl: 112000,128000,220000,
rare_rewrite_eq-symm: 149000,138000,80000,86000,99000,96000,85000,142000,166000,88000,82000,82000,141000,161000,139000,
rare_rewrite_bool-impl-elim: 7099000,7795000,
rare_rewrite_bool-and-de-morgan: 8613000,6853000,
rare_rewrite_bool-double-not-elim: 168000,108000,116000,124000,140000,117000,256000,

