1; Draft.Scratch_smt_check_7_11781; 2026-04-10 13:48:15.026;
bind: 216000,229000,231000,266000,262000,231000,259000,310000,238000,
cong: 123000,124000,178000,163000,111000,90000,95000,79000,60000,149000,139000,87000,
refl: 42000,40000,26000,19000,61000,49000,
trans: 155000,232000,233000,227000,200000,
choice: 115000,
or_neg: 173000,180000,147000,154000,
or_pos: 268000,325000,
and_pos: 148000,
implies: 192000,
parsing: 21794000,
subproof: 1303000,
equiv_pos1: 44000,51000,
equiv_pos2: 140000,99000,129000,146000,211000,177000,100000,169000,
reordering: 207000,241000,344000,234000,212000,318000,
resolution: 202000,195000,194000,245000,189000,260000,294000,181000,199000,181000,263000,283000,333000,303000,186000,265000,181000,311000,318000,271000,307000,246000,347000,
sko_forall: 1271000,
contraction: 232000,273000,
forall_inst: 814000,859000,915000,887000,
implies_neg1: 248000,
implies_neg2: 266000,
__local_input: 110000,
__normalized_input: 12102000,28198000,5744000,5457000,4753000,4716000,
rare_rewrite_eq-symm: 152000,120000,161000,163000,159000,154000,
rare_rewrite_bool-impl-elim: 6982000,7014000,7799000,
rare_rewrite_bool-double-not-elim: 121000,158000,

