1; Draft.Scratch_smt_check_7_25499; 2026-04-10 13:44:36.525;
bind: 487000,548000,457000,582000,583000,286000,538000,564000,255000,346000,332000,188000,293000,311000,263000,340000,334000,199000,
cong: 374000,76000,291000,271000,213000,159000,174000,214000,218000,338000,96000,196000,196000,132000,83000,108000,122000,105000,70000,216000,56000,201000,168000,127000,79000,112000,118000,114000,118000,676000,
refl: 114000,693000,80000,59000,121000,435000,48000,36000,75000,450000,49000,37000,105000,59000,61000,94000,59000,88000,
symm: 460000,566000,178000,326000,253000,319000,101000,93000,106000,91000,248000,316000,99000,94000,184000,170000,
trans: 454000,456000,472000,386000,135000,573000,429000,464000,510000,385000,386000,193000,192000,300000,540000,459000,476000,376000,129000,509000,440000,457000,282000,232000,229000,123000,116000,125000,188000,250000,248000,260000,216000,76000,276000,238000,276000,271000,217000,233000,120000,115000,205000,
choice: 82000,
equiv1: 240000,517000,123000,130000,304000,
equiv2: 219000,301000,116000,181000,126000,96000,
or_neg: 206000,617000,520000,529000,553000,508000,497000,526000,126000,129000,
or_pos: 417000,275000,255000,
and_pos: 373000,385000,326000,284000,284000,306000,462000,294000,296000,
implies: 267000,209000,421000,
not_and: 554000,
not_not: 208000,128000,186000,116000,107000,
parsing: 55562000,
aci_simp: 1877000,2032000,2129000,1888000,1106000,1142000,1045000,1105000,1184000,
evaluate: 262000,288000,192000,193000,
onepoint: 2343000,2482000,1393000,
qnt_join: 532000,293000,299000,
subproof: 1860000,1934000,2083000,1415000,
and_intro: 209000,
poly_simp: 3012000,3223000,3158000,3097000,1828000,
equiv_pos2: 455000,196000,218000,252000,241000,108000,29000,235000,110000,927000,
reordering: 647000,1006000,352000,2370000,357000,
resolution: 515000,253000,447000,372000,466000,456000,280000,268000,326000,283000,258000,258000,279000,254000,340000,392000,399000,303000,248000,354000,405000,426000,324000,350000,2072000,7169000,532000,402000,487000,437000,726000,249000,284000,317000,239000,254000,435000,369000,417000,459000,212000,150000,205000,190000,208000,162000,153000,162000,154000,175000,596000,531000,2365000,192000,191000,149000,254000,238000,241000,293000,163000,171000,255000,187000,220000,164000,229000,298000,284000,324000,345000,
sko_forall: 1938000,1053000,1058000,
contraction: 313000,412000,3754000,536000,554000,599000,825000,
forall_inst: 1390000,1177000,1129000,1117000,1191000,1179000,1152000,1361000,1270000,800000,674000,623000,588000,614000,629000,718000,796000,687000,648000,15201000,1177000,1204000,1239000,1354000,
implies_neg1: 234000,257000,331000,1253000,
implies_neg2: 299000,272000,324000,525000,
__local_input: 51000,53000,31000,44000,70000,35000,38000,43000,36000,43000,69000,
poly_simp_rel: 1697000,1786000,1948000,1776000,957000,
qnt_rm_unused: 779000,3912000,425000,2492000,452000,2572000,
equiv_simplify: 374000,368000,586000,190000,197000,250000,188000,197000,173000,525000,
implies_simplify: 689000,
__normalized_input: 8116000,7959000,7135000,2141000,1934000,1077000,937000,1038000,
rare_rewrite_eq-refl: 114000,146000,73000,
rare_rewrite_or-not-refl: 11448000,10851000,6491000,
rare_rewrite_bool-impl-elim: 11093000,10929000,6180000,6047000,6317000,5959000,
rare_rewrite_bool-and-de-morgan: 10885000,5997000,6146000,
rare_rewrite_bool-double-not-elim: 263000,

