1; Draft.Scratch_smt_check_7_10860; 2026-04-10 13:46:47.037;
bind: 149000,260000,263000,268000,271000,158000,170000,533000,498000,
cong: 111000,83000,109000,98000,277000,138000,266000,136000,171000,89000,111000,92000,166000,90000,51000,60000,107000,94000,82000,103000,88000,122000,107000,54000,83000,188000,440000,223000,412000,
refl: 40000,44000,27000,40000,29000,123000,83000,
symm: 74000,121000,81000,91000,184000,73000,114000,194000,
trans: 150000,161000,101000,143000,160000,229000,174000,176000,147000,151000,160000,183000,339000,
equiv1: 267000,339000,
equiv2: 160000,167000,238000,
or_neg: 208000,210000,212000,
or_pos: 221000,235000,415000,
and_pos: 195000,206000,228000,219000,241000,
implies: 226000,227000,306000,434000,
not_and: 204000,
not_not: 150000,155000,
parsing: 17415000,
evaluate: 174000,
subproof: 1462000,1181000,1472000,1270000,2800000,
and_intro: 190000,
equiv_pos2: 91000,136000,165000,179000,303000,165000,168000,298000,96000,112000,102000,28000,90000,110000,241000,322000,343000,607000,477000,
reordering: 340000,411000,338000,799000,612000,
resolution: 175000,218000,153000,204000,196000,228000,259000,317000,379000,397000,230000,269000,459000,473000,241000,216000,278000,241000,429000,142000,159000,198000,246000,271000,331000,551000,398000,243000,281000,199000,171000,243000,230000,169000,232000,447000,395000,741000,175000,202000,166000,240000,251000,166000,250000,367000,416000,536000,647000,778000,878000,474000,483000,
contraction: 338000,418000,256000,279000,369000,424000,466000,682000,
forall_inst: 663000,843000,803000,681000,705000,1466000,
implies_neg1: 306000,310000,265000,734000,976000,
implies_neg2: 318000,184000,312000,421000,609000,
__local_input: 77000,82000,34000,48000,128000,66000,58000,88000,
equiv_simplify: 234000,248000,256000,475000,
implies_simplify: 343000,
__normalized_input: 7813000,3420000,1278000,1312000,1032000,
rare_rewrite_eq-symm: 148000,137000,99000,165000,159000,144000,98000,163000,166000,141000,112000,315000,
rare_rewrite_bool-eq-false: 6361000,6396000,25987000,12093000,
rare_rewrite_bool-impl-elim: 6285000,6411000,6402000,6419000,12414000,12698000,
rare_rewrite_bool-double-not-elim: 339000,

