1; Draft.Scratch_smt_check_7_29419; 2026-04-10 13:46:34.887;
bind: 131000,231000,199000,478000,505000,605000,901000,885000,350000,390000,358000,414000,358000,814000,857000,351000,532000,522000,197000,227000,202000,230000,212000,135000,
cong: 132000,313000,61000,368000,292000,360000,288000,156000,136000,132000,345000,156000,90000,169000,168000,170000,455000,83000,230000,168000,215000,187000,105000,84000,82000,159000,97000,63000,96000,105000,94000,184000,
refl: 69000,33000,1299000,78000,72000,61000,62000,144000,53000,773000,44000,50000,37000,33000,35000,36000,38000,
symm: 715000,818000,175000,327000,220000,382000,459000,96000,171000,120000,105000,
trans: 191000,538000,372000,388000,313000,89000,402000,337000,385000,735000,604000,564000,438000,446000,437000,245000,327000,351000,237000,163000,378000,308000,255000,295000,659000,681000,695000,544000,155000,712000,574000,343000,405000,329000,320000,273000,266000,243000,143000,219000,201000,133000,103000,178000,176000,106000,
choice: 75000,
equiv1: 282000,152000,118000,
equiv2: 258000,142000,112000,
or_neg: 145000,263000,322000,218000,345000,324000,344000,342000,141000,
or_pos: 606000,356000,333000,
and_neg: 273000,
and_pos: 359000,302000,278000,
implies: 267000,421000,156000,
not_not: 240000,146000,142000,
parsing: 52590000,
aci_simp: 1261000,2333000,2389000,2094000,2097000,1777000,2200000,1211000,1586000,1110000,1118000,906000,
evaluate: 304000,212000,
onepoint: 1947000,1915000,
qnt_join: 763000,415000,
subproof: 2432000,2166000,1402000,
equiv_pos2: 74000,115000,693000,273000,250000,349000,175000,193000,190000,344000,125000,132000,195000,81000,101000,72000,164000,
reordering: 935000,339000,406000,939000,498000,
resolution: 220000,194000,154000,223000,186000,217000,283000,306000,180000,292000,319000,367000,386000,295000,349000,293000,357000,272000,432000,449000,525000,583000,377000,442000,396000,468000,866000,2542000,725000,492000,487000,1059000,288000,275000,321000,467000,577000,604000,588000,184000,201000,173000,220000,165000,259000,263000,317000,350000,226000,267000,218000,184000,157000,240000,
sko_forall: 1878000,1078000,
contraction: 459000,384000,938000,495000,559000,292000,
forall_inst: 640000,717000,765000,1671000,1354000,974000,724000,701000,674000,
implies_neg1: 438000,226000,225000,
implies_neg2: 499000,328000,213000,
__local_input: 137000,73000,31000,38000,37000,
qnt_rm_unused: 1135000,6312000,636000,4115000,
equiv_simplify: 407000,447000,223000,229000,183000,190000,
__normalized_input: 3901000,2790000,2410000,17245000,4316000,4355000,4355000,976000,
rare_rewrite_eq-refl: 89000,157000,146000,95000,
rare_rewrite_eq-symm: 107000,121000,126000,192000,225000,303000,218000,116000,114000,171000,103000,
rare_rewrite_or-not-refl: 7485000,6930000,
rare_rewrite_bool-eq-false: 11589000,13931000,6180000,6556000,
rare_rewrite_bool-impl-elim: 6628000,12311000,11490000,11610000,11860000,6672000,6322000,6359000,6294000,
rare_rewrite_bool-and-de-morgan: 11828000,12024000,6370000,6476000,
rare_rewrite_bool-double-not-elim: 209000,130000,

