1; Draft.Scratch_smt_check_7_28029; 2026-04-10 13:48:49.085;
cong: 325000,301000,383000,252000,146000,126000,90000,304000,165000,140000,111000,320000,288000,343000,184000,140000,132000,317000,401000,146000,167000,104000,1068000,
refl: 51000,74000,140000,66000,152000,147000,
symm: 108000,91000,
trans: 747000,433000,555000,403000,667000,328000,459000,
equiv1: 510000,
equiv2: 620000,
or_neg: 607000,600000,646000,653000,
and_neg: 730000,
and_pos: 766000,877000,795000,
implies: 894000,
not_not: 372000,
parsing: 10955000,
subproof: 1891000,
equiv_pos2: 361000,262000,294000,351000,236000,1047000,
reordering: 1159000,2596000,
resolution: 311000,473000,384000,407000,1083000,2869000,932000,1009000,900000,1554000,588000,320000,475000,524000,364000,
contraction: 1693000,1232000,1282000,
implies_neg1: 1425000,
implies_neg2: 1116000,
__local_input: 66000,110000,62000,
equiv_simplify: 712000,616000,
__normalized_input: 23807000,2342000,1899000,1615000,2073000,
rare_rewrite_eq-symm: 617000,436000,502000,605000,438000,
rare_rewrite_bool-double-not-elim: 674000,

