1; Draft.Scratch_smt_check_7_14126; 2026-04-10 13:48:49.338;
cong: 276000,266000,282000,247000,192000,198000,114000,916000,410000,371000,1469000,634000,422000,633000,207000,119000,
ite1: 822000,
refl: 25000,26000,102000,55000,283000,63000,
symm: 477000,661000,278000,
true: 71000,
false: 13000,
trans: 311000,516000,476000,934000,
equiv1: 1643000,
equiv2: 458000,1304000,416000,
implies: 815000,
not_not: 275000,
parsing: 15519000,
evaluate: 259000,
subproof: 1762000,
equiv_pos2: 248000,1582000,1602000,1094000,41000,
reordering: 1283000,
resolution: 126000,173000,271000,321000,446000,476000,1093000,1122000,1140000,487000,795000,1062000,980000,550000,716000,380000,255000,264000,410000,
contraction: 1182000,
forall_inst: 1296000,1661000,1176000,1340000,
implies_neg1: 1056000,
implies_neg2: 1373000,
__local_input: 129000,
equiv_simplify: 578000,1872000,509000,
__normalized_input: 5702000,4940000,18261000,2609000,2542000,1940000,1835000,1706000,
rare_rewrite_ite-eq: 9970000,
rare_rewrite_eq-refl: 922000,
rare_rewrite_eq-symm: 1085000,1013000,

