1; Draft.Scratch_smt_check_7_5417; 2026-04-10 13:48:48.991;
bind: 227000,249000,235000,234000,247000,246000,219000,219000,240000,405000,227000,314000,251000,
cong: 69000,66000,54000,66000,75000,96000,60000,62000,63000,119000,101000,73000,63000,71000,109000,184000,110000,67000,71000,52000,60000,65000,63000,68000,92000,52000,64000,67000,175000,92000,54000,63000,65000,111000,178000,105000,184000,
refl: 17000,19000,22000,16000,20000,24000,16000,21000,41000,15000,18000,20000,17000,21000,24000,16000,21000,34000,29000,49000,
trans: 214000,226000,220000,224000,168000,175000,156000,219000,230000,228000,216000,175000,182000,
equiv1: 161000,
equiv2: 177000,
or_neg: 207000,238000,232000,
and_neg: 285000,
and_pos: 171000,199000,
implies: 179000,196000,205000,
not_not: 174000,
parsing: 11669000,
subproof: 1332000,1272000,1304000,
equiv_pos2: 71000,122000,133000,182000,114000,74000,128000,130000,184000,166000,
reordering: 353000,
resolution: 215000,275000,215000,310000,284000,330000,337000,203000,298000,194000,260000,408000,404000,435000,297000,288000,440000,195000,200000,271000,268000,217000,308000,348000,365000,318000,218000,319000,
contraction: 302000,356000,267000,274000,292000,
forall_inst: 813000,796000,801000,
implies_neg1: 334000,256000,262000,
implies_neg2: 233000,219000,270000,
__local_input: 129000,113000,40000,81000,
equiv_simplify: 285000,291000,
__normalized_input: 24691000,5300000,4126000,4185000,
rare_rewrite_eq-refl: 148000,121000,
rare_rewrite_eq-symm: 169000,108000,153000,167000,109000,160000,185000,166000,167000,124000,153000,176000,115000,160000,164000,
rare_rewrite_bool-eq-true: 7375000,7598000,
rare_rewrite_bool-double-not-elim: 229000,

