1; Draft.Scratch_smt_check_7_297; 2026-04-10 13:48:49.298;
bind: 639000,631000,288000,373000,712000,646000,372000,362000,
cong: 301000,259000,130000,134000,145000,169000,185000,188000,136000,146000,286000,254000,134000,127000,141000,168000,184000,
refl: 93000,74000,107000,23000,91000,74000,109000,
symm: 319000,
trans: 703000,402000,433000,215000,238000,299000,338000,351000,777000,410000,435000,220000,242000,318000,330000,
equiv1: 303000,288000,
or_pos: 509000,510000,
and_neg: 512000,
and_pos: 561000,492000,
implies: 568000,
parsing: 32415000,
aci_simp: 1535000,1395000,
subproof: 1672000,
equiv_pos2: 438000,176000,427000,165000,
reordering: 929000,737000,1135000,929000,
resolution: 423000,633000,811000,758000,233000,351000,625000,647000,552000,816000,370000,479000,443000,242000,358000,
contraction: 747000,750000,
forall_inst: 1360000,1309000,
implies_neg1: 996000,
implies_neg2: 690000,
__local_input: 92000,53000,
connective_def: 295000,376000,303000,375000,
__normalized_input: 5421000,871000,786000,584000,1065000,
rare_rewrite_bool-impl-elim: 7476000,7728000,
rare_rewrite_bool-and-de-morgan: 7086000,7329000,7736000,6946000,7171000,7284000,
rare_rewrite_bool-double-not-elim: 217000,305000,217000,307000,

