1; Draft.Scratch_smt_check_7_11825; 2026-04-10 13:48:50.989;
bind: 144000,811000,288000,302000,345000,239000,188000,191000,295000,151000,690000,322000,196000,224000,260000,287000,293000,267000,134000,701000,343000,197000,201000,235000,302000,597000,488000,
cong: 454000,270000,570000,262000,230000,381000,896000,300000,122000,236000,113000,111000,172000,424000,232000,373000,180000,124000,87000,95000,72000,59000,142000,138000,302000,178000,66000,189000,118000,174000,92000,67000,207000,93000,318000,119000,238000,116000,107000,159000,402000,111000,459000,267000,563000,260000,228000,14991000,885000,137000,74000,133000,105000,65000,82000,85000,61000,59000,222000,108000,72000,69000,93000,368000,168000,124000,75000,92000,77000,64000,59000,184000,124000,131000,106000,60000,157000,115000,89000,78000,84000,81000,75000,134000,136000,288000,169000,90000,63000,221000,206000,130000,306000,128000,232000,113000,112000,163000,408000,119000,451000,270000,556000,259000,232000,390000,905000,133000,73000,119000,123000,67000,85000,92000,63000,61000,225000,110000,86000,65000,91000,373000,176000,121000,77000,129000,76000,72000,66000,189000,116000,132000,91000,63000,144000,111000,92000,91000,89000,84000,105000,247000,227000,488000,292000,150000,88000,345000,3360000,
ite1: 538000,244000,246000,530000,244000,544000,
refl: 69000,42000,179000,35000,30000,83000,126000,16000,54000,53000,81000,118000,99000,36000,30000,84000,67000,40000,181000,42000,17000,16000,132000,17000,107000,100000,51000,52000,70000,28000,38000,28000,83000,91000,42000,180000,42000,18000,23000,128000,18000,113000,108000,90000,97000,136000,49000,268000,108000,249000,113000,204000,223000,478000,500000,73000,72000,52000,180000,145000,
symm: 115000,258000,114000,464000,229000,198000,438000,163000,156000,91000,179000,254000,107000,130000,124000,114000,402000,228000,204000,486000,164000,165000,93000,172000,261000,113000,128000,123000,211000,704000,
true: 69000,72000,70000,70000,71000,71000,
trans: 595000,287000,641000,655000,342000,277000,259000,196000,206000,248000,257000,254000,269000,201000,210000,328000,500000,180000,278000,495000,595000,301000,337000,134000,162000,633000,660000,320000,278000,222000,275000,194000,213000,210000,154000,195000,197000,256000,258000,243000,413000,403000,505000,170000,287000,515000,609000,312000,381000,140000,159000,662000,658000,330000,272000,229000,282000,190000,220000,221000,150000,201000,367000,484000,478000,438000,733000,755000,
equiv1: 1066000,457000,259000,142000,641000,441000,1036000,247000,166000,450000,1037000,256000,146000,694000,
equiv2: 837000,378000,172000,193000,364000,286000,382000,836000,169000,186000,286000,390000,845000,170000,190000,
or_neg: 1177000,1125000,1197000,1122000,1153000,1159000,1220000,1226000,1096000,1127000,1097000,1124000,1148000,1142000,
or_pos: 329000,471000,355000,473000,319000,495000,
and_pos: 182000,496000,497000,174000,1888000,1806000,1923000,1791000,1861000,1860000,2064000,2057000,1760000,1757000,1836000,1808000,1787000,1824000,328000,
implies: 624000,399000,217000,245000,210000,386000,608000,221000,197000,251000,2233000,379000,591000,224000,212000,426000,
not_and: 1236000,
not_not: 161000,212000,148000,207000,148000,
parsing: 113769000,
aci_simp: 1593000,1614000,1607000,
evaluate: 260000,
subproof: 1500000,1300000,1152000,1220000,1116000,1540000,1265000,1496000,1103000,1099000,1178000,3268000,1267000,1550000,1247000,1094000,2260000,
and_intro: 604000,
equiv_pos1: 68000,65000,71000,
equiv_pos2: 79000,797000,963000,976000,552000,407000,1952000,285000,448000,189000,195000,343000,204000,148000,115000,113000,227000,171000,558000,405000,404000,834000,966000,970000,74000,298000,433000,190000,138000,123000,221000,150000,192000,211000,326000,172000,218000,53000,556000,398000,418000,819000,975000,966000,77000,286000,435000,192000,118000,123000,271000,150000,353000,377000,697000,317000,439000,4927000,
reordering: 265000,493000,293000,890000,3118000,1104000,483000,296000,887000,249000,31651000,476000,300000,894000,473000,
resolution: 662000,180000,212000,351000,600000,802000,710000,390000,341000,721000,735000,615000,505000,239000,435000,565000,486000,274000,234000,395000,387000,372000,349000,193000,315000,360000,374000,229000,344000,431000,474000,222000,176000,251000,162000,196000,279000,349000,453000,464000,224000,322000,250000,287000,314000,177000,258000,185000,191000,234000,293000,348000,326000,197000,262000,173000,187000,251000,225000,238000,203000,179000,300000,309000,3837000,26467000,1179000,373000,490000,381000,615000,168000,243000,275000,322000,217000,297000,245000,451000,559000,490000,256000,253000,392000,374000,349000,309000,352000,625000,795000,700000,361000,347000,714000,728000,580000,502000,166000,210000,182000,311000,371000,329000,205000,507000,429000,461000,220000,180000,253000,248000,286000,289000,187000,196000,226000,281000,327000,323000,198000,238000,168000,187000,194000,221000,223000,212000,170000,250000,171000,209000,274000,335000,442000,402000,229000,304000,181000,295000,2310000,1631000,26032000,255000,284000,209000,305000,244000,442000,573000,515000,279000,230000,416000,390000,371000,331000,362000,601000,805000,737000,406000,368000,727000,719000,600000,522000,164000,202000,186000,316000,376000,346000,218000,351000,424000,471000,220000,174000,242000,260000,290000,321000,192000,196000,234000,302000,360000,325000,198000,251000,168000,189000,195000,224000,235000,219000,177000,290000,161000,200000,317000,593000,849000,716000,393000,558000,312000,460000,503000,
contraction: 886000,576000,348000,435000,316000,13113000,722000,739000,631000,875000,349000,303000,416000,3094000,6540000,581000,874000,362000,315000,786000,
forall_inst: 684000,1287000,1081000,847000,1358000,890000,938000,778000,746000,684000,796000,895000,801000,768000,1094000,1064000,988000,1260000,621000,828000,1332000,869000,717000,691000,779000,881000,780000,740000,868000,774000,1061000,1290000,633000,807000,1316000,969000,740000,686000,801000,912000,821000,785000,1558000,1439000,1904000,
implies_neg1: 831000,563000,357000,368000,258000,574000,807000,303000,265000,371000,681000,574000,811000,306000,258000,757000,7177000,
implies_neg2: 948000,528000,293000,407000,281000,415000,522000,954000,284000,277000,396000,2468000,531000,955000,289000,277000,738000,
__local_input: 114000,121000,74000,133000,81000,120000,120000,70000,81000,98000,63000,92000,115000,117000,68000,90000,164000,114000,44000,125000,73000,105000,112000,225000,240000,40000,42000,35000,99000,65000,105000,
equiv_simplify: 1171000,572000,271000,382000,281000,218000,462000,374000,543000,1167000,248000,341000,268000,215000,381000,551000,1210000,261000,354000,276000,223000,948000,
implies_simplify: 754000,
__normalized_input: 23100000,18079000,17924000,17531000,9007000,6999000,6779000,5945000,4657000,4631000,3898000,1717000,803000,856000,633000,574000,865000,
rare_rewrite_ite-eq: 8144000,6672000,6559000,8088000,6670000,8328000,
rare_rewrite_eq-refl: 555000,283000,111000,251000,578000,111000,311000,573000,197000,
rare_rewrite_eq-symm: 120000,700000,636000,321000,349000,183000,188000,118000,186000,123000,225000,303000,160000,143000,141000,222000,163000,351000,302000,701000,635000,142000,191000,139000,140000,216000,146000,184000,114000,191000,119000,216000,300000,152000,381000,313000,308000,710000,660000,111000,187000,150000,141000,227000,152000,238000,198000,367000,211000,409000,539000,265000,697000,
rare_rewrite_bool-eq-true: 21193000,6056000,11848000,
rare_rewrite_bool-eq-false: 7592000,6656000,12333000,12445000,
rare_rewrite_bool-impl-elim: 7272000,6469000,6926000,6238000,7207000,6334000,
rare_rewrite_bool-and-de-morgan: 6496000,6042000,6207000,
rare_rewrite_bool-double-not-elim: 268000,252000,257000,599000,

