1; Draft.Scratch_smt_check_7_19548; 2026-04-10 13:48:52.042;
bind: 277000,287000,305000,248000,344000,379000,260000,394000,368000,295000,322000,252000,351000,372000,273000,400000,373000,140000,189000,230000,229000,201000,225000,200000,281000,234000,309000,252000,291000,324000,245000,345000,369000,273000,401000,370000,298000,322000,245000,350000,421000,276000,405000,386000,142000,252000,242000,222000,229000,199000,224000,188000,254000,240000,194000,280000,290000,361000,248000,344000,367000,269000,413000,401000,312000,325000,248000,355000,373000,296000,403000,374000,280000,155000,304000,316000,247000,352000,368000,276000,399000,372000,198000,303000,355000,247000,345000,380000,299000,390000,372000,299000,319000,275000,364000,379000,275000,394000,380000,204000,232000,196000,287000,280000,226000,267000,257000,247000,276000,222000,144000,270000,269000,240000,205000,272000,263000,247000,228000,275000,294000,338000,203000,278000,148000,282000,352000,248000,343000,371000,263000,398000,367000,253000,241000,278000,231000,199000,226000,199000,270000,226000,285000,318000,251000,356000,385000,269000,422000,382000,302000,314000,256000,346000,371000,271000,409000,380000,202000,286000,311000,245000,388000,368000,270000,397000,380000,206000,189000,215000,190000,257000,224000,231000,221000,249000,237000,137000,274000,335000,308000,237000,339000,363000,262000,395000,383000,288000,302000,241000,340000,365000,271000,380000,381000,
cong: 381000,125000,66000,165000,66000,166000,129000,111000,125000,70000,171000,65000,166000,134000,115000,203000,78000,119000,80000,112000,161000,99000,97000,93000,65000,58000,162000,99000,75000,117000,306000,123000,110000,62000,124000,68000,170000,62000,161000,134000,115000,124000,66000,165000,64000,158000,136000,119000,120000,111000,59000,77000,117000,82000,108000,167000,103000,104000,65000,69000,59000,169000,87000,75000,118000,304000,130000,71000,175000,65000,165000,135000,114000,125000,71000,164000,63000,160000,131000,108000,199000,148000,104000,96000,110000,102000,71000,95000,57000,81000,104000,57000,98000,132000,124000,69000,165000,64000,155000,136000,106000,89000,94000,92000,65000,74000,131000,68000,168000,67000,162000,139000,139000,138000,67000,165000,66000,156000,137000,112000,209000,96000,66000,64000,67000,161000,88000,72000,293000,75000,116000,80000,132000,171000,116000,129000,123000,106000,64000,138000,131000,105000,145000,111000,70000,134000,151000,110000,102000,132000,108000,193000,107000,166000,93000,165000,346000,125000,66000,173000,67000,159000,139000,113000,122000,110000,56000,77000,113000,75000,113000,163000,122000,99000,70000,66000,60000,220000,85000,80000,116000,303000,124000,71000,172000,83000,164000,141000,115000,130000,71000,165000,66000,164000,135000,121000,207000,134000,143000,107000,107000,96000,96000,102000,125000,73000,165000,65000,154000,132000,103000,93000,92000,102000,90000,64000,68000,99000,65000,63000,59000,161000,88000,73000,296000,82000,116000,78000,108000,172000,100000,115000,120000,109000,73000,64000,104000,65000,83000,78000,127000,68000,165000,64000,159000,136000,112000,129000,65000,171000,66000,161000,136000,108000,198000,105000,3438000,
ite1: 190000,203000,183000,198000,185000,
refl: 407000,36000,471000,49000,33000,390000,37000,455000,51000,35000,24000,21000,19000,38000,32000,318000,33000,21000,67000,46000,42000,383000,38000,453000,48000,37000,433000,36000,479000,50000,39000,47000,44000,19000,23000,16000,21000,35000,320000,33000,22000,61000,398000,38000,452000,50000,34000,399000,42000,482000,49000,35000,22000,27000,413000,35000,446000,46000,36000,20000,393000,35000,456000,46000,37000,393000,34000,458000,63000,36000,32000,358000,31000,20000,19000,24000,16000,22000,62000,47000,40000,37000,32000,39000,35000,42000,34000,33000,40000,390000,37000,503000,48000,34000,48000,42000,15000,22000,17000,22000,35000,325000,31000,21000,63000,396000,40000,485000,53000,34000,386000,36000,525000,49000,36000,22000,411000,35000,454000,48000,36000,19000,35000,318000,31000,20000,17000,23000,16000,20000,60000,44000,47000,31000,389000,35000,442000,56000,35000,384000,35000,447000,47000,36000,72000,48000,138000,
symm: 276000,296000,281000,352000,236000,295000,275000,364000,191000,226000,237000,295000,281000,341000,255000,299000,285000,376000,189000,225000,247000,330000,287000,377000,250000,294000,280000,343000,181000,159000,172000,143000,262000,266000,243000,303000,281000,351000,173000,115000,233000,305000,273000,349000,254000,352000,287000,345000,7731000,181000,221000,106000,133000,241000,297000,286000,344000,186000,223000,257000,299000,275000,354000,235000,300000,281000,385000,266000,292000,274000,355000,240000,167000,108000,172000,174000,224000,91000,190000,243000,291000,274000,345000,245000,291000,284000,339000,
true: 69000,68000,66000,70000,72000,
trans: 243000,255000,253000,258000,239000,198000,112000,269000,233000,268000,266000,218000,107000,311000,253000,306000,318000,206000,225000,243000,249000,252000,266000,245000,197000,124000,296000,251000,267000,261000,222000,107000,304000,254000,277000,296000,219000,226000,170000,173000,179000,151000,110000,204000,181000,217000,200000,203000,216000,177000,254000,250000,249000,254000,243000,196000,112000,277000,236000,371000,248000,221000,110000,317000,255000,282000,304000,200000,221000,254000,256000,266000,261000,273000,195000,110000,296000,236000,258000,256000,223000,116000,328000,246000,282000,297000,210000,221000,214000,179000,161000,171000,185000,144000,116000,212000,180000,225000,206000,210000,255000,255000,253000,256000,240000,203000,119000,309000,233000,265000,267000,216000,115000,308000,254000,301000,313000,209000,232000,245000,250000,266000,410000,244000,201000,120000,288000,233000,261000,264000,223000,107000,308000,258000,282000,300000,204000,226000,314000,304000,287000,289000,150000,221000,223000,254000,245000,257000,267000,246000,199000,123000,329000,238000,284000,255000,255000,108000,316000,251000,289000,303000,225000,225000,177000,166000,243000,253000,269000,262000,245000,198000,124000,275000,238000,270000,253000,251000,110000,314000,250000,285000,315000,205000,221000,249000,257000,267000,269000,256000,198000,122000,277000,241000,300000,335000,244000,104000,304000,408000,293000,387000,212000,246000,169000,172000,184000,151000,107000,206000,178000,212000,206000,212000,207000,190000,222000,165000,175000,224000,126000,156000,175000,227000,168000,192000,227000,263000,264000,259000,277000,234000,199000,116000,280000,236000,268000,269000,222000,109000,314000,252000,283000,309000,203000,225000,216000,177000,168000,169000,175000,138000,113000,199000,186000,208000,200000,209000,250000,259000,273000,289000,245000,196000,118000,280000,252000,327000,253000,220000,162000,336000,253000,279000,305000,202000,232000,246000,265000,272000,270000,250000,228000,151000,276000,238000,267000,250000,247000,109000,361000,250000,268000,300000,208000,266000,313000,297000,329000,247000,247000,258000,268000,260000,243000,189000,125000,278000,237000,265000,259000,220000,105000,312000,253000,272000,329000,195000,220000,284000,187000,174000,159000,171000,169000,183000,136000,112000,204000,178000,196000,192000,202000,205000,171000,151000,248000,260000,257000,292000,446000,191000,121000,270000,230000,249000,253000,227000,108000,310000,257000,273000,296000,213000,216000,249000,253000,252000,287000,244000,196000,118000,268000,232000,256000,259000,232000,108000,308000,257000,272000,300000,199000,225000,
choice: 34000,68000,
equiv1: 323000,335000,334000,197000,328000,320000,261000,
equiv2: 289000,274000,282000,113000,127000,285000,297000,280000,
or_neg: 300000,259000,334000,157000,160000,142000,137000,159000,165000,172000,135000,147000,156000,139000,148000,170000,138000,141000,189000,210000,282000,252000,329000,883000,833000,948000,857000,883000,850000,843000,818000,823000,866000,838000,811000,843000,882000,
or_pos: 286000,332000,387000,252000,247000,254000,234000,248000,243000,249000,297000,286000,
and_neg: 1361000,1442000,
and_pos: 1152000,1272000,1214000,1211000,1268000,1197000,1136000,1111000,1150000,1177000,1167000,1184000,1184000,1193000,1285000,1135000,1299000,1405000,1211000,1122000,1118000,1179000,1145000,1167000,1185000,1198000,138000,173000,149000,141000,148000,158000,1215000,1273000,1258000,1203000,1206000,1250000,1146000,1122000,1210000,1184000,1140000,1198000,1181000,1207000,1215000,1209000,1217000,1159000,1130000,1269000,1183000,1230000,1174000,1139000,1126000,1247000,
implies: 206000,252000,1295000,247000,220000,1300000,203000,244000,213000,202000,1296000,252000,210000,1358000,238000,200000,
not_and: 178000,
not_not: 125000,218000,
parsing: 272365000,
aci_simp: 1041000,1326000,1015000,1088000,1111000,1042000,1072000,1089000,1145000,1117000,1317000,1071000,1020000,1163000,1000000,1116000,1106000,1252000,1105000,1086000,1143000,1139000,963000,1050000,1000000,1206000,1037000,1345000,1244000,1255000,1157000,1063000,1199000,1304000,1016000,1048000,1127000,1222000,1258000,1073000,1108000,1027000,1134000,1089000,1050000,2980000,4860000,1158000,1191000,943000,1012000,1063000,1060000,1088000,1067000,1039000,1050000,1087000,1123000,955000,1038000,1055000,1133000,1152000,1138000,1147000,1005000,1131000,1031000,1121000,1278000,1004000,1074000,1041000,1111000,1102000,954000,980000,954000,1018000,1002000,1056000,1090000,976000,1014000,997000,1068000,1112000,
evaluate: 215000,228000,224000,227000,220000,239000,226000,231000,228000,240000,226000,231000,235000,220000,227000,225000,260000,222000,227000,228000,209000,226000,213000,215000,253000,225000,248000,221000,219000,241000,210000,225000,203000,210000,211000,207000,
not_symm: 122000,172000,127000,126000,114000,
onepoint: 1187000,1510000,1187000,1465000,1074000,1158000,1502000,1186000,1500000,1093000,1177000,1550000,1188000,1572000,1281000,1487000,1201000,1490000,1388000,1519000,1086000,1148000,1482000,1067000,1276000,1473000,1192000,1476000,1148000,1471000,1047000,1114000,1439000,1142000,1455000,
qnt_join: 287000,327000,280000,332000,232000,278000,317000,276000,322000,371000,277000,516000,276000,333000,287000,340000,272000,329000,345000,341000,228000,279000,323000,230000,479000,334000,282000,321000,1480000,322000,222000,275000,323000,286000,319000,
subproof: 1196000,1270000,2530000,1159000,1184000,2460000,1231000,1184000,1130000,1265000,1065000,2389000,1212000,1185000,2381000,1196000,1114000,
and_intro: 1408000,191000,1416000,
equiv_neg1: 37000,
equiv_neg2: 33000,
equiv_pos1: 48000,106000,51000,110000,
equiv_pos2: 47000,112000,48000,396000,96000,184000,207000,214000,241000,76000,115000,133000,138000,281000,132000,294000,286000,144000,220000,216000,76000,148000,136000,135000,280000,129000,278000,277000,130000,183000,205000,211000,231000,188000,82000,209000,166000,206000,260000,282000,127000,277000,289000,133000,140000,302000,142000,157000,166000,92000,171000,112000,173000,177000,116000,89000,29000,171000,94000,165000,94000,115000,75000,143000,342000,190000,81000,215000,139000,136000,137000,289000,129000,276000,291000,206000,204000,242000,123000,215000,120000,129000,280000,283000,129000,138000,288000,142000,76000,181000,203000,210000,240000,1641000,
reordering: 237000,493000,181000,238000,250000,477000,469000,447000,2247000,18342000,466000,18295000,462000,180000,325000,325000,401000,315000,210000,296000,467000,180000,308000,329000,301000,233000,435000,2218000,18346000,464000,18199000,445000,
resolution: 598000,239000,196000,229000,212000,241000,1989000,186000,193000,260000,524000,690000,237000,206000,263000,178000,289000,341000,328000,311000,184000,299000,217000,204000,159000,225000,179000,227000,211000,242000,303000,398000,375000,212000,280000,212000,184000,262000,338000,313000,317000,287000,243000,269000,316000,246000,297000,227000,2847000,1465000,1064000,9408000,293000,249000,310000,172000,210000,241000,272000,291000,218000,241000,323000,429000,369000,217000,266000,215000,181000,244000,342000,318000,302000,267000,175000,227000,189000,210000,267000,223000,193000,296000,321000,343000,327000,191000,306000,263000,1464000,1023000,9740000,232000,197000,228000,213000,273000,210000,167000,230000,252000,303000,169000,243000,190000,301000,292000,348000,320000,186000,295000,371000,183000,288000,331000,313000,309000,210000,247000,312000,394000,367000,212000,259000,245000,231000,257000,310000,192000,236000,252000,314000,207000,222000,288000,301000,164000,238000,270000,174000,280000,236000,246000,315000,394000,344000,199000,216000,249000,225000,558000,161000,162000,179000,198000,159000,229000,283000,318000,171000,281000,251000,260000,302000,259000,279000,353000,293000,563000,237000,290000,533000,170000,239000,262000,183000,274000,238000,248000,318000,306000,292000,265000,288000,246000,503000,641000,3371000,22817000,3117000,1561000,1126000,9446000,297000,221000,207000,383000,259000,185000,161000,218000,250000,321000,242000,266000,295000,218000,244000,324000,397000,375000,215000,268000,211000,192000,247000,330000,337000,318000,299000,187000,297000,295000,334000,313000,189000,313000,174000,287000,1752000,1869000,9412000,218000,221000,339000,257000,311000,167000,249000,210000,190000,256000,324000,309000,306000,210000,247000,302000,390000,374000,227000,253000,252000,248000,251000,279000,154000,202000,194000,210000,257000,213000,183000,296000,290000,331000,311000,177000,278000,281000,
sko_forall: 1063000,1082000,1016000,973000,
contraction: 609000,317000,358000,1796000,3766000,364000,345000,1781000,3821000,315000,365000,220000,298000,241000,236000,214000,287000,295000,206000,240000,202000,549000,10642000,1803000,3869000,369000,342000,1844000,3812000,358000,311000,
forall_inst: 696000,740000,1000000,926000,874000,780000,896000,924000,679000,724000,894000,759000,903000,943000,847000,943000,706000,885000,891000,813000,667000,740000,800000,836000,781000,932000,835000,708000,1016000,1097000,818000,740000,931000,750000,822000,739000,931000,926000,794000,849000,878000,851000,826000,848000,814000,783000,776000,792000,742000,696000,993000,961000,864000,779000,794000,773000,957000,818000,726000,832000,827000,617000,734000,798000,904000,780000,968000,
implies_neg1: 263000,317000,320000,269000,261000,308000,2384000,2537000,198000,262000,198000,312000,269000,308000,262000,2353000,2388000,
implies_neg2: 253000,357000,1392000,370000,267000,1406000,259000,356000,157000,283000,174000,1486000,361000,275000,13275000,355000,265000,
__local_input: 185000,124000,148000,114000,108000,97000,47000,86000,22000,43000,47000,49000,27000,45000,46000,34000,43000,48000,67000,28000,63000,47000,44000,48000,55000,26000,21000,38000,43000,35000,99000,52000,22000,24000,58000,21000,26000,64000,85000,98000,109000,95000,80000,41000,36000,31000,46000,29000,22000,63000,41000,45000,43000,32000,27000,61000,28000,62000,47000,41000,44000,40000,26000,21000,39000,46000,32000,87000,54000,
qnt_rm_unused: 395000,1242000,475000,1906000,407000,1236000,470000,3413000,301000,1047000,391000,1313000,469000,1858000,399000,1250000,472000,1904000,313000,1061000,399000,1245000,480000,2257000,427000,1506000,468000,2202000,399000,1606000,513000,2112000,392000,1397000,468000,2181000,424000,1271000,485000,1895000,324000,1087000,392000,1269000,468000,1950000,314000,1041000,396000,1317000,475000,2024000,384000,1312000,464000,2343000,422000,1256000,476000,2021000,305000,1036000,394000,1201000,464000,1883000,417000,1206000,467000,1865000,
equiv_simplify: 423000,425000,437000,189000,197000,417000,391000,413000,382000,
implies_simplify: 285000,
__normalized_input: 12432000,12200000,11793000,11243000,11137000,6485000,43532000,9935000,8077000,7939000,7662000,6994000,5157000,3340000,2873000,2393000,2276000,2289000,1424000,1454000,
rare_rewrite_ite-eq: 6631000,6847000,6892000,6890000,6428000,
rare_rewrite_eq-refl: 115000,108000,112000,106000,106000,187000,114000,106000,113000,106000,106000,193000,114000,105000,115000,109000,117000,107000,120000,106000,120000,109000,105000,194000,114000,111000,194000,199000,127000,112000,115000,105000,154000,118000,113000,195000,108000,103000,109000,100000,
rare_rewrite_eq-symm: 161000,145000,127000,128000,113000,147000,130000,120000,131000,181000,126000,135000,98000,113000,107000,238000,230000,103000,143000,140000,146000,121000,143000,129000,127000,111000,121000,102000,102000,102000,100000,237000,208000,132000,161000,194000,133000,120000,124000,154000,134000,118000,114000,181000,173000,123000,150000,130000,123000,116000,173000,154000,129000,121000,135000,153000,128000,131000,123000,213000,98000,234000,213000,132000,106000,113000,98000,127000,156000,131000,150000,134000,118000,113000,102000,105000,111000,97000,235000,217000,147000,136000,118000,120000,150000,128000,123000,127000,172000,140000,148000,126000,125000,115000,147000,106000,247000,224000,97000,94000,95000,117000,155000,151000,125000,118000,120000,158000,126000,129000,111000,186000,
rare_rewrite_or-not-refl: 16985000,6394000,6706000,6804000,6434000,6462000,18707000,6729000,6936000,6582000,8439000,6930000,6985000,6931000,6893000,6837000,6485000,6574000,14668000,6541000,6510000,6627000,14764000,6552000,7216000,7008000,7160000,6611000,6361000,6434000,6091000,6163000,6268000,6266000,6258000,
rare_rewrite_bool-impl-elim: 6810000,6641000,6676000,6640000,6404000,6430000,6321000,6051000,6869000,7007000,6697000,6432000,6536000,6099000,6270000,6509000,6260000,6035000,6306000,6578000,6494000,6319000,6558000,19580000,6204000,6421000,6367000,6658000,6819000,6601000,6151000,6157000,6058000,6070000,6211000,
rare_rewrite_bool-and-de-morgan: 6398000,6190000,5977000,6129000,6406000,6376000,6238000,6046000,6130000,5899000,5996000,6208000,6005000,6289000,6109000,5994000,5799000,5770000,
rare_rewrite_bool-double-not-elim: 114000,121000,113000,111000,107000,123000,124000,157000,269000,114000,103000,338000,

