1; Draft.Scratch_smt_check_7_4784; 2026-04-10 13:44:36.707;
bind: 301000,286000,222000,234000,295000,505000,243000,246000,
cong: 55000,195000,159000,120000,125000,189000,188000,121000,127000,97000,97000,42000,40000,25000,22000,29000,32000,25000,22000,182000,
refl: 41000,30000,37000,42000,31000,39000,23000,17000,44000,
symm: 128000,
false: 13000,
trans: 144000,268000,236000,265000,158000,163000,272000,230000,262000,154000,184000,82000,
choice: 93000,
equiv1: 86000,
equiv2: 99000,110000,
or_neg: 206000,237000,145000,
or_pos: 232000,294000,241000,287000,
implies: 189000,
not_not: 138000,
parsing: 12364000,
aci_simp: 1158000,1031000,1327000,1034000,
evaluate: 250000,
subproof: 1356000,
equiv_pos2: 204000,143000,205000,135000,98000,142000,164000,39000,
reordering: 371000,364000,307000,384000,
resolution: 135000,172000,161000,173000,185000,159000,167000,199000,289000,310000,321000,257000,294000,282000,324000,340000,250000,365000,309000,321000,294000,325000,339000,260000,296000,300000,175000,223000,
sko_forall: 1026000,
contraction: 301000,307000,
forall_inst: 630000,754000,844000,857000,908000,804000,
implies_neg1: 217000,
implies_neg2: 208000,
__local_input: 54000,
equiv_simplify: 175000,166000,186000,
__normalized_input: 23829000,12734000,12102000,9122000,6133000,6290000,1018000,
rare_rewrite_eq-refl: 86000,
rare_rewrite_bool-impl-elim: 6438000,6111000,6187000,6509000,6504000,6375000,
rare_rewrite_bool-and-de-morgan: 6095000,5957000,6098000,6116000,
rare_rewrite_bool-double-not-elim: 170000,

