1; Draft.Scratch_smt_check_7_17594; 2026-04-10 13:46:35.168;
bind: 244000,228000,139000,181000,133000,143000,149000,134000,144000,143000,159000,169000,161000,160000,168000,168000,196000,223000,211000,218000,227000,223000,415000,161000,168000,161000,161000,170000,170000,197000,210000,213000,234000,228000,225000,727000,239000,277000,246000,251000,259000,336000,254000,250000,237000,268000,253000,263000,291000,322000,271000,291000,334000,279000,406000,368000,384000,219000,222000,229000,440000,
cong: 58000,71000,133000,50000,45000,61000,54000,84000,72000,93000,139000,89000,63000,78000,68000,90000,62000,85000,67000,86000,109000,87000,87000,82000,70000,119000,88000,87000,71000,116000,164000,131000,149000,156000,64000,94000,133000,150000,145000,90000,168000,172000,114000,90000,97000,135000,71000,126000,93000,80000,69000,111000,155000,123000,150000,158000,108000,89000,141000,151000,139000,98000,281000,281000,104000,132000,142000,147000,110000,157000,109000,140000,204000,136000,112000,235000,131000,120000,104000,135000,104000,165000,104000,187000,109000,144000,181000,160000,148000,143000,109000,183000,153000,163000,109000,173000,388000,217000,240000,261000,68000,92000,138000,148000,129000,90000,168000,188000,153000,60000,58000,160000,
refl: 17000,49000,18000,24000,21000,22000,21000,21000,20000,48000,21000,51000,46000,83000,343000,64000,32000,33000,57000,76000,59000,43000,21000,48000,21000,47000,47000,82000,362000,62000,35000,31000,63000,80000,121000,96000,37000,36000,36000,35000,27000,41000,32000,33000,36000,34000,79000,33000,76000,76000,131000,580000,68000,34000,31000,52000,81000,63000,43000,23000,29000,33000,
symm: 73000,84000,131000,108000,184000,106000,185000,124000,107000,184000,
trans: 259000,209000,105000,119000,101000,118000,120000,94000,107000,107000,140000,159000,113000,134000,137000,120000,160000,171000,150000,164000,206000,151000,167000,174000,179000,181000,186000,193000,204000,207000,248000,192000,106000,106000,119000,186000,142000,228000,245000,153000,160000,149000,156000,157000,148000,156000,176000,173000,179000,182000,188000,200000,207000,252000,189000,108000,100000,114000,190000,136000,422000,436000,293000,277000,199000,237000,258000,237000,178000,186000,173000,261000,180000,184000,201000,246000,236000,207000,256000,239000,201000,280000,286000,256000,279000,302000,248000,260000,303000,316000,316000,434000,361000,388000,400000,437000,335000,107000,110000,147000,188000,131000,225000,250000,100000,99000,
choice: 71000,
equiv1: 81000,105000,109000,274000,103000,89000,90000,89000,
equiv2: 189000,97000,144000,167000,104000,
or_neg: 190000,181000,211000,155000,163000,164000,178000,342000,331000,369000,189000,182000,216000,144000,153000,158000,
or_pos: 238000,290000,252000,517000,442000,301000,262000,
and_neg: 181000,194000,157000,189000,
and_pos: 95000,92000,97000,94000,103000,121000,96000,110000,105000,176000,174000,183000,98000,111000,107000,117000,108000,122000,113000,115000,
implies: 145000,139000,122000,129000,157000,148000,126000,156000,196000,266000,229000,226000,262000,113000,111000,107000,110000,
not_not: 125000,200000,126000,
parsing: 61080000,
aci_simp: 983000,1049000,1101000,1003000,1123000,2148000,1870000,1217000,1167000,
onepoint: 1418000,1404000,2552000,
qnt_join: 222000,231000,229000,
subproof: 1082000,9172000,1002000,1077000,1089000,1071000,1034000,1084000,2085000,2103000,1894000,2030000,2064000,1036000,1046000,1065000,1048000,
and_intro: 133000,157000,96000,114000,
equiv_neg1: 40000,
equiv_neg2: 33000,
equiv_pos1: 57000,68000,36000,88000,102000,65000,53000,70000,35000,38000,39000,
equiv_pos2: 156000,42000,51000,73000,114000,38000,115000,82000,85000,128000,116000,111000,178000,146000,268000,37000,151000,127000,112000,121000,176000,143000,521000,71000,313000,181000,151000,229000,235000,177000,156000,235000,211000,210000,349000,151000,268000,40000,152000,95000,98000,41000,
reordering: 178000,317000,337000,285000,203000,462000,361000,188000,227000,224000,186000,336000,952000,664000,370000,445000,413000,346000,624000,469000,358000,197000,245000,228000,187000,237000,247000,179000,213000,244000,240000,208000,
resolution: 170000,184000,177000,337000,227000,209000,453000,145000,211000,230000,506000,340000,253000,187000,184000,688000,203000,222000,243000,286000,159000,215000,160000,205000,219000,163000,221000,152000,223000,255000,258000,201000,168000,163000,222000,242000,253000,254000,166000,241000,178000,179000,249000,287000,283000,291000,182000,260000,148000,192000,180000,277000,228000,173000,237000,297000,263000,322000,360000,174000,366000,401000,457000,1330000,381000,221000,228000,509000,163000,162000,158000,234000,252000,264000,186000,180000,179000,255000,254000,296000,285000,175000,250000,152000,187000,174000,259000,190000,184000,239000,300000,264000,447000,525000,323000,624000,729000,274000,386000,371000,481000,445000,263000,377000,380000,391000,937000,290000,239000,289000,250000,374000,428000,417000,331000,364000,270000,384000,411000,462000,417000,262000,449000,287000,295000,488000,453000,661000,456000,297000,409000,252000,327000,296000,427000,193000,174000,265000,300000,274000,349000,356000,210000,373000,418000,295000,215000,210000,327000,146000,232000,224000,345000,186000,270000,190000,165000,349000,319000,309000,218000,228000,368000,165000,166000,226000,227000,388000,154000,155000,230000,204000,
sko_forall: 980000,
contraction: 191000,215000,192000,217000,233000,199000,245000,329000,386000,190000,223000,197000,250000,574000,343000,365000,401000,369000,358000,462000,308000,155000,171000,154000,177000,271000,152000,183000,163000,185000,
forall_inst: 778000,716000,665000,700000,729000,652000,657000,873000,912000,680000,694000,698000,669000,698000,922000,1731000,1214000,1212000,1208000,1195000,1260000,787000,802000,926000,944000,736000,694000,688000,678000,696000,
implies_neg1: 128000,138000,162000,170000,195000,163000,202000,289000,281000,272000,352000,129000,136000,151000,150000,154000,154000,
implies_neg2: 122000,122000,162000,157000,197000,124000,160000,192000,274000,217000,274000,298000,391000,129000,140000,142000,141000,
__local_input: 14000,17000,18000,16000,18000,35000,67000,61000,71000,63000,70000,102000,94000,84000,105000,15000,16000,22000,14000,18000,35000,18000,19000,18000,39000,18000,22000,20000,38000,
connective_def: 192000,194000,198000,
equiv_simplify: 146000,158000,178000,180000,277000,166000,157000,167000,172000,166000,
__normalized_input: 5339000,2628000,2597000,2297000,2630000,1426000,1310000,1327000,1146000,1426000,982000,19706000,930000,
rare_rewrite_eq-refl: 77000,130000,153000,
rare_rewrite_eq-symm: 107000,84000,96000,113000,123000,87000,75000,117000,82000,108000,74000,91000,81000,109000,75000,90000,82000,89000,137000,95000,89000,137000,90000,93000,151000,135000,114000,114000,112000,84000,89000,138000,95000,88000,157000,98000,107000,146000,124000,111000,157000,108000,152000,192000,138000,159000,155000,221000,129000,166000,173000,141000,208000,152000,144000,200000,146000,207000,132000,166000,179000,200000,137000,159000,137000,161000,225000,163000,182000,242000,170000,157000,290000,127000,108000,118000,128000,
rare_rewrite_or-not-refl: 6514000,6308000,11945000,
rare_rewrite_bool-eq-true: 5912000,11376000,11302000,
rare_rewrite_bool-eq-false: 5764000,6001000,
rare_rewrite_bool-eq-nrefl: 5959000,5874000,12002000,
rare_rewrite_bool-impl-elim: 5993000,6177000,6281000,6101000,11987000,6304000,6408000,
rare_rewrite_bool-not-eq-elim1: 5802000,6049000,5993000,
rare_rewrite_bool-not-eq-elim2: 6049000,6002000,6111000,
rare_rewrite_bool-and-de-morgan: 6028000,11491000,6159000,
rare_rewrite_bool-double-not-elim: 87000,135000,116000,84000,118000,203000,87000,125000,125000,109000,114000,

