1; Draft.Scratch_smt_check_7_13614; 2026-04-10 13:50:16.035;
bind: 143000,210000,201000,486000,512000,371000,552000,535000,228000,253000,230000,253000,234000,869000,918000,685000,987000,947000,406000,437000,237000,264000,233000,148000,
cong: 83000,279000,55000,232000,167000,212000,182000,105000,113000,108000,168000,93000,69000,152000,187000,182000,430000,80000,382000,302000,363000,310000,169000,113000,106000,164000,93000,56000,102000,102000,86000,183000,
refl: 67000,33000,784000,45000,42000,37000,31000,138000,53000,1317000,72000,70000,64000,33000,31000,37000,54000,
symm: 398000,478000,117000,381000,253000,756000,926000,216000,196000,138000,126000,
trans: 205000,389000,394000,404000,336000,111000,465000,345000,361000,418000,323000,336000,278000,278000,261000,167000,218000,225000,154000,122000,7867000,359000,244000,354000,723000,794000,744000,593000,203000,788000,705000,640000,768000,600000,617000,543000,503000,495000,299000,392000,220000,162000,118000,186000,195000,131000,
choice: 68000,
equiv1: 427000,178000,144000,
equiv2: 163000,322000,139000,
or_neg: 159000,335000,336000,280000,402000,391000,379000,425000,161000,
or_pos: 642000,416000,351000,
and_neg: 264000,
and_pos: 385000,332000,334000,
implies: 179000,495000,170000,
not_not: 167000,372000,150000,
parsing: 44573000,
aci_simp: 1154000,1178000,1230000,1110000,1072000,939000,2189000,2324000,2476000,2069000,1980000,944000,
evaluate: 241000,221000,
onepoint: 1816000,3356000,
qnt_join: 425000,806000,
subproof: 1381000,2180000,1389000,
equiv_pos2: 77000,105000,350000,130000,132000,208000,165000,218000,180000,724000,125000,134000,198000,85000,100000,72000,161000,
reordering: 969000,399000,479000,939000,515000,
resolution: 232000,192000,173000,226000,198000,211000,236000,266000,218000,293000,311000,369000,385000,201000,228000,194000,241000,195000,289000,275000,342000,375000,240000,289000,451000,551000,944000,2590000,871000,545000,528000,1208000,372000,317000,365000,533000,568000,649000,664000,380000,406000,360000,457000,345000,499000,280000,341000,372000,247000,297000,238000,201000,190000,256000,
sko_forall: 2021000,1050000,
contraction: 280000,439000,932000,557000,603000,277000,
forall_inst: 633000,693000,727000,995000,728000,1808000,747000,682000,687000,
implies_neg1: 250000,246000,264000,
implies_neg2: 238000,412000,235000,
__local_input: 126000,125000,29000,26000,72000,
qnt_rm_unused: 642000,3891000,1276000,6425000,
equiv_simplify: 245000,476000,470000,252000,208000,205000,
__normalized_input: 3930000,3288000,3191000,3102000,3143000,3062000,3475000,606000,
rare_rewrite_eq-refl: 113000,136000,203000,113000,
rare_rewrite_eq-symm: 118000,139000,142000,125000,128000,121000,132000,368000,269000,125000,123000,122000,129000,179000,125000,
rare_rewrite_or-not-refl: 6379000,13254000,
rare_rewrite_bool-eq-false: 11202000,11431000,5772000,6004000,
rare_rewrite_bool-impl-elim: 5814000,6158000,5881000,5901000,5925000,11820000,11200000,9503000,6050000,
rare_rewrite_bool-and-de-morgan: 5868000,5947000,11602000,11735000,
rare_rewrite_bool-double-not-elim: 235000,147000,

