1; Draft.Scratch_smt_check_7_29679; 2026-04-10 13:42:49.785;
bind: 210000,221000,365000,380000,261000,403000,416000,
cong: 168000,147000,140000,95000,173000,265000,151000,106000,247000,168000,204000,104000,178000,153000,82000,280000,267000,248000,228000,157000,
refl: 98000,18000,34000,121000,34000,192000,186000,31000,56000,
symm: 65000,107000,
trans: 197000,203000,198000,201000,177000,189000,164000,130000,356000,312000,330000,103000,116000,139000,237000,254000,224000,134000,230000,240000,227000,393000,408000,348000,385000,303000,471000,327000,246000,
choice: 99000,
or_neg: 178000,219000,170000,277000,
or_pos: 608000,444000,
implies: 382000,
parsing: 21298000,
aci_simp: 995000,1021000,1073000,1319000,924000,1078000,1687000,1890000,1971000,1947000,
not_symm: 89000,
subproof: 2019000,
equiv_pos2: 33000,160000,189000,567000,388000,84000,273000,
reordering: 233000,932000,477000,
resolution: 187000,226000,189000,194000,161000,302000,338000,182000,293000,353000,527000,403000,571000,582000,352000,416000,328000,
sko_forall: 2464000,
contraction: 306000,490000,
forall_inst: 1620000,1292000,
implies_neg1: 462000,
implies_neg2: 459000,
__local_input: 76000,
connective_def: 653000,
miniscope_split: 309000,542000,
__normalized_input: 1639000,768000,823000,762000,1045000,742000,
rare_rewrite_eq-symm: 107000,
rare_rewrite_bool-eq-false: 5644000,11156000,
rare_rewrite_bool-impl-elim: 6064000,6664000,11324000,
rare_rewrite_bool-and-de-morgan: 5762000,6053000,5992000,6735000,12071000,11167000,
rare_rewrite_bool-double-not-elim: 80000,106000,64000,63000,75000,97000,147000,
rare_rewrite_bool-implies-de-morgan: 5596000,6486000,11134000,

