1; Draft.Scratch_smt_check_7_27139; 2026-04-10 13:42:49.756;
bind: 266000,364000,213000,293000,396000,486000,389000,
cong: 153000,91000,91000,161000,119000,271000,233000,210000,
refl: 43000,132000,49000,
symm: 90000,100000,
trans: 266000,171000,189000,129000,128000,119000,149000,101000,119000,
choice: 36000,44000,69000,
equiv1: 156000,
equiv2: 124000,
or_neg: 128000,229000,247000,185000,
or_pos: 198000,301000,339000,281000,760000,283000,
and_pos: 95000,
implies: 246000,
not_not: 119000,
parsing: 14607000,
aci_simp: 1128000,915000,984000,
subproof: 2386000,
equiv_pos2: 155000,251000,274000,242000,302000,345000,282000,225000,299000,
reordering: 262000,278000,173000,381000,347000,1025000,355000,339000,
resolution: 211000,264000,196000,350000,729000,318000,168000,148000,158000,199000,165000,179000,190000,302000,182000,239000,252000,196000,253000,297000,379000,263000,328000,405000,240000,430000,506000,373000,435000,498000,530000,325000,398000,
sko_forall: 4979000,
contraction: 375000,458000,
forall_inst: 901000,718000,727000,710000,1217000,1231000,1272000,1187000,
implies_neg1: 386000,
implies_neg2: 326000,
__local_input: 76000,
equiv_simplify: 202000,241000,
__normalized_input: 1582000,1302000,1455000,1377000,1056000,977000,684000,788000,1050000,
rare_rewrite_bool-impl-elim: 6371000,6260000,11267000,11143000,11411000,11168000,11064000,
rare_rewrite_bool-and-de-morgan: 5939000,6155000,6989000,21555000,
rare_rewrite_bool-double-not-elim: 115000,

