1; Draft.Scratch_smt_check_7_26415; 2026-04-10 13:44:04.475;
and: 70000,106000,
bind: 306000,310000,193000,210000,187000,312000,541000,340000,373000,412000,
cong: 171000,108000,165000,102000,280000,201000,110000,167000,104000,254000,150000,499000,336000,117000,86000,187000,
refl: 53000,113000,53000,110000,85000,77000,53000,114000,93000,234000,28000,183000,135000,
symm: 158000,103000,271000,
trans: 249000,188000,210000,128000,130000,247000,189000,202000,122000,125000,182000,179000,101000,239000,223000,203000,117000,129000,446000,345000,355000,204000,232000,361000,291000,
or_pos: 151000,265000,175000,252000,466000,326000,
and_neg: 304000,
and_pos: 114000,139000,
implies: 228000,154000,216000,
parsing: 54254000,
aci_simp: 1079000,935000,1137000,906000,1041000,946000,2020000,1747000,
subproof: 1691000,1053000,3110000,
equiv_pos2: 208000,212000,370000,113000,133000,226000,406000,695000,226000,274000,
reordering: 164000,340000,190000,244000,334000,301000,660000,372000,
resolution: 156000,247000,326000,305000,335000,466000,538000,333000,362000,147000,185000,240000,153000,192000,251000,291000,281000,248000,369000,238000,332000,295000,322000,545000,904000,610000,491000,274000,300000,384000,265000,371000,408000,
contraction: 388000,223000,247000,379000,
forall_inst: 784000,717000,736000,1430000,1170000,1260000,
implies_neg1: 319000,584000,4097000,
implies_neg2: 317000,194000,13567000,
__local_input: 60000,124000,28000,48000,
__normalized_input: 1671000,1731000,1716000,1422000,1231000,941000,1061000,
rare_rewrite_eq-symm: 132000,94000,252000,167000,
rare_rewrite_bool-impl-elim: 6419000,6176000,6328000,6234000,6277000,11680000,11506000,22915000,
rare_rewrite_bool-and-de-morgan: 6148000,6420000,5781000,6032000,5955000,5868000,10959000,11256000,

