1; Draft.Scratch_smt_check_7_21425; 2026-04-10 13:51:06.734;
bind: 256000,234000,499000,480000,490000,507000,
cong: 104000,160000,461000,355000,144000,158000,479000,362000,84000,764000,
refl: 35000,38000,44000,207000,
symm: 417000,846000,370000,820000,394000,
trans: 227000,411000,477000,485000,366000,375000,475000,443000,372000,190000,
equiv1: 493000,168000,
equiv2: 372000,1401000,1390000,
or_neg: 972000,1137000,1192000,
or_pos: 497000,480000,482000,
and_pos: 429000,434000,1422000,1996000,1939000,
implies: 1655000,
not_and: 978000,
not_not: 828000,882000,
parsing: 5373000,
evaluate: 442000,
subproof: 2308000,3477000,
and_intro: 515000,
equiv_pos2: 127000,236000,136000,47000,225000,70000,848000,
reordering: 623000,860000,646000,5165000,622000,
resolution: 242000,220000,252000,299000,1617000,2457000,1060000,477000,601000,510000,796000,403000,628000,438000,489000,535000,585000,714000,1078000,1964000,1321000,3135000,430000,488000,708000,401000,440000,683000,1092000,
contraction: 2602000,602000,645000,2148000,2361000,
forall_inst: 12438000,2255000,1486000,
implies_neg1: 499000,1361000,
implies_neg2: 427000,1730000,
__local_input: 97000,209000,117000,109000,188000,
equiv_simplify: 497000,1655000,1623000,251000,
implies_simplify: 636000,
__normalized_input: 3282000,2868000,1266000,1252000,
rare_rewrite_eq-symm: 166000,357000,386000,355000,174000,
rare_rewrite_bool-eq-false: 11763000,11861000,8344000,6027000,
rare_rewrite_bool-impl-elim: 6035000,12049000,11864000,
rare_rewrite_bool-double-not-elim: 659000,

