1; Draft.Scratch_smt_check_7_15164; 2026-04-10 13:47:55.113;
bind: 337000,781000,
cong: 168000,180000,137000,
refl: 41000,52000,122000,306000,
trans: 260000,212000,233000,155000,173000,186000,652000,
or_pos: 566000,299000,
and_pos: 316000,
parsing: 42608000,
aci_simp: 1136000,998000,
not_symm: 66000,
equiv_pos2: 232000,607000,
reordering: 410000,788000,375000,
resolution: 289000,333000,314000,233000,368000,510000,359000,
forall_inst: 833000,1690000,
__normalized_input: 7237000,5807000,4814000,3170000,3033000,569000,
rare_rewrite_bool-impl-elim: 6434000,7440000,
rare_rewrite_bool-and-de-morgan: 6053000,6203000,
rare_rewrite_bool-double-not-elim: 76000,88000,

