1; Draft.Scratch_smt_check_7_26100; 2026-04-10 13:47:49.779;
bind: 607000,584000,491000,297000,313000,371000,332000,337000,
cong: 188000,130000,91000,241000,293000,75000,129000,264000,301000,83000,95000,610000,249000,292000,77000,106000,537000,224000,179000,166000,187000,176000,162000,
refl: 30000,85000,90000,86000,104000,70000,69000,52000,65000,49000,130000,47000,
symm: 245000,
trans: 310000,326000,361000,349000,330000,355000,238000,219000,224000,245000,185000,208000,184000,214000,
equiv1: 180000,101000,
equiv2: 180000,199000,
or_neg: 408000,410000,386000,461000,138000,
or_pos: 227000,239000,229000,236000,225000,220000,330000,
and_neg: 474000,
and_pos: 108000,109000,
implies: 468000,
not_not: 199000,
parsing: 31918000,
aci_simp: 1984000,1958000,1983000,1179000,1078000,1094000,
not_symm: 111000,
subproof: 2392000,
equiv_pos1: 186000,
equiv_pos2: 545000,488000,778000,449000,186000,217000,197000,260000,225000,263000,80000,223000,
reordering: 629000,572000,281000,169000,271000,211000,264000,314000,375000,299000,297000,386000,
resolution: 577000,297000,289000,341000,246000,294000,3851000,407000,343000,614000,632000,786000,698000,369000,527000,1090000,3826000,425000,502000,176000,210000,341000,171000,188000,215000,312000,189000,342000,332000,273000,312000,256000,198000,267000,235000,267000,306000,
contraction: 772000,971000,
forall_inst: 1531000,798000,823000,842000,838000,804000,846000,888000,
implies_neg1: 730000,
implies_neg2: 651000,
__local_input: 216000,
equiv_simplify: 311000,325000,422000,171000,
__normalized_input: 5919000,3383000,3020000,2828000,2175000,1953000,1707000,1553000,1126000,15018000,1384000,1104000,928000,
rare_rewrite_eq-symm: 123000,140000,120000,231000,129000,176000,
rare_rewrite_bool-impl-elim: 10593000,6458000,6246000,6439000,6444000,6756000,
rare_rewrite_bool-or-de-morgan: 6133000,
rare_rewrite_bool-and-de-morgan: 11800000,6176000,6147000,6762000,
rare_rewrite_bool-double-not-elim: 201000,153000,169000,

