1; Draft.Scratch_smt_check_7_20631; 2026-04-10 13:47:55.788;
bind: 1107000,352000,982000,1035000,598000,333000,623000,1868000,
cong: 389000,283000,224000,195000,171000,155000,173000,285000,290000,298000,297000,298000,561000,781000,436000,418000,446000,555000,698000,335000,230000,205000,175000,165000,50000,64000,298000,299000,149000,178000,45000,60000,240000,311000,75000,83000,550000,239000,225000,94000,534000,1077000,672000,581000,395000,353000,280000,279000,
refl: 41000,364000,45000,53000,251000,56000,43000,235000,28000,48000,89000,99000,45000,84000,722000,
trans: 694000,519000,525000,472000,462000,406000,322000,277000,246000,241000,213000,842000,694000,716000,604000,627000,625000,603000,599000,610000,502000,421000,438000,390000,366000,355000,315000,247000,587000,592000,215000,386000,1293000,1058000,1052000,890000,881000,701000,614000,526000,447000,
choice: 42000,45000,55000,79000,
or_neg: 304000,359000,263000,266000,263000,365000,264000,255000,358000,258000,267000,357000,254000,254000,370000,261000,483000,689000,484000,
or_pos: 239000,1114000,965000,
and_pos: 247000,
implies: 362000,1202000,
parsing: 92243000,
aci_simp: 1606000,1288000,1071000,1981000,1573000,1411000,1234000,1445000,1443000,1472000,1076000,1979000,3197000,2504000,
not_symm: 129000,124000,
subproof: 2268000,7283000,
equiv_pos2: 735000,242000,331000,338000,367000,332000,330000,803000,246000,498000,745000,161000,747000,699000,1311000,
reordering: 489000,312000,512000,498000,512000,495000,635000,373000,2179000,978000,1738000,
resolution: 780000,527000,632000,213000,283000,347000,258000,1458000,1756000,263000,326000,1506000,1831000,298000,1486000,1781000,281000,1454000,1795000,298000,1466000,1808000,216000,436000,613000,594000,580000,153000,197000,215000,325000,661000,776000,681000,340000,637000,2492000,2942000,1775000,2492000,1622000,894000,
sko_forall: 17903000,
contraction: 518000,549000,541000,530000,529000,886000,1102000,1940000,
forall_inst: 848000,1359000,1540000,2264000,
implies_neg1: 702000,939000,
implies_neg2: 675000,1611000,
__local_input: 165000,409000,
__normalized_input: 9262000,8633000,7578000,4782000,4118000,2981000,376000,415000,383000,606000,
rare_rewrite_eq-symm: 73000,121000,64000,78000,126000,173000,141000,
rare_rewrite_bool-impl-elim: 7009000,6238000,7753000,6662000,13017000,
rare_rewrite_bool-and-de-morgan: 5687000,13581000,6243000,6180000,6383000,6649000,6039000,6873000,6963000,6981000,7115000,5808000,6107000,6097000,6231000,6360000,11504000,11750000,11956000,12127000,12441000,12778000,
rare_rewrite_bool-double-not-elim: 111000,122000,124000,117000,119000,65000,69000,75000,93000,210000,

