1; Draft.Scratch_smt_check_7_2650; 2026-04-10 13:51:30.534;
bind: 349000,358000,376000,384000,403000,377000,
cong: 129000,145000,96000,93000,80000,125000,93000,86000,62000,85000,97000,90000,66000,86000,219000,138000,
refl: 25000,21000,118000,67000,22000,80000,65000,
symm: 327000,325000,
trans: 351000,363000,336000,381000,327000,
choice: 62000,
or_pos: 396000,
implies: 395000,
parsing: 2717000,
subproof: 1701000,
equiv_pos2: 110000,121000,129000,135000,268000,
reordering: 496000,
resolution: 344000,374000,434000,308000,392000,431000,454000,521000,548000,394000,444000,
sko_forall: 1354000,
contraction: 505000,
forall_inst: 957000,1084000,
implies_neg1: 503000,
implies_neg2: 475000,
__local_input: 238000,
__normalized_input: 953000,955000,901000,821000,948000,
rare_rewrite_eq-symm: 325000,351000,
rare_rewrite_bool-impl-elim: 6420000,6369000,

