1; Draft.Scratch_smt_check_7_8645; 2026-04-10 13:47:15.316;
bind: 240000,230000,312000,302000,406000,590000,190000,233000,367000,191000,154000,452000,442000,290000,281000,460000,432000,302000,281000,320000,503000,435000,310000,764000,1256000,1354000,810000,539000,741000,
cong: 131000,140000,81000,202000,160000,208000,159000,546000,551000,255000,169000,360000,170000,235000,197000,215000,137000,253000,168000,133000,291000,305000,297000,167000,312000,200000,165000,161000,337000,299000,300000,153000,319000,215000,163000,156000,671000,457000,210000,255000,292000,397000,302000,162000,341000,274000,176000,362000,730000,760000,642000,357000,862000,539000,416000,263000,1361000,823000,428000,487000,748000,1028000,392000,560000,766000,
refl: 40000,42000,30000,111000,31000,107000,66000,165000,130000,204000,39000,54000,133000,43000,19000,37000,28000,46000,21000,40000,29000,86000,35000,52000,46000,22000,40000,29000,119000,92000,109000,79000,201000,84000,122000,224000,
symm: 223000,151000,
false: 12000,
trans: 186000,231000,132000,148000,146000,162000,277000,277000,253000,265000,236000,256000,271000,247000,265000,229000,254000,396000,340000,368000,228000,247000,536000,503000,530000,232000,253000,147000,164000,334000,319000,331000,242000,259000,153000,444000,433000,450000,444000,453000,240000,424000,270000,236000,255000,237000,247000,440000,440000,446000,466000,458000,242000,437000,283000,277000,273000,259000,276000,450000,441000,461000,452000,470000,250000,450000,282000,269000,285000,285000,293000,1224000,1809000,1179000,1277000,1176000,696000,4980000,1056000,751000,819000,674000,738000,
choice: 67000,
equiv1: 140000,
equiv2: 84000,109000,270000,
or_neg: 225000,274000,240000,188000,249000,180000,213000,277000,200000,358000,422000,342000,
or_pos: 349000,365000,416000,505000,308000,435000,351000,245000,331000,247000,533000,1127000,
implies: 479000,549000,442000,1337000,
not_not: 220000,
parsing: 108130000,
aci_simp: 1048000,1059000,1185000,1100000,1201000,1072000,1294000,1073000,1511000,1096000,1114000,1362000,1103000,1411000,1209000,1087000,1019000,1553000,1370000,1197000,1092000,1037000,1521000,1357000,1496000,1554000,2828000,4821000,4581000,3535000,3051000,2124000,2989000,
evaluate: 321000,
subproof: 2325000,2602000,1391000,7163000,
equiv_pos2: 163000,152000,199000,205000,680000,273000,404000,259000,256000,230000,96000,149000,261000,98000,345000,355000,840000,968000,709000,1957000,561000,910000,948000,55000,
reordering: 540000,509000,349000,299000,326000,742000,925000,452000,749000,454000,360000,530000,326000,948000,2057000,
resolution: 104000,142000,157000,271000,329000,275000,226000,312000,274000,176000,144000,308000,496000,322000,573000,745000,859000,486000,330000,286000,393000,375000,271000,416000,342000,466000,497000,224000,377000,448000,176000,333000,391000,187000,355000,460000,217000,273000,265000,281000,315000,283000,292000,449000,347000,211000,240000,256000,160000,205000,261000,385000,533000,415000,641000,890000,957000,533000,411000,516000,1542000,398000,704000,510000,361000,425000,565000,424000,1854000,2286000,2493000,1456000,1149000,402000,
sko_forall: 3462000,
contraction: 701000,385000,335000,372000,828000,558000,534000,2393000,
forall_inst: 914000,870000,1138000,970000,955000,1167000,821000,940000,1106000,836000,1196000,2179000,
implies_neg1: 608000,764000,1447000,1192000,
implies_neg2: 798000,870000,434000,2366000,
__local_input: 85000,132000,235000,263000,
connective_def: 601000,562000,560000,1635000,
equiv_simplify: 166000,224000,200000,377000,
__normalized_input: 15871000,8247000,8077000,8216000,8177000,8235000,5116000,5232000,4923000,4731000,1685000,1083000,726000,909000,
rare_rewrite_eq-symm: 166000,103000,81000,82000,131000,212000,146000,266000,338000,
rare_rewrite_bool-impl-elim: 6210000,6303000,6667000,6558000,6784000,7235000,6273000,6408000,7089000,6267000,6373000,6826000,21451000,12312000,
rare_rewrite_bool-and-de-morgan: 16374000,6133000,6271000,6463000,6435000,6439000,6322000,6444000,6206000,6414000,6502000,6910000,8244000,6155000,6453000,7064000,6187000,6249000,6177000,6476000,7239000,6305000,6648000,6513000,6661000,7408000,9773000,52912000,19730000,19963000,22386000,15500000,13341000,
rare_rewrite_bool-double-not-elim: 147000,91000,121000,438000,427000,434000,1176000,666000,

