1; Draft.Scratch_smt_check_7_18328; 2026-04-10 13:47:15.356;
and: 109000,120000,90000,95000,
bind: 392000,346000,229000,279000,290000,
cong: 234000,172000,124000,123000,229000,124000,103000,106000,86000,141000,
refl: 29000,29000,
symm: 142000,105000,98000,
trans: 125000,328000,278000,295000,280000,270000,181000,174000,104000,117000,239000,184000,174000,142000,144000,
or_pos: 195000,186000,264000,259000,381000,
and_pos: 128000,135000,120000,119000,
parsing: 12709000,
aci_simp: 1275000,1141000,1216000,956000,
equiv_pos2: 265000,139000,201000,
reordering: 228000,223000,187000,201000,326000,189000,326000,170000,540000,
resolution: 379000,535000,340000,167000,213000,169000,206000,251000,148000,156000,136000,200000,257000,145000,203000,238000,293000,
forall_inst: 841000,728000,721000,858000,822000,
__normalized_input: 28673000,18705000,12134000,1209000,1126000,861000,
rare_rewrite_eq-symm: 76000,93000,
rare_rewrite_bool-impl-elim: 6301000,6053000,
rare_rewrite_bool-impl-false1: 5769000,5998000,
rare_rewrite_bool-and-de-morgan: 6066000,5801000,5850000,6296000,6198000,
rare_rewrite_bool-double-not-elim: 149000,

