1; Draft.Scratch_smt_check_7_994; 2026-04-10 13:47:16.156;
bind: 176000,205000,215000,236000,212000,240000,456000,193000,209000,212000,238000,220000,321000,214000,164000,218000,176000,221000,207000,286000,325000,306000,342000,234000,177000,213000,208000,232000,216000,450000,177000,209000,234000,418000,368000,545000,335000,320000,394000,251000,361000,350000,493000,517000,286000,293000,
cong: 60000,141000,62000,139000,118000,78000,60000,75000,59000,222000,65000,148000,62000,147000,124000,79000,178000,52000,70000,90000,130000,70000,52000,61000,56000,65000,73000,81000,95000,126000,106000,107000,85000,142000,130000,112000,106000,86000,154000,296000,157000,138000,63000,83000,237000,178000,110000,53000,58000,66000,77000,70000,105000,71000,58000,68000,44000,83000,62000,223000,102000,145000,63000,168000,121000,75000,220000,62000,145000,62000,239000,188000,120000,289000,70000,102000,153000,201000,115000,169000,103000,97000,91000,121000,126000,149000,196000,181000,193000,145000,211000,125000,105000,114000,86000,139000,296000,158000,131000,56000,87000,
refl: 37000,381000,47000,18000,88000,39000,420000,45000,58000,50000,33000,33000,46000,30000,19000,39000,392000,43000,86000,38000,409000,74000,83000,86000,50000,33000,
symm: 87000,187000,98000,86000,180000,116000,100000,96000,84000,89000,67000,191000,75000,164000,110000,181000,93000,434000,163000,189000,183000,156000,95000,77000,
trans: 97000,169000,164000,171000,166000,89000,201000,197000,221000,153000,174000,119000,102000,298000,319000,106000,171000,173000,184000,167000,96000,202000,198000,251000,152000,172000,177000,204000,221000,122000,180000,191000,141000,161000,112000,122000,100000,162000,177000,240000,183000,178000,139000,143000,245000,191000,176000,139000,145000,182000,271000,94000,114000,106000,192000,155000,99000,183000,107000,114000,163000,166000,176000,161000,104000,193000,195000,220000,157000,174000,326000,321000,109000,163000,166000,181000,159000,87000,196000,197000,224000,280000,318000,299000,394000,419000,210000,298000,245000,290000,389000,219000,249000,178000,252000,306000,425000,335000,334000,306000,285000,236000,176000,177000,138000,142000,196000,
equiv1: 105000,106000,105000,112000,105000,131000,98000,106000,205000,202000,200000,143000,
equiv2: 97000,68000,84000,116000,127000,71000,75000,169000,221000,246000,
or_pos: 183000,193000,190000,321000,177000,194000,171000,234000,261000,196000,250000,411000,339000,191000,194000,193000,316000,336000,325000,426000,477000,365000,266000,426000,
and_neg: 790000,
and_pos: 125000,564000,537000,544000,553000,625000,590000,518000,529000,521000,526000,126000,
implies: 243000,206000,796000,203000,245000,
parsing: 75692000,
aci_simp: 929000,1072000,1032000,1238000,969000,1059000,1057000,1120000,1044000,987000,996000,1016000,943000,1015000,1078000,1189000,938000,6333000,1938000,2098000,1871000,1789000,1054000,1063000,
evaluate: 183000,237000,185000,178000,
onepoint: 1207000,1209000,1159000,1156000,
qnt_join: 224000,224000,225000,394000,
subproof: 1711000,1085000,1803000,1075000,1706000,
equiv_pos2: 161000,141000,316000,132000,225000,115000,141000,155000,117000,210000,206000,368000,290000,141000,278000,129000,320000,254000,429000,211000,289000,149000,215000,203000,207000,364000,
reordering: 213000,244000,212000,506000,205000,222000,192000,259000,374000,232000,354000,189000,631000,1383000,6611000,513000,269000,217000,209000,386000,417000,352000,488000,700000,437000,325000,195000,650000,
resolution: 455000,267000,350000,149000,177000,195000,228000,147000,143000,167000,202000,160000,207000,260000,282000,360000,353000,147000,134000,169000,195000,254000,157000,155000,223000,296000,335000,141000,202000,175000,208000,266000,147000,141000,193000,263000,265000,165000,200000,248000,188000,221000,269000,151000,188000,235000,301000,340000,460000,455000,255000,354000,185000,305000,356000,337000,229000,1808000,1057000,825000,4332000,266000,351000,143000,146000,167000,178000,209000,176000,213000,269000,182000,300000,346000,317000,204000,179000,201000,286000,290000,367000,358000,152000,145000,178000,203000,242000,267000,259000,371000,506000,482000,262000,241000,302000,342000,400000,250000,253000,338000,475000,421000,299000,323000,394000,304000,351000,396000,276000,331000,526000,463000,359000,457000,442000,252000,299000,
contraction: 275000,410000,313000,1119000,1839000,337000,533000,411000,
forall_inst: 970000,699000,683000,762000,1048000,761000,853000,742000,791000,1215000,737000,862000,808000,1026000,712000,754000,767000,688000,1076000,1238000,1583000,1358000,1480000,1208000,1323000,850000,
implies_neg1: 379000,284000,279000,350000,1246000,
implies_neg2: 371000,282000,981000,267000,382000,
__local_input: 229000,57000,60000,98000,32000,22000,22000,24000,53000,43000,21000,20000,33000,29000,
equiv_simplify: 181000,148000,191000,144000,188000,156000,191000,190000,167000,223000,209000,166000,138000,173000,156000,402000,280000,319000,349000,332000,429000,215000,
__normalized_input: 9958000,9919000,9773000,5698000,5473000,2386000,2297000,1530000,1487000,1364000,1279000,971000,695000,521000,628000,669000,958000,
rare_rewrite_eq-refl: 82000,87000,90000,85000,81000,82000,
rare_rewrite_eq-symm: 94000,99000,92000,99000,123000,135000,94000,97000,182000,177000,91000,111000,164000,176000,261000,237000,161000,99000,
rare_rewrite_or-not-refl: 6169000,6517000,6238000,6182000,
rare_rewrite_bool-impl-elim: 6194000,6160000,6616000,6311000,6524000,6187000,6250000,6587000,6444000,6065000,5990000,6415000,11319000,11624000,11491000,11924000,11109000,11418000,
rare_rewrite_bool-impl-false1: 6155000,6501000,6101000,6452000,11130000,8464000,6205000,6392000,
rare_rewrite_bool-and-de-morgan: 5954000,6050000,6186000,6244000,6095000,6428000,6328000,5708000,5881000,11448000,11250000,11157000,11538000,6357000,
rare_rewrite_bool-double-not-elim: 164000,159000,280000,158000,

