1; Draft.Scratch_smt_check_7_30872; 2026-04-10 13:50:29.763;
bind: 243000,264000,312000,323000,233000,255000,403000,304000,243000,262000,
cong: 142000,149000,132000,145000,140000,174000,201000,82000,204000,141000,131000,141000,141000,61000,64000,209000,86000,194000,146000,133000,154000,142000,58000,55000,316000,260000,493000,
refl: 50000,57000,117000,50000,54000,117000,51000,58000,96000,146000,
trans: 241000,209000,185000,301000,293000,297000,126000,191000,201000,186000,427000,291000,316000,127000,197000,211000,201000,
equiv1: 195000,
equiv2: 368000,
or_neg: 249000,204000,15352000,460000,575000,
or_pos: 325000,
implies: 277000,
parsing: 17510000,
aci_simp: 1241000,1394000,
subproof: 2614000,
equiv_pos1: 159000,
equiv_pos2: 156000,160000,211000,223000,379000,117000,580000,
not_equiv1: 156000,
not_equiv2: 172000,
reordering: 232000,428000,336000,329000,
resolution: 158000,209000,234000,268000,307000,321000,350000,293000,324000,360000,400000,492000,528000,344000,379000,463000,676000,
contraction: 276000,428000,465000,
forall_inst: 878000,
implies_neg1: 390000,
implies_neg2: 398000,
__local_input: 149000,
connective_def: 283000,291000,286000,
__normalized_input: 1663000,1049000,966000,1520000,
rare_rewrite_eq-symm: 102000,94000,103000,
rare_rewrite_arith-elim-lt: 6265000,6145000,6400000,
rare_rewrite_bool-impl-elim: 6486000,6760000,
rare_rewrite_bool-and-de-morgan: 6225000,6200000,6223000,6400000,6230000,
rare_rewrite_bool-double-not-elim: 136000,201000,114000,123000,112000,130000,415000,

