1; Draft.Scratch_smt_check_7_29502; 2026-04-10 13:46:50.202;
bind: 312000,306000,228000,226000,277000,272000,215000,222000,300000,303000,827000,465000,
cong: 111000,121000,218000,116000,160000,112000,158000,91000,364000,415000,241000,457000,744000,775000,158000,134000,111000,86000,173000,125000,108000,80000,449000,252000,314000,185000,143000,87000,143000,77000,274000,166000,129000,108000,157000,139000,331000,198000,160000,164000,145000,81000,146000,77000,271000,175000,146000,153000,119000,101000,81000,156000,126000,101000,77000,445000,262000,310000,176000,146000,213000,202000,503000,713000,279000,410000,262000,182000,835000,815000,468000,1777000,1696000,1460000,259000,188000,240000,322000,161000,346000,253000,155000,229000,161000,198000,150000,197000,88000,111000,117000,222000,117000,236000,154000,103000,139000,100000,204000,357000,897000,
refl: 24000,25000,73000,25000,23000,25000,22000,24000,40000,103000,224000,37000,143000,53000,25000,71000,23000,133000,174000,172000,
symm: 326000,217000,184000,623000,404000,377000,325000,324000,1528000,210000,226000,170000,164000,177000,123000,225000,
trans: 137000,160000,187000,85000,118000,146000,111000,94000,104000,438000,411000,418000,116000,388000,342000,642000,186000,185000,158000,146000,140000,191000,198000,145000,98000,190000,152000,101000,251000,134000,134000,142000,191000,182000,181000,142000,455000,242000,154000,319000,256000,396000,1148000,234000,339000,337000,306000,1633000,1389000,1136000,274000,873000,1782000,379000,241000,339000,331000,156000,212000,267000,184000,154000,94000,284000,251000,243000,231000,160000,194000,191000,131000,152000,187000,83000,116000,142000,113000,107000,94000,286000,249000,455000,
equiv1: 610000,92000,641000,168000,222000,1141000,274000,615000,
equiv2: 299000,168000,
or_neg: 392000,375000,433000,433000,431000,401000,455000,420000,724000,811000,735000,701000,
and_pos: 413000,336000,408000,387000,403000,364000,441000,405000,728000,629000,768000,345000,371000,377000,386000,
implies: 278000,267000,165000,222000,154000,156000,266000,740000,376000,506000,707000,581000,
not_and: 405000,417000,674000,
not_not: 287000,169000,
parsing: 75607000,
evaluate: 300000,142000,224000,305000,299000,409000,778000,770000,349000,502000,363000,443000,
subproof: 1318000,1218000,1117000,1128000,1311000,1121000,1202000,2749000,2265000,1515000,
and_intro: 170000,104000,232000,343000,236000,317000,
poly_simp: 2685000,1594000,1569000,2636000,4000000,1536000,1558000,2326000,1585000,1580000,1600000,1615000,1643000,2508000,2863000,2503000,3552000,1686000,8020000,2497000,1600000,1622000,1722000,2497000,1572000,1617000,1740000,9592000,4279000,2246000,1599000,1654000,2224000,1614000,1635000,2383000,2192000,3050000,1817000,2314000,2079000,3061000,1824000,2302000,2069000,2841000,1741000,3098000,2240000,1643000,1664000,2187000,1598000,1629000,2554000,2446000,1529000,1590000,1652000,2353000,1490000,1536000,1562000,3444000,8923000,5487000,7821000,14158000,5461000,6134000,4452000,12092000,6287000,7159000,6412000,9970000,3987000,12271000,6705000,5801000,9622000,5373000,3784000,3231000,4864000,4672000,2771000,2731000,4712000,6886000,2753000,2762000,4211000,2801000,2916000,2457000,1469000,1452000,2283000,4569000,2130000,4976000,1808000,2570000,1841000,1502000,2729000,3736000,1464000,1466000,2309000,1753000,1519000,1510000,1502000,1522000,2400000,4995000,8397000,
equiv_pos1: 253000,
equiv_pos2: 124000,126000,290000,179000,149000,400000,600000,597000,243000,229000,521000,160000,158000,300000,183000,209000,373000,164000,163000,303000,225000,232000,623000,510000,318000,335000,718000,330000,521000,888000,1618000,1452000,272000,231000,139000,1121000,198000,139000,155000,119000,121000,531000,1127000,
la_generic: 12754000,38938000,
reordering: 520000,1665000,547000,1783000,2150000,1934000,
resolution: 228000,320000,267000,254000,801000,811000,2173000,455000,644000,478000,1510000,218000,577000,372000,257000,279000,161000,270000,267000,262000,307000,460000,643000,549000,275000,318000,192000,264000,326000,586000,404000,213000,264000,217000,265000,373000,483000,443000,235000,265000,821000,789000,2179000,466000,719000,499000,1573000,220000,623000,171000,163000,260000,298000,425000,411000,218000,267000,313000,357000,259000,301000,453000,585000,547000,282000,301000,461000,446000,371000,449000,614000,789000,1183000,415000,498000,259000,322000,470000,538000,1781000,3788000,732000,729000,1023000,719000,1885000,193000,373000,429000,506000,348000,406000,504000,476000,318000,416000,450000,411000,240000,1015000,904000,1642000,245000,289000,191000,271000,274000,266000,
contraction: 829000,529000,675000,483000,351000,369000,874000,551000,719000,343000,479000,696000,1709000,983000,1028000,843000,935000,
forall_inst: 909000,763000,791000,793000,914000,2531000,
la_mult_neg: 379000,246000,1356000,930000,
la_mult_pos: 680000,
implies_neg1: 651000,440000,291000,308000,287000,421000,513000,1810000,604000,1594000,
implies_neg2: 389000,458000,316000,340000,411000,315000,461000,603000,639000,876000,
__local_input: 35000,24000,57000,55000,88000,73000,73000,82000,87000,174000,106000,51000,120000,142000,43000,35000,77000,65000,82000,81000,110000,
comp_simplify: 2802000,2820000,
poly_simp_rel: 1079000,1175000,1074000,1041000,1052000,1020000,982000,1008000,967000,972000,1079000,996000,1014000,1007000,1028000,1036000,2614000,3325000,2388000,1948000,1942000,2314000,3253000,1902000,1055000,953000,1047000,1044000,1027000,1125000,1980000,
qnt_rm_unused: 263000,269000,473000,899000,
equiv_simplify: 164000,313000,456000,462000,375000,262000,714000,
la_disequality: 218000,
implies_simplify: 748000,764000,1380000,
__normalized_input: 8081000,7852000,2262000,1030000,1025000,
rare_rewrite_arith-elim-gt: 40333000,5709000,
rare_rewrite_arith-elim-lt: 6405000,8443000,16032000,
rare_rewrite_bool-eq-false: 6090000,12242000,36930000,12054000,
rare_rewrite_arith-elim-leq: 12702000,5982000,
rare_rewrite_bool-double-not-elim: 181000,793000,345000,

