1; Draft.Scratch_smt_check_7_31574; 2026-04-10 13:46:49.788;
bind: 369000,349000,432000,745000,755000,832000,1198000,
cong: 209000,142000,63000,88000,68000,322000,237000,409000,396000,364000,138000,174000,119000,416000,380000,285000,
refl: 36000,27000,21000,40000,242000,257000,316000,83000,57000,47000,274000,
symm: 88000,104000,661000,217000,
trans: 251000,282000,318000,321000,329000,291000,328000,332000,400000,595000,632000,745000,591000,670000,565000,555000,
equiv1: 644000,
parsing: 38612000,
aci_simp: 1260000,1674000,2184000,1877000,2922000,
equiv_pos2: 91000,494000,620000,336000,
reordering: 1230000,
resolution: 197000,253000,300000,296000,728000,805000,
forall_inst: 2672000,
qnt_rm_unused: 1345000,2430000,
connective_def: 1508000,
miniscope_split: 532000,
__normalized_input: 6711000,2142000,1799000,6402000,1923000,
rare_rewrite_bool-eq-false: 11222000,
rare_rewrite_bool-impl-elim: 22185000,
rare_rewrite_bool-and-de-morgan: 55414000,20849000,21142000,22309000,

