1; Draft.Scratch_smt_check_7_23567; 2026-04-10 13:51:36.240;
bind: 881000,420000,432000,925000,410000,419000,
cong: 432000,69000,66000,179000,232000,67000,267000,193000,191000,224000,135000,125000,56000,115000,97000,211000,267000,191000,187000,212000,126000,87000,69000,106000,78000,67000,45000,97000,97000,167000,73000,185000,196000,159000,234000,110000,166000,148000,277000,196000,203000,188000,354000,228000,133000,121000,76000,59000,48000,68000,43000,67000,64000,120000,83000,86000,43000,70000,77000,64000,423000,64000,60000,173000,218000,70000,312000,201000,194000,221000,136000,126000,51000,54000,109000,87000,68000,45000,71000,76000,225000,252000,197000,184000,214000,129000,92000,72000,44000,112000,97000,64000,42000,59000,93000,168000,77000,70000,56000,179000,175000,155000,230000,112000,1142000,866000,265000,309000,161000,138000,139000,149000,69000,67000,75000,55000,46000,29000,40000,
refl: 22000,24000,24000,35000,28000,18000,24000,20000,23000,21000,23000,20000,20000,20000,36000,157000,142000,35000,16000,35000,32000,
symm: 411000,214000,172000,407000,183000,177000,209000,
trans: 873000,506000,419000,442000,385000,360000,388000,369000,399000,411000,652000,686000,218000,837000,519000,219000,407000,400000,389000,359000,366000,352000,382000,395000,1628000,638000,645000,
or_pos: 697000,
implies: 1212000,
parsing: 23706000,
aci_simp: 1190000,1189000,1209000,1240000,1210000,1210000,1219000,1263000,2127000,
evaluate: 340000,
subproof: 3358000,
equiv_pos2: 7582000,417000,266000,36000,289000,42000,250000,412000,1447000,
reordering: 1376000,
resolution: 403000,629000,480000,595000,465000,484000,356000,1062000,1776000,1660000,876000,636000,294000,464000,
contraction: 2250000,
forall_inst: 2393000,
implies_neg1: 2024000,
implies_neg2: 2547000,
__local_input: 311000,
connective_def: 490000,455000,
__normalized_input: 68898000,35502000,29895000,28113000,28300000,28136000,28188000,18463000,10719000,10032000,10086000,
rare_rewrite_eq-refl: 182000,184000,655000,
rare_rewrite_eq-symm: 227000,226000,
rare_rewrite_bool-and-de-morgan: 6709000,7018000,6323000,6733000,
rare_rewrite_bool-double-not-elim: 377000,400000,

