1; Draft.Scratch_smt_check_7_3454; 2026-04-10 13:51:36.742;
bind: 1301000,1298000,1260000,711000,1416000,1200000,1360000,1263000,1607000,965000,1324000,1278000,
cong: 233000,388000,245000,104000,196000,67000,92000,117000,159000,475000,103000,335000,225000,318000,241000,373000,215000,87000,90000,65000,87000,101000,146000,299000,150000,333000,232000,310000,244000,968000,407000,131000,570000,182000,232000,250000,116000,223000,67000,50000,60000,
refl: 29000,21000,61000,73000,53000,81000,765000,74000,72000,20000,22000,98000,70000,50000,149000,953000,72000,69000,117000,42000,23000,28000,
symm: 369000,989000,961000,225000,808000,1003000,196000,
trans: 502000,1238000,884000,1201000,1182000,806000,429000,858000,2520000,819000,983000,610000,662000,486000,542000,541000,981000,875000,836000,839000,641000,220000,880000,763000,760000,981000,623000,870000,486000,586000,479000,692000,256000,499000,
or_pos: 458000,
implies: 894000,482000,
parsing: 56944000,
aci_simp: 1616000,2207000,1683000,1449000,1464000,1533000,1793000,1940000,1430000,1498000,1993000,
evaluate: 355000,
onepoint: 3584000,3833000,
qnt_join: 865000,879000,
subproof: 2918000,1494000,
equiv_pos2: 254000,921000,1030000,1024000,1008000,255000,431000,
reordering: 789000,
resolution: 288000,476000,437000,539000,925000,753000,950000,1225000,1043000,579000,683000,478000,618000,550000,358000,476000,
contraction: 1601000,658000,
forall_inst: 1993000,1193000,
implies_neg1: 1292000,647000,
implies_neg2: 1242000,639000,
__local_input: 470000,251000,
qnt_rm_unused: 1282000,8336000,1251000,7992000,
connective_def: 645000,590000,
__normalized_input: 10500000,9590000,9550000,17877000,
rare_rewrite_eq-refl: 6069000,226000,316000,
rare_rewrite_eq-symm: 269000,271000,
rare_rewrite_or-not-refl: 20068000,8539000,
rare_rewrite_bool-impl-elim: 8888000,8079000,
rare_rewrite_bool-and-de-morgan: 7675000,8110000,7801000,8198000,
rare_rewrite_bool-double-not-elim: 503000,489000,

