1; Draft.Scratch_smt_check_7_29390; 2026-04-10 13:51:35.045;
bind: 234000,208000,438000,254000,216000,452000,270000,213000,361000,220000,224000,209000,243000,261000,223000,332000,278000,241000,251000,239000,325000,241000,247000,257000,285000,7210000,318000,324000,320000,246000,253000,244000,289000,243000,279000,263000,339000,225000,202000,352000,220000,244000,199000,251000,261000,259000,306000,262000,450000,260000,237000,466000,268000,238000,354000,329000,251000,258000,260000,292000,313000,383000,452000,480000,301000,319000,564000,275000,301000,309000,289000,328000,255000,734000,321000,839000,469000,431000,920000,504000,429000,
cong: 73000,60000,85000,43000,59000,74000,55000,194000,176000,125000,81000,104000,189000,179000,131000,78000,100000,358000,143000,167000,103000,104000,85000,51000,98000,62000,110000,69000,73000,67000,219000,84000,140000,69000,107000,84000,141000,69000,100000,219000,140000,144000,182000,318000,159000,142000,141000,299000,147000,76000,154000,70000,108000,77000,138000,65000,110000,194000,134000,137000,121000,80000,39000,51000,52000,56000,67000,68000,104000,103000,53000,100000,63000,102000,66000,69000,62000,218000,65000,182000,181000,131000,83000,120000,203000,178000,141000,78000,103000,354000,133000,171000,123000,171000,141000,298000,148000,79000,148000,68000,100000,90000,187000,110000,124000,249000,142000,110000,158000,95000,49000,57000,64000,76000,72000,94000,106000,93000,58000,108000,102000,114000,82000,87000,74000,235000,92000,318000,288000,208000,123000,156000,380000,333000,193000,127000,170000,580000,235000,255000,162000,1243000,
refl: 35000,36000,104000,27000,22000,33000,35000,335000,43000,36000,33000,59000,61000,56000,57000,37000,35000,28000,25000,33000,34000,342000,44000,56000,36000,79000,56000,56000,33000,51000,26000,27000,43000,45000,367000,45000,61000,62000,155000,93000,
symm: 122000,118000,224000,271000,153000,141000,210000,172000,140000,215000,116000,137000,138000,215000,141000,217000,258000,151000,129000,266000,359000,177000,199000,394000,283000,183000,246000,305000,189000,
trans: 213000,202000,225000,219000,217000,345000,226000,149000,219000,222000,169000,178000,213000,214000,216000,172000,151000,252000,214000,264000,230000,217000,224000,222000,204000,214000,230000,223000,223000,240000,224000,561000,237000,520000,198000,241000,242000,351000,229000,223000,219000,221000,209000,233000,208000,224000,219000,219000,222000,322000,211000,204000,217000,163000,171000,212000,208000,213000,172000,141000,270000,219000,241000,223000,225000,224000,213000,239000,310000,224000,154000,237000,254000,323000,230000,282000,219000,230000,206000,208000,272000,294000,264000,307000,335000,437000,285000,294000,282000,253000,509000,245000,286000,287000,243000,197000,288000,269000,406000,280000,425000,474000,408000,573000,688000,432000,287000,
equiv1: 262000,376000,
equiv2: 182000,270000,407000,
or_neg: 238000,238000,247000,389000,412000,395000,393000,409000,420000,224000,239000,271000,257000,348000,316000,
or_pos: 366000,351000,341000,329000,427000,382000,
and_pos: 219000,218000,223000,207000,450000,501000,524000,451000,527000,462000,235000,
implies: 305000,245000,288000,285000,262000,277000,587000,281000,271000,550000,
not_and: 416000,
not_not: 230000,379000,
parsing: 36801000,
aci_simp: 1005000,1092000,1117000,1140000,1304000,1157000,1147000,1157000,1106000,1045000,1255000,1070000,1106000,1053000,1743000,1466000,2110000,1430000,
evaluate: 240000,255000,259000,263000,256000,409000,435000,
onepoint: 1153000,1270000,1719000,
qnt_join: 272000,253000,354000,
subproof: 1429000,1246000,1336000,1347000,1337000,1216000,1379000,1690000,1283000,1997000,2585000,
and_intro: 274000,
equiv_pos2: 112000,41000,63000,295000,306000,422000,177000,124000,145000,52000,173000,38000,113000,41000,119000,235000,229000,199000,360000,196000,204000,361000,36000,119000,36000,124000,253000,45000,64000,121000,176000,108000,137000,54000,170000,329000,295000,436000,38000,189000,220000,341000,34000,120000,46000,192000,353000,45000,73000,171000,216000,123000,155000,55000,173000,557000,724000,900000,1071000,
reordering: 522000,301000,471000,307000,471000,292000,502000,297000,455000,2993000,309000,610000,361000,476000,
resolution: 399000,206000,271000,281000,325000,239000,253000,238000,407000,439000,610000,527000,314000,431000,288000,338000,400000,257000,247000,343000,229000,311000,456000,512000,289000,332000,308000,359000,397000,405000,261000,326000,286000,218000,270000,396000,384000,488000,456000,273000,371000,1085000,3625000,404000,252000,292000,287000,478000,203000,228000,204000,249000,334000,399000,495000,463000,270000,355000,249000,278000,327000,297000,369000,423000,403000,276000,315000,280000,336000,283000,326000,227000,252000,232000,322000,295000,323000,369000,241000,240000,342000,228000,330000,454000,552000,231000,410000,414000,575000,529000,303000,421000,706000,622000,2318000,205000,242000,333000,378000,496000,460000,269000,367000,238000,243000,269000,314000,263000,426000,441000,475000,306000,396000,433000,394000,353000,421000,334000,396000,258000,436000,320000,366000,496000,325000,271000,488000,269000,430000,521000,660000,982000,758000,747000,1044000,890000,513000,688000,
contraction: 570000,385000,361000,455000,1470000,312000,338000,497000,382000,390000,574000,771000,1047000,456000,421000,471000,1106000,
forall_inst: 813000,947000,1060000,1045000,787000,1026000,953000,1120000,972000,1159000,1022000,777000,958000,836000,814000,989000,904000,1705000,1777000,1098000,1814000,1046000,1376000,1802000,
or_simplify: 590000,573000,1165000,
implies_neg1: 509000,306000,416000,416000,309000,522000,278000,406000,410000,960000,1709000,
implies_neg2: 533000,342000,438000,209000,415000,347000,481000,629000,438000,381000,972000,
__local_input: 262000,287000,348000,255000,223000,239000,112000,195000,238000,761000,345000,72000,116000,98000,76000,110000,226000,
qnt_rm_unused: 349000,1372000,336000,1100000,440000,1349000,
connective_def: 291000,279000,318000,312000,564000,585000,
equiv_simplify: 280000,358000,463000,547000,
miniscope_split: 356000,338000,353000,344000,345000,555000,
implies_simplify: 339000,
__normalized_input: 32340000,32053000,27985000,12895000,9664000,8578000,8055000,5375000,693000,645000,620000,726000,
rare_rewrite_eq-refl: 126000,135000,137000,156000,169000,131000,129000,185000,149000,201000,265000,246000,
rare_rewrite_eq-symm: 153000,139000,121000,184000,133000,114000,161000,190000,165000,118000,187000,149000,173000,177000,274000,229000,151000,225000,160000,224000,145000,232000,164000,178000,159000,271000,149000,189000,177000,180000,179000,149000,158000,6924000,338000,133000,119000,177000,225000,135000,221000,141000,185000,289000,421000,236000,294000,217000,168000,230000,187000,266000,346000,327000,274000,249000,327000,
rare_rewrite_or-not-refl: 7537000,7379000,9868000,
rare_rewrite_bool-eq-true: 7526000,7386000,7735000,6888000,7169000,11981000,
rare_rewrite_bool-eq-false: 7201000,6752000,7035000,6932000,6644000,10360000,
rare_rewrite_bool-impl-elim: 7113000,7148000,7768000,7311000,6995000,7193000,7105000,7103000,8042000,13624000,10671000,9607000,
rare_rewrite_bool-and-de-morgan: 7050000,7013000,7105000,7039000,12340000,13558000,
rare_rewrite_bool-double-not-elim: 173000,148000,190000,575000,

