1; Draft.Scratch_smt_check_7_7268; 2026-04-10 13:47:10.561;
bind: 674000,646000,677000,645000,674000,757000,658000,666000,613000,401000,362000,389000,367000,522000,400000,355000,385000,362000,
cong: 442000,355000,387000,646000,178000,155000,448000,404000,328000,366000,603000,118000,146000,89000,96000,87000,90000,80000,92000,96000,139000,103000,103000,100000,86000,312000,157000,223000,373000,107000,94000,295000,245000,206000,228000,228000,87000,126000,
refl: 325000,223000,118000,77000,49000,1769000,75000,80000,29000,26000,18000,17000,22000,20000,170000,128000,67000,42000,30000,1064000,44000,44000,
symm: 530000,567000,614000,305000,317000,352000,
trans: 624000,694000,620000,630000,548000,482000,535000,576000,620000,246000,228000,749000,742000,900000,702000,539000,566000,418000,389000,415000,331000,175000,185000,93000,106000,128000,110000,101000,338000,340000,353000,342000,318000,270000,316000,319000,339000,127000,124000,398000,380000,429000,333000,291000,322000,207000,220000,242000,191000,119000,193000,
or_pos: 365000,
implies: 311000,
parsing: 61998000,
aci_simp: 2116000,2196000,2525000,1973000,917000,1045000,1176000,1627000,1059000,1791000,
evaluate: 323000,232000,
onepoint: 3063000,1521000,
qnt_join: 718000,612000,377000,352000,
subproof: 2060000,
poly_simp: 3492000,3576000,3161000,3109000,4817000,1602000,1697000,1752000,2735000,1785000,1659000,1984000,1892000,3186000,5120000,
equiv_pos2: 347000,201000,49000,54000,91000,56000,667000,337000,
reordering: 551000,445000,1063000,
resolution: 547000,502000,494000,623000,373000,216000,254000,215000,231000,576000,641000,348000,295000,273000,401000,
contraction: 496000,
forall_inst: 920000,1651000,1614000,
implies_neg1: 900000,
implies_neg2: 463000,
__local_input: 197000,
poly_simp_rel: 2000000,1835000,1793000,1777000,1143000,982000,934000,1001000,1002000,1000000,1897000,1745000,
qnt_rm_unused: 844000,2145000,432000,1369000,
miniscope_split: 816000,457000,
__normalized_input: 1478000,1573000,2346000,898000,917000,1001000,1063000,
rare_rewrite_eq-refl: 288000,127000,
rare_rewrite_or-not-refl: 15082000,7343000,
rare_rewrite_arith-elim-lt: 10777000,10748000,5913000,5986000,23929000,11329000,
rare_rewrite_bool-impl-elim: 12619000,11975000,6568000,6853000,
rare_rewrite_bool-and-de-morgan: 11207000,12131000,5942000,6404000,
rare_rewrite_bool-double-not-elim: 192000,201000,101000,115000,

