1; Draft.Scratch_smt_check_7_29384; 2026-04-10 13:47:10.567;
bind: 750000,394000,299000,281000,437000,393000,443000,610000,402000,327000,296000,283000,
cong: 280000,110000,261000,198000,237000,168000,175000,210000,80000,87000,91000,276000,193000,241000,286000,233000,194000,231000,164000,184000,241000,139000,150000,
refl: 136000,26000,30000,181000,185000,184000,189000,191000,133000,33000,135000,
symm: 364000,
trans: 647000,691000,599000,140000,242000,273000,269000,295000,252000,243000,219000,138000,234000,111000,398000,396000,353000,401000,376000,382000,376000,338000,353000,245000,271000,234000,252000,258000,259000,252000,236000,371000,182000,
equiv1: 367000,
parsing: 74564000,
aci_simp: 1370000,1085000,965000,1010000,1079000,1821000,1800000,
qnt_join: 424000,
poly_simp: 2534000,2066000,4515000,3163000,
equiv_pos1: 359000,
equiv_pos2: 307000,707000,
reordering: 1177000,
resolution: 357000,464000,618000,347000,423000,
forall_inst: 1894000,
poly_simp_rel: 1021000,1026000,2004000,1848000,
connective_def: 347000,362000,
miniscope_split: 543000,
__normalized_input: 2715000,1565000,1142000,
rare_rewrite_arith-elim-lt: 7465000,11179000,
rare_rewrite_arith-elim-leq: 6297000,11468000,
rare_rewrite_bool-impl-elim: 6511000,6732000,6594000,
rare_rewrite_bool-and-de-morgan: 5927000,5828000,6119000,6348000,6160000,6081000,6433000,
rare_rewrite_bool-double-not-elim: 203000,106000,140000,109000,

