1; Draft.Scratch_smt_check_7_5923; 2026-04-10 13:51:46.328;
bind: 250000,254000,267000,230000,248000,264000,236000,229000,265000,263000,302000,196000,544000,471000,553000,457000,274000,177000,510000,433000,541000,455000,249000,253000,324000,178000,615000,503000,541000,457000,
cong: 81000,73000,62000,73000,60000,85000,284000,161000,128000,76000,69000,65000,66000,50000,56000,91000,47000,87000,151000,99000,309000,161000,128000,83000,68000,63000,77000,53000,57000,98000,65000,55000,67000,47000,51000,125000,72000,278000,161000,133000,283000,84000,100000,77000,93000,81000,112000,206000,177000,110000,282000,290000,245000,190000,142000,98000,105000,88000,128000,290000,317000,243000,182000,140000,103000,102000,87000,114000,590000,284000,245000,131000,97000,105000,113000,88000,104000,104000,117000,92000,253000,165000,86000,269000,251000,238000,180000,132000,112000,90000,85000,121000,281000,286000,234000,191000,130000,94000,99000,96000,128000,606000,290000,242000,132000,91000,113000,110000,91000,121000,114000,122000,90000,261000,166000,208000,196000,337000,77000,71000,58000,74000,50000,54000,72000,64000,55000,64000,46000,55000,164000,90000,274000,266000,236000,186000,129000,90000,92000,85000,117000,275000,263000,238000,189000,130000,89000,93000,89000,109000,581000,278000,234000,125000,92000,98000,113000,88000,103000,102000,116000,89000,243000,242000,
refl: 24000,54000,47000,20000,52000,48000,27000,21000,37000,53000,51000,48000,43000,33000,41000,70000,100000,30000,29000,31000,53000,95000,30000,31000,32000,27000,19000,58000,21000,19000,51000,95000,28000,28000,28000,57000,
symm: 117000,122000,136000,176000,118000,112000,183000,115000,131000,174000,155000,144000,105000,199000,125000,
trans: 253000,232000,163000,161000,166000,144000,169000,157000,168000,147000,258000,342000,166000,170000,271000,255000,167000,149000,164000,149000,169000,175000,163000,162000,267000,197000,224000,162000,397000,169000,152000,216000,195000,411000,154000,156000,144000,181000,413000,218000,236000,180000,176000,209000,166000,175000,190000,201000,153000,277000,187000,205000,139000,413000,138000,144000,136000,179000,388000,147000,147000,148000,191000,440000,260000,246000,174000,181000,214000,171000,195000,194000,214000,155000,272000,275000,283000,149000,254000,249000,193000,211000,144000,417000,149000,141000,150000,179000,432000,153000,168000,145000,179000,409000,205000,227000,167000,188000,219000,164000,177000,191000,213000,148000,
equiv1: 180000,129000,133000,279000,223000,133000,
or_neg: 313000,270000,266000,274000,231000,221000,237000,236000,228000,260000,244000,224000,228000,233000,236000,255000,239000,236000,244000,
or_pos: 303000,328000,326000,
and_neg: 252000,238000,257000,231000,
and_pos: 152000,160000,249000,247000,230000,257000,236000,208000,230000,143000,158000,151000,169000,209000,225000,203000,214000,202000,237000,
implies: 223000,185000,289000,226000,229000,240000,145000,127000,150000,349000,341000,218000,249000,302000,318000,
not_and: 290000,230000,
parsing: 27879000,
aci_simp: 1209000,1040000,936000,1065000,999000,959000,1085000,955000,945000,
evaluate: 371000,386000,263000,308000,464000,339000,364000,195000,302000,320000,375000,203000,437000,292000,342000,189000,279000,
not_symm: 121000,146000,
subproof: 1257000,1193000,1083000,1390000,1314000,1239000,1287000,1151000,1113000,1221000,1538000,1181000,1156000,1519000,1281000,1515000,
and_intro: 128000,165000,225000,167000,214000,201000,259000,
poly_simp: 2686000,2021000,2120000,1999000,1983000,1891000,2557000,7661000,1887000,1824000,2418000,2574000,2401000,2425000,2487000,1856000,1781000,1827000,2510000,2636000,1929000,1953000,3397000,2638000,2628000,2540000,2644000,1953000,3128000,1868000,2640000,1870000,1846000,2397000,2558000,1892000,1856000,2457000,2423000,2439000,2370000,2388000,1798000,
equiv_pos1: 49000,
equiv_pos2: 40000,128000,160000,164000,291000,39000,116000,63000,77000,166000,167000,296000,40000,112000,39000,111000,166000,169000,322000,238000,62000,69000,69000,66000,48000,156000,177000,94000,323000,324000,674000,70000,194000,50000,171000,84000,316000,330000,748000,62000,195000,99000,160000,38000,105000,108000,39000,110000,173000,87000,330000,319000,677000,60000,186000,192000,
la_generic: 5736000,7657000,
reordering: 297000,909000,612000,298000,294000,246000,395000,305000,568000,259000,403000,663000,250000,428000,
resolution: 227000,203000,263000,238000,244000,261000,216000,311000,371000,478000,555000,286000,363000,208000,290000,238000,671000,1641000,293000,251000,267000,254000,438000,164000,211000,225000,237000,193000,251000,236000,279000,230000,479000,451000,1120000,204000,214000,304000,386000,461000,450000,280000,368000,226000,279000,261000,377000,354000,719000,221000,279000,269000,216000,309000,372000,460000,452000,352000,358000,311000,424000,417000,385000,322000,297000,455000,227000,230000,280000,319000,280000,306000,330000,461000,264000,364000,248000,328000,285000,407000,342000,223000,301000,250000,280000,484000,549000,931000,831000,445000,456000,271000,426000,501000,426000,453000,259000,275000,311000,288000,698000,164000,246000,274000,275000,214000,373000,267000,240000,281000,359000,341000,206000,272000,225000,264000,490000,566000,928000,826000,431000,450000,285000,425000,541000,257000,274000,233000,214000,248000,197000,276000,253000,457000,451000,720000,201000,254000,230000,268000,342000,338000,200000,276000,221000,252000,481000,514000,895000,800000,400000,450000,275000,422000,507000,
contraction: 401000,558000,194000,205000,161000,401000,480000,399000,305000,350000,411000,366000,208000,238000,190000,204000,231000,850000,366000,390000,292000,331000,250000,852000,347000,414000,422000,794000,341000,
forall_inst: 794000,859000,810000,927000,836000,808000,898000,929000,815000,1216000,821000,704000,1280000,813000,775000,846000,887000,772000,1162000,
la_mult_neg: 292000,333000,378000,
or_simplify: 538000,552000,539000,
implies_neg1: 349000,124000,185000,372000,393000,383000,410000,151000,194000,207000,744000,1036000,244000,285000,733000,388000,
implies_neg2: 369000,170000,152000,346000,360000,255000,370000,192000,164000,181000,849000,206000,181000,819000,388000,817000,
__local_input: 238000,93000,106000,160000,217000,257000,49000,49000,72000,70000,79000,124000,142000,148000,86000,87000,94000,201000,256000,281000,161000,51000,53000,135000,257000,42000,63000,129000,
comp_simplify: 3281000,
poly_simp_rel: 1186000,1157000,1186000,1272000,1203000,1097000,1123000,1086000,1291000,1257000,1094000,1052000,1147000,1068000,1016000,1041000,1023000,1094000,1109000,1069000,1097000,1216000,1123000,1116000,1101000,1091000,1033000,1068000,1097000,1059000,1022000,1074000,1042000,
equiv_simplify: 219000,196000,
la_disequality: 70000,
implies_simplify: 257000,204000,358000,289000,
__normalized_input: 59573000,62399000,57798000,50361000,24413000,8955000,7587000,2574000,518000,681000,
rare_rewrite_eq-symm: 219000,196000,208000,190000,208000,197000,192000,203000,204000,195000,194000,193000,
rare_rewrite_bool-eq-true: 6977000,7353000,7230000,
rare_rewrite_arith-elim-gt: 6855000,
rare_rewrite_arith-elim-lt: 7042000,6941000,6944000,6917000,7002000,6885000,6452000,6631000,6843000,6149000,6164000,6554000,6356000,6399000,6067000,5963000,6205000,6636000,6409000,6849000,7436000,6827000,7007000,6449000,5873000,5870000,6300000,5995000,5999000,6067000,5968000,
rare_rewrite_bool-eq-false: 6663000,7062000,6175000,
rare_rewrite_arith-elim-leq: 6723000,6849000,6393000,6493000,6111000,6544000,11752000,6415000,6311000,6486000,6172000,5962000,6098000,5948000,
rare_rewrite_bool-impl-elim: 6924000,6901000,6877000,7150000,6994000,6379000,6095000,6129000,6570000,6537000,13394000,6242000,6366000,6211000,6486000,
rare_rewrite_bool-and-de-morgan: 6808000,6163000,6128000,
rare_rewrite_bool-double-not-elim: 163000,153000,176000,154000,161000,139000,133000,139000,143000,153000,145000,140000,129000,140000,

