1; Draft.Scratch_smt_check_7_23273; 2026-04-10 13:51:46.000;
bind: 232000,254000,295000,310000,292000,313000,269000,254000,263000,565000,570000,489000,477000,
cong: 133000,113000,83000,78000,116000,122000,104000,116000,89000,114000,121000,101000,103000,121000,58000,54000,69000,46000,45000,111000,133000,324000,163000,136000,131000,122000,73000,266000,182000,132000,106000,104000,414000,296000,179000,142000,109000,105000,409000,269000,180000,139000,298000,169000,140000,277000,194000,136000,172000,118000,82000,81000,117000,129000,101000,103000,114000,119000,107000,121000,123000,63000,53000,68000,45000,43000,113000,140000,156000,80000,85000,444000,502000,591000,2318000,129000,142000,77000,85000,130000,121000,100000,102000,120000,67000,110000,136000,228000,192000,126000,131000,191000,106000,79000,88000,192000,205000,183000,162000,433000,287000,181000,163000,168000,719000,456000,299000,219000,205000,177000,106000,205000,181000,142000,471000,171000,148000,1155000,
refl: 27000,33000,29000,22000,33000,20000,64000,27000,28000,23000,39000,22000,30000,19000,29000,35000,29000,44000,44000,65000,42000,30000,29000,23000,33000,40000,30000,45000,50000,48000,143000,56000,74000,93000,47000,93000,
symm: 105000,346000,183000,246000,121000,330000,233000,181000,166000,276000,284000,
trans: 241000,225000,208000,230000,143000,214000,318000,188000,199000,188000,236000,144000,202000,212000,317000,262000,203000,204000,311000,259000,151000,259000,217000,216000,229000,269000,207000,247000,192000,209000,216000,216000,220000,140000,646000,617000,701000,202000,581000,473000,198000,139000,211000,237000,186000,207000,496000,432000,474000,439000,458000,290000,479000,411000,404000,661000,396000,376000,
equiv1: 918000,281000,127000,
or_neg: 684000,617000,627000,636000,617000,675000,621000,617000,
and_pos: 534000,508000,504000,522000,539000,521000,641000,723000,621000,661000,669000,616000,679000,636000,625000,
implies: 269000,192000,691000,322000,261000,196000,215000,234000,336000,1057000,451000,639000,504000,
not_and: 684000,
parsing: 45133000,
evaluate: 425000,465000,387000,207000,265000,463000,411000,768000,
subproof: 1170000,1150000,1303000,1496000,1178000,1300000,1169000,1133000,2024000,2198000,2504000,2357000,
and_intro: 163000,180000,216000,600000,
poly_simp: 2037000,2411000,2881000,1864000,3449000,2049000,2228000,3027000,1816000,1798000,1617000,1730000,2264000,2360000,3003000,2298000,2981000,2226000,1867000,2738000,2917000,2284000,2932000,2233000,1804000,2638000,1878000,2895000,2480000,2678000,2707000,1941000,2483000,2034000,1851000,3156000,2013000,2169000,1934000,3067000,2685000,2484000,4743000,1506000,1601000,1653000,1781000,12805000,1826000,1575000,1717000,2820000,2371000,2933000,1781000,3186000,1971000,2201000,3457000,4290000,4154000,4298000,6063000,3967000,5504000,4172000,3424000,4813000,3441000,3143000,3299000,3724000,3274000,3216000,2001000,
equiv_pos2: 119000,58000,40000,101000,134000,322000,144000,273000,5906000,180000,485000,178000,181000,488000,344000,233000,297000,94000,118000,164000,41000,191000,141000,132000,93000,59000,75000,161000,511000,146000,158000,60000,133000,238000,70000,217000,522000,350000,342000,943000,263000,287000,349000,1002000,
la_generic: 19691000,
reordering: 3982000,6232000,
resolution: 447000,318000,286000,307000,259000,215000,280000,253000,399000,456000,478000,309000,284000,313000,213000,344000,468000,444000,298000,311000,327000,578000,594000,607000,334000,334000,2164000,7225000,683000,604000,834000,668000,3523000,166000,275000,323000,303000,287000,827000,334000,304000,315000,474000,628000,582000,333000,331000,258000,401000,515000,435000,307000,228000,232000,221000,365000,457000,441000,311000,301000,340000,246000,273000,319000,256000,240000,210000,310000,236000,291000,265000,283000,252000,230000,268000,232000,339000,1649000,1415000,4557000,261000,277000,203000,305000,299000,573000,486000,495000,611000,844000,870000,571000,602000,573000,821000,1049000,1017000,613000,589000,491000,574000,707000,853000,821000,572000,568000,
contraction: 382000,355000,515000,2839000,805000,1206000,299000,507000,400000,357000,1551000,2171000,703000,1077000,770000,
forall_inst: 769000,837000,835000,803000,964000,991000,845000,865000,823000,868000,860000,859000,797000,1539000,1858000,1548000,
la_mult_neg: 340000,361000,453000,
or_simplify: 463000,481000,965000,
implies_neg1: 344000,318000,455000,441000,348000,324000,311000,975000,677000,863000,658000,1731000,
implies_neg2: 366000,338000,525000,589000,216000,521000,367000,342000,1537000,634000,976000,714000,
__local_input: 189000,190000,204000,191000,208000,214000,166000,61000,50000,49000,69000,55000,55000,179000,285000,262000,224000,88000,78000,62000,67000,44000,59000,60000,146000,
poly_simp_rel: 1264000,1329000,1109000,1041000,1041000,969000,1041000,1057000,1106000,1049000,1062000,1208000,1018000,1096000,1119000,1164000,1254000,1079000,1125000,1017000,1050000,1006000,1055000,1149000,1025000,1035000,1064000,2159000,1831000,1942000,1941000,2074000,2048000,2042000,
equiv_simplify: 207000,
implies_simplify: 1050000,384000,
__normalized_input: 17073000,14278000,10006000,9834000,6271000,742000,574000,502000,774000,
rare_rewrite_bool-eq-true: 6419000,6328000,11527000,
rare_rewrite_arith-elim-gt: 6335000,
rare_rewrite_arith-elim-lt: 6734000,6808000,6424000,6684000,6569000,5874000,6228000,9418000,6199000,28515000,11728000,
rare_rewrite_arith-elim-leq: 6891000,6378000,
rare_rewrite_bool-double-not-elim: 235000,252000,456000,203000,191000,

