1; Draft.Scratch_smt_check_7_16945; 2026-04-10 13:51:44.834;
bind: 445000,493000,286000,309000,242000,250000,234000,
cong: 137000,135000,121000,146000,146000,97000,86000,147000,159000,231000,87000,
refl: 47000,
trans: 375000,319000,186000,220000,139000,214000,144000,
choice: 84000,
or_neg: 207000,216000,184000,226000,226000,188000,
or_pos: 239000,252000,
implies: 187000,
parsing: 2644000,
subproof: 1510000,
poly_simp: 3365000,1827000,1786000,
equiv_pos2: 131000,163000,141000,128000,137000,152000,114000,
reordering: 257000,251000,247000,268000,
resolution: 500000,517000,277000,218000,248000,329000,206000,301000,341000,217000,335000,357000,316000,362000,359000,418000,264000,312000,
sko_forall: 1220000,
contraction: 264000,296000,280000,
forall_inst: 831000,742000,
implies_neg1: 265000,
implies_neg2: 249000,
__local_input: 108000,
poly_simp_rel: 1986000,1013000,1036000,
__normalized_input: 792000,627000,799000,
rare_rewrite_arith-elim-lt: 10023000,5962000,6015000,
rare_rewrite_bool-impl-elim: 11594000,6234000,5976000,6089000,
rare_rewrite_bool-double-not-elim: 143000,142000,146000,

