1; Draft.Scratch_smt_check_7_5679; 2026-04-10 13:51:45.145;
bind: 260000,228000,304000,308000,482000,459000,243000,217000,
cong: 87000,86000,216000,149000,85000,128000,120000,61000,185000,238000,156000,273000,255000,242000,97000,84000,136000,162000,89000,85000,
refl: 31000,43000,74000,
symm: 284000,293000,363000,275000,
trans: 200000,144000,201000,209000,151000,315000,285000,340000,317000,322000,356000,389000,379000,300000,310000,420000,145000,202000,147000,
choice: 85000,
equiv1: 455000,311000,295000,
or_neg: 395000,406000,426000,396000,426000,356000,223000,233000,219000,
or_pos: 512000,261000,
and_pos: 318000,355000,382000,
implies: 218000,330000,189000,
not_and: 443000,
parsing: 4632000,
aci_simp: 1006000,1003000,
evaluate: 570000,357000,573000,558000,571000,
subproof: 1684000,2091000,2180000,1439000,
and_intro: 264000,
poly_simp: 1749000,1788000,1794000,3422000,3335000,5848000,8539000,4623000,1804000,1782000,
equiv_pos2: 114000,165000,172000,262000,115000,99000,102000,103000,175000,91000,260000,285000,124000,139000,156000,111000,
la_generic: 11777000,
reordering: 845000,484000,602000,245000,255000,
resolution: 269000,308000,253000,249000,297000,318000,349000,393000,458000,298000,323000,232000,288000,766000,909000,491000,529000,535000,1255000,315000,515000,467000,479000,389000,526000,395000,439000,510000,467000,455000,463000,403000,595000,655000,502000,633000,616000,320000,361000,367000,403000,281000,305000,
sko_forall: 1172000,
contraction: 323000,633000,472000,525000,370000,553000,275000,276000,
forall_inst: 782000,739000,
la_mult_neg: 480000,
implies_neg1: 299000,319000,422000,268000,
implies_neg2: 274000,326000,298000,250000,
__local_input: 219000,206000,63000,76000,227000,199000,
poly_simp_rel: 1007000,1005000,1026000,2063000,1975000,2020000,1876000,1023000,1016000,
equiv_simplify: 470000,
implies_simplify: 575000,437000,
__normalized_input: 1046000,590000,699000,794000,
rare_rewrite_arith-elim-gt: 11511000,
rare_rewrite_arith-elim-lt: 5854000,17793000,11396000,13488000,6012000,5984000,
rare_rewrite_arith-elim-leq: 11470000,11335000,
rare_rewrite_bool-impl-elim: 6288000,5979000,6258000,11486000,5871000,
rare_rewrite_bool-double-not-elim: 322000,313000,153000,

