1; Draft.Scratch_smt_check_7_6134; 2026-04-10 13:51:44.736;
bind: 329000,294000,343000,302000,256000,375000,289000,340000,287000,261000,493000,620000,509000,622000,711000,
cong: 191000,117000,145000,107000,91000,156000,166000,78000,152000,68000,61000,146000,64000,60000,67000,116000,188000,145000,103000,91000,157000,158000,77000,114000,171000,283000,231000,180000,144000,245000,342000,218000,105000,97000,404000,
symm: 162000,181000,172000,160000,324000,324000,414000,
trans: 261000,185000,203000,269000,186000,189000,167000,217000,193000,150000,268000,197000,193000,191000,288000,190000,377000,593000,355000,634000,384000,393000,378000,302000,
choice: 93000,
equiv1: 165000,186000,161000,354000,
equiv2: 177000,153000,175000,139000,374000,
or_neg: 259000,282000,242000,238000,265000,235000,269000,257000,266000,278000,272000,347000,251000,236000,272000,218000,465000,508000,438000,492000,542000,480000,
or_pos: 336000,314000,544000,
and_pos: 186000,172000,183000,178000,152000,213000,207000,222000,269000,317000,
implies: 178000,174000,270000,332000,
not_and: 272000,
not_not: 172000,
parsing: 8651000,
evaluate: 237000,252000,262000,483000,
subproof: 1067000,1141000,1105000,10588000,2094000,
and_intro: 407000,
poly_simp: 2499000,1837000,2597000,2610000,1891000,1875000,4711000,3523000,4784000,3481000,
equiv_pos2: 219000,133000,137000,166000,174000,121000,55000,147000,141000,143000,88000,188000,83000,68000,140000,162000,169000,121000,52000,28000,221000,102000,248000,351000,147000,353000,329000,366000,169000,130000,260000,386000,
reordering: 298000,341000,292000,302000,224000,424000,347000,318000,285000,293000,211000,737000,592000,493000,604000,679000,588000,
resolution: 269000,258000,353000,404000,260000,299000,394000,195000,237000,245000,214000,216000,288000,382000,386000,374000,392000,228000,304000,217000,288000,327000,323000,273000,616000,1617000,302000,238000,268000,279000,561000,228000,217000,234000,310000,320000,329000,277000,249000,228000,268000,223000,268000,299000,359000,265000,270000,378000,470000,217000,204000,250000,254000,222000,222000,231000,375000,400000,341000,396000,228000,310000,416000,384000,980000,393000,467000,676000,425000,457000,484000,571000,424000,465000,433000,482000,540000,611000,478000,647000,760000,473000,507000,745000,688000,734000,769000,502000,522000,621000,617000,515000,
sko_forall: 1297000,1314000,2353000,
contraction: 326000,342000,258000,533000,235000,272000,251000,344000,314000,351000,411000,721000,661000,515000,
forall_inst: 835000,885000,792000,747000,762000,983000,879000,800000,1544000,1584000,1530000,1501000,
implies_neg1: 227000,237000,192000,431000,650000,
implies_neg2: 226000,178000,216000,293000,453000,
__local_input: 74000,74000,41000,42000,128000,146000,104000,66000,201000,225000,
comp_simplify: 1473000,2992000,
poly_simp_rel: 1054000,1057000,1064000,1054000,1064000,1102000,1959000,2027000,2033000,1923000,
equiv_simplify: 247000,241000,232000,253000,226000,206000,589000,477000,
la_disequality: 74000,128000,
implies_simplify: 274000,
__normalized_input: 16363000,15319000,3368000,3331000,738000,
rare_rewrite_eq-refl: 174000,150000,323000,
rare_rewrite_eq-symm: 206000,200000,390000,
rare_rewrite_arith-elim-lt: 5982000,5912000,11439000,
rare_rewrite_bool-eq-false: 6058000,6208000,11711000,
rare_rewrite_arith-elim-leq: 5952000,6000000,6059000,11408000,11732000,
rare_rewrite_bool-impl-elim: 6150000,6152000,6154000,6196000,11760000,13278000,
rare_rewrite_bool-double-not-elim: 198000,195000,200000,185000,385000,460000,315000,

