1; Draft.Scratch_smt_check_7_31506; 2026-04-10 13:51:44.290;
bind: 204000,221000,192000,202000,205000,185000,204000,201000,187000,201000,224000,193000,
cong: 92000,83000,106000,93000,83000,97000,186000,118000,65000,94000,82000,106000,99000,91000,100000,178000,123000,
refl: 22000,25000,22000,26000,32000,23000,24000,25000,25000,34000,
symm: 133000,129000,129000,126000,140000,
trans: 199000,206000,216000,230000,182000,196000,173000,150000,202000,192000,209000,197000,171000,190000,168000,
and_neg: 224000,
and_pos: 142000,166000,
implies: 180000,163000,197000,
parsing: 3007000,
subproof: 1193000,1244000,1200000,
equiv_pos2: 103000,106000,182000,99000,101000,163000,
reordering: 256000,301000,
resolution: 232000,217000,372000,288000,368000,347000,221000,315000,327000,270000,297000,436000,190000,299000,291000,361000,337000,220000,323000,
contraction: 306000,213000,236000,308000,
forall_inst: 857000,830000,
implies_neg1: 268000,271000,212000,
implies_neg2: 284000,186000,309000,
__local_input: 227000,263000,43000,129000,
__normalized_input: 2149000,1330000,912000,1164000,
rare_rewrite_eq-refl: 131000,136000,
rare_rewrite_eq-symm: 174000,118000,163000,181000,108000,145000,145000,217000,338000,106000,146000,178000,111000,139000,147000,212000,
rare_rewrite_bool-eq-true: 6576000,6366000,

