1; Draft.Scratch_smt_check_7_20133; 2026-04-10 13:51:47.881;
bind: 229000,229000,225000,220000,343000,330000,310000,351000,352000,308000,348000,363000,307000,351000,347000,318000,352000,342000,309000,376000,337000,307000,399000,288000,298000,365000,282000,403000,289000,287000,282000,266000,402000,290000,263000,302000,324000,357000,336000,308000,366000,337000,320000,350000,351000,350000,351000,339000,316000,407000,284000,273000,283000,261000,282000,284000,394000,
cong: 132000,69000,66000,63000,61000,108000,59000,59000,74000,71000,117000,75000,117000,58000,70000,243000,504000,552000,269000,1229000,339000,303000,306000,310000,295000,300000,301000,300000,99000,113000,1506000,184000,73000,91000,509000,582000,275000,1245000,314000,324000,222000,194000,73000,91000,103000,189000,73000,92000,106000,3011000,116000,59000,70000,234000,188000,70000,88000,137000,108000,132000,74000,75000,105000,141000,115000,149000,74000,79000,104000,272000,146000,149000,174000,146000,87000,86000,106000,144000,110000,140000,74000,75000,105000,143000,116000,186000,77000,81000,110000,264000,148000,160000,144000,163000,107000,92000,95000,553000,638000,467000,2537000,324000,148000,134000,122000,81000,89000,101000,190000,88000,90000,117000,182000,72000,88000,138000,115000,140000,77000,79000,105000,138000,109000,140000,77000,91000,105000,257000,148000,196000,80000,90000,129000,190000,72000,91000,3010000,7551000,124000,101000,114000,118000,271000,182000,168000,141000,180000,166000,89000,92000,110000,184000,172000,136000,163000,146000,87000,91000,105000,306000,166000,118000,100000,117000,94000,260000,299000,303000,302000,220000,194000,173000,140000,190000,145000,92000,98000,102000,322000,159000,113000,109000,116000,96000,264000,307000,311000,1114000,140000,127000,134000,74000,74000,105000,143000,112000,136000,74000,75000,106000,270000,150000,148000,137000,120000,78000,83000,95000,568000,624000,373000,2375000,316000,327000,214000,145000,139000,119000,78000,84000,108000,188000,73000,97000,102000,185000,77000,91000,149000,109000,136000,85000,79000,110000,139000,113000,148000,87000,81000,105000,260000,144000,160000,112000,99000,112000,90000,255000,185000,72000,90000,109000,185000,72000,91000,123000,101000,202000,3065000,
ite1: 194000,247000,
ite2: 212000,211000,
refl: 31000,33000,46000,59000,84000,88000,54000,60000,61000,62000,71000,104000,49000,28000,57000,46000,50000,54000,97000,32000,49000,18000,29000,20000,36000,25000,24000,24000,17000,34000,19000,35000,44000,23000,19000,29000,43000,50000,48000,23000,24000,19000,55000,47000,19000,29000,18000,30000,51000,51000,37000,22000,38000,33000,29000,35000,27000,29000,30000,25000,85000,38000,21000,39000,22000,31000,32000,25000,82000,36000,20000,37000,22000,178000,229000,148000,105000,17000,29000,19000,30000,23000,25000,19000,29000,56000,40000,58000,23000,24000,19000,47000,51000,20000,32000,40000,29000,34000,20000,44000,19000,67000,52000,37000,20000,105000,
symm: 312000,221000,407000,522000,556000,557000,325000,536000,541000,327000,537000,205000,256000,224000,231000,337000,214000,404000,523000,550000,571000,554000,588000,218000,246000,222000,220000,518000,223000,433000,317000,331000,579000,582000,196000,219000,214000,351000,320000,526000,547000,568000,556000,341000,531000,484000,221000,405000,307000,332000,549000,565000,573000,583000,198000,216000,206000,345000,
true: 127000,132000,
trans: 274000,414000,525000,849000,832000,824000,205000,784000,539000,602000,591000,418000,345000,561000,570000,557000,560000,405000,353000,560000,557000,561000,403000,205000,323000,220000,231000,296000,414000,527000,922000,839000,837000,205000,837000,552000,598000,558000,566000,590000,584000,609000,226000,402000,183000,230000,297000,200000,228000,296000,313000,285000,313000,299000,333000,484000,293000,293000,311000,282000,309000,430000,309000,329000,953000,899000,931000,218000,861000,805000,833000,300000,331000,226000,206000,230000,290000,282000,311000,288000,316000,244000,386000,213000,243000,307000,258000,209000,258000,277000,388000,370000,399000,353000,369000,340000,305000,258000,204000,261000,261000,549000,572000,553000,560000,582000,589000,414000,349000,380000,352000,315000,253000,202000,258000,271000,555000,561000,573000,475000,296000,282000,316000,289000,313000,424000,352000,321000,976000,912000,909000,217000,861000,814000,555000,557000,571000,584000,617000,578000,295000,324000,241000,190000,232000,313000,289000,309000,281000,314000,308000,389000,210000,255000,268000,234000,382000,210000,237000,255000,297000,256000,211000,
equiv1: 1949000,547000,170000,532000,537000,301000,1300000,564000,164000,304000,340000,315000,1436000,560000,169000,315000,319000,308000,304000,1316000,522000,549000,1412000,560000,165000,294000,497000,297000,309000,
equiv2: 296000,358000,388000,300000,358000,370000,
or_neg: 222000,206000,234000,964000,1018000,1007000,937000,984000,946000,957000,949000,1015000,961000,997000,888000,976000,921000,873000,872000,872000,914000,886000,864000,898000,944000,969000,933000,861000,875000,863000,873000,877000,919000,899000,796000,800000,780000,747000,775000,887000,969000,937000,910000,1096000,1095000,885000,871000,871000,906000,
and_pos: 1068000,1076000,1042000,1009000,981000,1288000,1374000,1348000,1236000,1253000,1286000,1227000,1247000,1219000,1243000,1341000,681000,661000,661000,691000,823000,339000,320000,918000,865000,825000,770000,1153000,1272000,1266000,1118000,1120000,1116000,1117000,1192000,1130000,1150000,689000,650000,669000,704000,789000,308000,347000,949000,871000,820000,909000,930000,1167000,1263000,1237000,1151000,1120000,1154000,1179000,1141000,1118000,1158000,316000,330000,696000,617000,598000,609000,897000,898000,900000,1079000,1083000,1056000,1012000,1002000,941000,839000,835000,883000,917000,1152000,1275000,1253000,1168000,1132000,1138000,1125000,1146000,1123000,1209000,300000,308000,699000,616000,575000,596000,
implies: 181000,190000,344000,579000,2028000,860000,332000,296000,450000,596000,1750000,293000,836000,541000,342000,297000,298000,296000,340000,384000,1803000,314000,333000,294000,290000,299000,737000,304000,318000,308000,1597000,309000,519000,292000,452000,590000,1785000,295000,339000,296000,296000,322000,295000,709000,290000,
not_and: 1044000,953000,957000,773000,960000,
not_not: 311000,373000,320000,309000,
parsing: 148144000,
evaluate: 371000,239000,296000,373000,372000,388000,250000,325000,366000,378000,384000,272000,291000,413000,454000,376000,226000,281000,418000,382000,
subproof: 1111000,1121000,1982000,1368000,3111000,1830000,1332000,1271000,1702000,1342000,2766000,1201000,1850000,1185000,1484000,1235000,1287000,1833000,1415000,1244000,2828000,1310000,1293000,1244000,1235000,1198000,1814000,1216000,8903000,1734000,1295000,2585000,1269000,1816000,1367000,1262000,2838000,1196000,1309000,1236000,1248000,1234000,1195000,1716000,1256000,
and_intro: 256000,371000,1041000,690000,269000,309000,394000,829000,729000,266000,257000,269000,932000,275000,623000,836000,354000,343000,397000,907000,295000,649000,
poly_simp: 1871000,1869000,1894000,1798000,1840000,2784000,4330000,3115000,3098000,3719000,2596000,1544000,1521000,1506000,1514000,1597000,1901000,10747000,4572000,3962000,3142000,3911000,3837000,3949000,2703000,4248000,3031000,3065000,3806000,2617000,1517000,1512000,1523000,1591000,1667000,1796000,10887000,4580000,1907000,3356000,2001000,3557000,1886000,3401000,2569000,3107000,3650000,1892000,3391000,1969000,3488000,1907000,4456000,3073000,2796000,5937000,2578000,2921000,6255000,1559000,1601000,1841000,16774000,3197000,2541000,1973000,3699000,1875000,3425000,1978000,3927000,2346000,2848000,2615000,2004000,2119000,6725000,3243000,2431000,3210000,2482000,3547000,2166000,2863000,2436000,1983000,1943000,1940000,3716000,3119000,3843000,4546000,3194000,2497000,3609000,2177000,2780000,2419000,1985000,1992000,2087000,3839000,3891000,2895000,3491000,1903000,3297000,2036000,3246000,1910000,4433000,3253000,2700000,3192000,2433000,2905000,5869000,1541000,1598000,1762000,14836000,4565000,3274000,2512000,1923000,3506000,1872000,3317000,1950000,3542000,2146000,2771000,2424000,1918000,1892000,2043000,1967000,3631000,2262000,2900000,2515000,
equiv_pos1: 32000,36000,363000,353000,
equiv_pos2: 97000,86000,81000,126000,36000,77000,80000,130000,33000,202000,217000,148000,250000,312000,579000,350000,352000,341000,336000,355000,336000,1782000,307000,150000,248000,308000,572000,346000,349000,349000,329000,319000,1567000,218000,205000,300000,163000,164000,314000,137000,281000,162000,161000,318000,249000,138000,128000,175000,623000,346000,353000,353000,129000,310000,299000,157000,163000,314000,321000,307000,1576000,215000,114000,120000,287000,183000,348000,165000,212000,130000,118000,286000,332000,343000,350000,349000,170000,214000,109000,117000,285000,331000,1266000,276000,192000,165000,322000,249000,142000,130000,173000,649000,342000,355000,352000,133000,322000,313000,156000,164000,303000,211000,113000,113000,272000,316000,305000,123000,250000,1597000,
la_generic: 18455000,35708000,24299000,22112000,
reordering: 260000,233000,276000,276000,259000,251000,2014000,5151000,17386000,3543000,616000,1781000,3178000,13637000,3562000,632000,1777000,4331000,24846000,597000,2526000,2528000,6051000,1786000,4411000,14106000,595000,2445000,
resolution: 516000,525000,604000,298000,256000,233000,254000,393000,402000,278000,2191000,230000,300000,297000,318000,316000,237000,305000,237000,291000,285000,308000,319000,227000,306000,342000,320000,342000,3143000,15443000,1029000,991000,1244000,922000,3345000,209000,429000,428000,410000,547000,428000,332000,823000,309000,369000,422000,441000,457000,268000,612000,489000,437000,372000,434000,344000,529000,2718000,2236000,9692000,374000,417000,307000,464000,435000,1196000,921000,2393000,286000,487000,449000,648000,264000,386000,467000,443000,312000,316000,348000,2882000,12848000,930000,744000,1006000,799000,2172000,232000,424000,432000,426000,504000,422000,346000,842000,368000,354000,384000,380000,463000,401000,258000,514000,2339000,1943000,7772000,400000,266000,371000,464000,429000,291000,315000,1120000,914000,2369000,414000,378000,467000,432000,291000,326000,306000,336000,507000,445000,629000,340000,324000,356000,272000,379000,469000,471000,287000,300000,272000,368000,464000,466000,509000,276000,378000,371000,2864000,12613000,940000,782000,1108000,820000,2986000,221000,438000,458000,418000,500000,455000,392000,911000,456000,386000,298000,298000,358000,433000,462000,443000,270000,379000,310000,365000,318000,330000,373000,4233000,503000,2523000,2108000,8544000,359000,277000,263000,379000,498000,443000,291000,303000,455000,419000,605000,261000,367000,453000,431000,285000,317000,296000,271000,384000,408000,464000,434000,280000,376000,399000,267000,364000,451000,436000,336000,365000,952000,850000,1893000,262000,373000,487000,453000,363000,314000,350000,350000,372000,286000,332000,416000,557000,541000,299000,365000,404000,1389000,4298000,825000,724000,1034000,755000,1696000,213000,441000,480000,613000,425000,478000,369000,424000,321000,404000,421000,334000,391000,279000,352000,380000,443000,476000,285000,345000,497000,2157000,1771000,3771000,374000,435000,315000,414000,459000,349000,413000,284000,331000,426000,456000,450000,284000,348000,2846000,12587000,966000,816000,1128000,838000,3061000,219000,490000,1026000,441000,506000,432000,348000,940000,363000,434000,365000,374000,297000,268000,387000,459000,466000,449000,277000,385000,349000,329000,381000,403000,261000,510000,2478000,1993000,8000000,369000,272000,259000,388000,451000,429000,296000,312000,468000,425000,585000,263000,433000,471000,440000,311000,313000,289000,295000,365000,410000,471000,450000,266000,362000,362000,345000,378000,280000,324000,389000,462000,1016000,293000,347000,260000,365000,462000,438000,304000,318000,915000,783000,1727000,266000,376000,456000,433000,310000,302000,337000,346000,344000,402000,
contraction: 301000,251000,248000,15053000,1304000,1784000,506000,2835000,4745000,1197000,1368000,441000,457000,446000,5493000,1031000,1271000,503000,2413000,3845000,427000,1125000,1418000,423000,449000,448000,433000,422000,5425000,1101000,1491000,520000,413000,2557000,4048000,422000,447000,438000,431000,416000,431000,1000000,1116000,439000,440000,2067000,1060000,1167000,410000,2143000,2560000,409000,5378000,1114000,1514000,521000,424000,2480000,4065000,428000,429000,434000,433000,413000,420000,412000,973000,1101000,418000,
forall_inst: 974000,767000,749000,974000,992000,980000,921000,923000,950000,942000,897000,947000,876000,930000,966000,932000,906000,1383000,953000,1014000,1071000,962000,1069000,927000,1096000,918000,947000,890000,973000,991000,923000,903000,1051000,869000,943000,947000,920000,1164000,
la_mult_neg: 482000,679000,565000,709000,465000,4572000,641000,573000,727000,
implies_neg1: 206000,210000,578000,1764000,1338000,543000,3237000,393000,579000,1376000,403000,384000,1367000,527000,2832000,397000,392000,398000,579000,1504000,385000,391000,454000,415000,401000,407000,1202000,2816000,374000,362000,1401000,374000,2600000,396000,564000,1518000,403000,395000,461000,392000,369000,386000,434000,1196000,2888000,
implies_neg2: 209000,216000,1021000,401000,2957000,11961000,429000,392000,814000,401000,2470000,377000,1046000,378000,428000,374000,370000,879000,401000,374000,2535000,375000,410000,376000,369000,373000,943000,388000,553000,826000,410000,2273000,416000,887000,398000,372000,2564000,367000,401000,376000,365000,427000,383000,910000,383000,
__local_input: 225000,217000,211000,105000,111000,100000,84000,176000,65000,52000,57000,80000,215000,70000,56000,61000,104000,93000,51000,53000,53000,70000,91000,57000,70000,198000,121000,266000,117000,102000,86000,186000,109000,108000,64000,49000,53000,66000,189000,53000,59000,61000,117000,108000,50000,56000,54000,54000,70000,65000,183000,113000,262000,242000,239000,144000,63000,73000,84000,210000,117000,113000,81000,159000,259000,124000,119000,91000,64000,53000,72000,61000,129000,94000,60000,53000,52000,54000,71000,66000,167000,4487000,236000,100000,115000,212000,248000,103000,106000,92000,75000,212000,237000,228000,122000,64000,56000,91000,202000,122000,122000,62000,173000,253000,236000,143000,123000,101000,63000,53000,68000,68000,133000,99000,54000,60000,52000,79000,100000,67000,208000,
comp_simplify: 14425000,1808000,1824000,
poly_simp_rel: 1023000,999000,1009000,997000,1032000,1215000,1323000,1283000,1351000,1382000,1536000,1417000,1398000,1446000,1423000,1539000,1176000,1246000,1314000,1370000,1379000,1556000,1131000,1106000,1237000,11326000,1381000,1085000,1091000,1254000,1250000,1158000,1236000,1296000,1322000,1085000,1108000,1125000,1150000,3275000,1253000,1250000,1217000,1104000,1119000,1092000,1190000,1412000,1413000,1402000,1552000,1226000,1106000,1114000,1116000,1255000,1422000,1419000,1359000,1367000,1091000,1132000,1311000,1281000,1183000,1190000,1221000,1523000,1235000,1150000,1111000,1094000,1095000,1100000,1275000,1107000,1097000,
qnt_rm_unused: 395000,404000,393000,390000,387000,
equiv_simplify: 265000,449000,629000,469000,657000,404000,243000,396000,404000,401000,279000,393000,394000,407000,421000,456000,625000,460000,691000,245000,403000,438000,413000,393000,
la_disequality: 268000,271000,
implies_simplify: 1911000,649000,1465000,650000,1605000,659000,1497000,1636000,660000,
__normalized_input: 40421000,101602000,51555000,6144000,5249000,5102000,5269000,1235000,1183000,
rare_rewrite_ite-eq: 6485000,6469000,
rare_rewrite_eq-refl: 225000,215000,219000,220000,219000,237000,226000,221000,219000,219000,228000,226000,
rare_rewrite_eq-symm: 235000,262000,235000,276000,
rare_rewrite_arith-elim-gt: 7258000,20608000,7184000,
rare_rewrite_arith-elim-lt: 10352000,7261000,10428000,11201000,7324000,29273000,
rare_rewrite_bool-eq-false: 7075000,7118000,7172000,7207000,6811000,6980000,7266000,7256000,
rare_rewrite_arith-elim-leq: 7299000,7236000,7453000,7062000,
rare_rewrite_bool-double-not-elim: 161000,575000,391000,627000,

