1; Draft.Scratch_smt_check_7_7030; 2026-04-10 13:51:45.160;
bind: 387000,421000,729000,729000,
cong: 141000,120000,131000,70000,87000,101000,284000,289000,575000,147000,189000,120000,156000,118000,86000,309000,308000,514000,118000,131000,80000,109000,72000,115000,70000,118000,66000,236000,262000,132000,99000,111000,73000,158000,100000,117000,72000,96000,69000,501000,283000,299000,157000,173000,121000,110000,111000,119000,83000,178000,131000,98000,125000,82000,511000,345000,314000,160000,173000,123000,98000,120000,120000,93000,176000,129000,98000,109000,104000,295000,300000,631000,149000,172000,128000,151000,128000,84000,289000,296000,527000,117000,134000,85000,144000,75000,117000,67000,108000,244000,322000,134000,99000,116000,72000,172000,95000,107000,73000,101000,67000,556000,639000,275000,1309000,145000,98000,141000,155000,191000,84000,72000,90000,137000,151000,119000,137000,158000,139000,160000,476000,494000,945000,248000,266000,186000,212000,241000,119000,503000,636000,812000,202000,211000,136000,183000,129000,173000,124000,156000,106000,408000,436000,243000,210000,164000,113000,268000,171000,204000,107000,151000,95000,300000,293000,157000,196000,118000,325000,220000,162000,176000,123000,839000,276000,282000,154000,174000,123000,120000,120000,118000,86000,845000,
refl: 28000,45000,36000,29000,25000,47000,24000,28000,30000,28000,23000,50000,24000,30000,54000,78000,28000,22000,38000,28000,25000,44000,43000,38000,91000,34000,29000,109000,139000,108000,
symm: 417000,333000,374000,222000,255000,202000,
trans: 179000,222000,171000,169000,341000,434000,442000,200000,142000,151000,385000,423000,256000,251000,132000,434000,199000,135000,321000,256000,470000,189000,147000,318000,328000,350000,452000,458000,189000,140000,383000,418000,275000,250000,188000,692000,661000,683000,192000,601000,519000,222000,219000,237000,190000,234000,159000,165000,177000,230000,175000,231000,19730000,352000,686000,801000,836000,394000,287000,296000,837000,796000,508000,511000,279000,608000,503000,693000,499000,910000,193000,148000,
equiv1: 966000,211000,135000,128000,129000,
or_neg: 558000,557000,518000,571000,
and_pos: 559000,624000,609000,645000,591000,613000,550000,620000,
implies: 380000,378000,480000,380000,385000,959000,738000,
not_and: 553000,
parsing: 18998000,
evaluate: 441000,391000,340000,197000,245000,312000,294000,284000,361000,
subproof: 1290000,1631000,1153000,1400000,1954000,2762000,
and_intro: 305000,263000,271000,587000,
poly_simp: 1908000,2413000,2911000,3343000,4208000,3762000,3425000,1563000,1712000,1655000,1602000,2031000,1801000,4712000,3323000,2414000,2941000,3699000,3019000,1585000,1834000,3727000,3366000,3825000,3031000,3192000,10438000,1861000,3235000,3004000,3240000,2447000,2923000,4397000,3516000,1549000,1733000,1650000,1590000,1783000,4610000,1637000,1777000,12370000,1865000,3651000,2157000,2433000,1927000,2079000,4412000,4833000,5958000,6914000,6833000,6805000,2967000,3350000,3037000,3107000,3784000,3379000,5666000,3046000,3356000,5772000,3245000,3348000,3789000,3264000,2552000,2903000,5366000,
equiv_pos2: 105000,66000,219000,557000,254000,575000,314000,253000,224000,231000,240000,91000,149000,540000,136000,135000,62000,99000,136000,271000,113000,450000,473000,476000,589000,836000,
la_generic: 17744000,
reordering: 2489000,2947000,
resolution: 273000,314000,393000,274000,308000,521000,665000,621000,396000,297000,405000,1015000,2547000,587000,640000,868000,680000,1985000,160000,268000,267000,253000,278000,282000,286000,760000,408000,372000,304000,530000,721000,680000,391000,209000,301000,333000,294000,402000,204000,336000,343000,395000,202000,260000,377000,300000,292000,291000,1560000,1362000,2298000,305000,708000,463000,542000,545000,810000,992000,1238000,1134000,614000,701000,
contraction: 583000,1201000,807000,994000,255000,598000,1368000,1603000,1256000,
forall_inst: 1023000,987000,1029000,1003000,1770000,1919000,
la_mult_neg: 599000,502000,
la_mult_pos: 505000,
implies_neg1: 556000,570000,231000,981000,1077000,1514000,
implies_neg2: 597000,617000,175000,600000,1481000,1125000,
__local_input: 261000,250000,230000,52000,91000,70000,179000,431000,76000,87000,62000,270000,
poly_simp_rel: 1035000,1013000,1489000,1276000,1243000,1308000,1281000,1269000,1219000,1398000,1003000,1101000,1128000,1977000,1887000,2528000,2182000,2204000,2487000,
equiv_simplify: 225000,211000,230000,
implies_simplify: 1099000,292000,
__normalized_input: 13812000,812000,659000,679000,
rare_rewrite_arith-elim-gt: 6295000,
rare_rewrite_arith-elim-lt: 6156000,6522000,6525000,6771000,10914000,5899000,11213000,12116000,
rare_rewrite_arith-elim-leq: 6231000,
rare_rewrite_bool-double-not-elim: 180000,183000,378000,372000,

