1; Draft.Scratch_smt_check_7_28984; 2026-04-10 13:46:26.049;
bind: 194000,218000,246000,246000,253000,242000,319000,382000,320000,314000,336000,442000,356000,341000,
cong: 66000,80000,86000,63000,49000,70000,72000,85000,64000,50000,65000,79000,280000,195000,130000,109000,130000,71000,80000,87000,62000,39000,52000,56000,68000,51000,67000,117000,61000,65000,96000,63000,39000,55000,49000,102000,284000,111000,72000,111000,82000,117000,328000,102000,119000,125000,107000,178000,106000,73000,98000,100000,108000,163000,113000,70000,94000,87000,131000,322000,
refl: 28000,16000,22000,17000,26000,15000,20000,16000,64000,26000,29000,42000,58000,28000,29000,32000,
symm: 60000,106000,113000,109000,106000,117000,
trans: 223000,223000,168000,219000,80000,177000,372000,216000,329000,341000,
equiv1: 397000,261000,
equiv2: 206000,240000,
or_pos: 532000,
and_neg: 377000,
and_pos: 295000,426000,
implies: 254000,295000,443000,299000,
not_not: 176000,
parsing: 26035000,
subproof: 1505000,2054000,2056000,2138000,
equiv_pos2: 218000,146000,156000,345000,126000,236000,253000,410000,386000,239000,373000,406000,
reordering: 811000,493000,720000,
resolution: 168000,160000,213000,200000,247000,265000,346000,416000,424000,254000,276000,189000,184000,277000,260000,151000,268000,427000,511000,455000,255000,426000,533000,525000,467000,709000,307000,278000,318000,365000,293000,464000,431000,504000,499000,278000,421000,
contraction: 384000,457000,473000,506000,477000,
forall_inst: 766000,878000,1281000,1350000,1291000,
implies_neg1: 327000,417000,382000,484000,
implies_neg2: 383000,385000,400000,365000,
__local_input: 61000,140000,143000,52000,69000,
equiv_simplify: 317000,545000,403000,381000,
__normalized_input: 8763000,7197000,2689000,1621000,750000,1020000,
rare_rewrite_eq-symm: 213000,231000,258000,281000,262000,227000,261000,257000,
rare_rewrite_bool-impl-elim: 6120000,6342000,

