1; Draft.Scratch_smt_check_7_21510; 2026-04-10 13:50:29.060;
bind: 633000,708000,622000,587000,388000,356000,367000,334000,
cong: 318000,297000,146000,242000,134000,237000,107000,95000,180000,102000,133000,127000,83000,94000,185000,196000,78000,156000,90000,141000,66000,67000,
refl: 94000,88000,32000,91000,97000,45000,29000,51000,47000,20000,57000,50000,
symm: 277000,243000,149000,
trans: 624000,606000,581000,533000,554000,329000,367000,325000,328000,315000,286000,308000,239000,
equiv1: 418000,
equiv2: 460000,
or_pos: 347000,
implies: 321000,
not_not: 389000,
parsing: 5050000,
aci_simp: 2381000,1215000,
subproof: 1798000,
equiv_pos2: 363000,78000,167000,
reordering: 860000,
resolution: 672000,609000,610000,426000,400000,530000,494000,454000,505000,361000,385000,
contraction: 452000,
forall_inst: 943000,
implies_neg1: 458000,
implies_neg2: 413000,
__local_input: 177000,
equiv_simplify: 708000,562000,
__normalized_input: 21818000,5538000,4910000,4857000,5033000,4909000,
rare_rewrite_eq-symm: 297000,267000,171000,152000,
rare_rewrite_bool-impl-elim: 12446000,6791000,
rare_rewrite_bool-and-de-morgan: 11964000,6259000,
rare_rewrite_bool-double-not-elim: 342000,164000,

