1; Draft.Scratch_smt_check_7_24797; 2026-04-10 13:47:59.938;
bind: 293000,287000,208000,212000,570000,498000,335000,362000,301000,318000,161000,201000,264000,201000,249000,259000,234000,264000,251000,
cong: 210000,174000,154000,226000,355000,306000,266000,335000,476000,291000,163000,125000,103000,82000,183000,179000,272000,144000,125000,87000,306000,93000,186000,113000,205000,252000,117000,155000,128000,108000,81000,66000,136000,61000,106000,107000,97000,68000,104000,85000,69000,80000,98000,125000,64000,
refl: 72000,125000,89000,52000,74000,450000,35000,19000,19000,29000,
symm: 95000,159000,190000,106000,89000,
trans: 268000,221000,251000,260000,236000,237000,169000,508000,474000,432000,456000,427000,430000,316000,194000,210000,171000,119000,173000,156000,154000,165000,165000,135000,93000,193000,184000,214000,172000,189000,141000,156000,220000,157000,208000,114000,
choice: 33000,37000,68000,
equiv1: 103000,114000,118000,116000,
equiv2: 95000,117000,119000,108000,
or_neg: 267000,283000,238000,412000,367000,291000,299000,242000,204000,228000,142000,177000,
or_pos: 478000,214000,239000,234000,208000,
and_neg: 274000,276000,
and_pos: 193000,184000,244000,196000,197000,183000,182000,185000,
implies: 502000,329000,241000,308000,271000,271000,165000,190000,122000,178000,
not_not: 112000,
parsing: 33883000,
aci_simp: 1108000,2087000,2018000,2034000,1187000,958000,1115000,1019000,1176000,
evaluate: 233000,
onepoint: 1150000,
qnt_join: 216000,
subproof: 3226000,2053000,2042000,6226000,2179000,2055000,1235000,1207000,1238000,1428000,
and_intro: 203000,195000,
equiv_pos1: 54000,
equiv_pos2: 428000,437000,684000,233000,192000,305000,381000,215000,97000,183000,137000,254000,70000,40000,110000,162000,152000,60000,96000,98000,
reordering: 458000,472000,324000,450000,457000,706000,338000,327000,245000,288000,302000,254000,258000,
resolution: 203000,178000,158000,240000,298000,310000,573000,804000,827000,504000,497000,322000,296000,371000,305000,473000,394000,368000,590000,258000,421000,381000,615000,512000,508000,578000,618000,478000,809000,595000,611000,324000,291000,492000,401000,376000,616000,265000,381000,384000,714000,425000,486000,563000,405000,403000,326000,357000,210000,170000,171000,247000,167000,145000,174000,221000,182000,296000,355000,347000,237000,156000,156000,204000,240000,229000,243000,155000,209000,257000,312000,157000,195000,245000,249000,226000,270000,261000,212000,208000,260000,288000,148000,200000,183000,328000,374000,318000,
sko_forall: 6725000,1110000,907000,
contraction: 747000,313000,361000,318000,361000,429000,569000,482000,303000,373000,320000,367000,399000,515000,275000,300000,205000,198000,251000,
forall_inst: 1492000,1198000,1207000,787000,954000,730000,849000,780000,965000,776000,
implies_neg1: 619000,245000,255000,389000,267000,258000,257000,268000,141000,260000,
implies_neg2: 597000,258000,275000,362000,245000,254000,209000,279000,147000,233000,
__local_input: 154000,33000,30000,72000,64000,93000,34000,36000,34000,72000,69000,68000,72000,69000,
qnt_rm_unused: 257000,820000,
connective_def: 188000,184000,
equiv_simplify: 167000,168000,203000,184000,194000,182000,188000,192000,
miniscope_split: 307000,
__normalized_input: 4183000,20802000,6965000,2831000,1577000,1377000,873000,1063000,815000,
rare_rewrite_eq-refl: 105000,
rare_rewrite_eq-symm: 181000,163000,156000,193000,
rare_rewrite_or-not-refl: 6949000,
rare_rewrite_bool-eq-false: 6255000,
rare_rewrite_bool-impl-elim: 6841000,6862000,6946000,
rare_rewrite_bool-impl-false1: 14190000,11217000,11834000,11171000,11306000,12282000,
rare_rewrite_bool-and-de-morgan: 6238000,6227000,5967000,11795000,11925000,11100000,6486000,
rare_rewrite_bool-double-not-elim: 101000,212000,219000,386000,202000,171000,95000,121000,

