1; Draft.Scratch_smt_check_7_9768; 2026-04-10 13:48:00.476;
bind: 189000,354000,253000,
cong: 188000,128000,152000,
refl: 41000,143000,55000,
trans: 297000,226000,248000,184000,194000,151000,171000,
or_pos: 259000,271000,301000,
and_pos: 149000,
parsing: 9477000,
aci_simp: 1088000,979000,1192000,
equiv_pos2: 93000,241000,141000,170000,
reordering: 352000,399000,480000,187000,661000,
resolution: 191000,194000,235000,254000,182000,295000,378000,312000,215000,318000,317000,192000,258000,
forall_inst: 757000,932000,940000,689000,893000,
__normalized_input: 12893000,5648000,1897000,1672000,1497000,1243000,1406000,989000,
rare_rewrite_bool-impl-elim: 6004000,6329000,6096000,
rare_rewrite_bool-and-de-morgan: 5764000,5906000,7188000,

