1; Draft.Scratch_smt_check_7_8735; 2026-04-10 13:49:30.772;
bind: 646000,234000,408000,424000,250000,253000,269000,159000,
cong: 224000,87000,130000,233000,168000,215000,185000,120000,84000,
refl: 72000,48000,45000,51000,70000,
trans: 359000,367000,410000,192000,170000,185000,349000,311000,331000,245000,264000,291000,
equiv1: 169000,178000,152000,
equiv2: 160000,152000,
or_pos: 278000,417000,258000,
and_pos: 181000,168000,
implies: 135000,
not_and: 220000,
parsing: 19715000,
aci_simp: 2021000,1279000,1304000,1087000,1066000,
subproof: 1164000,
equiv_pos2: 176000,56000,137000,306000,100000,74000,98000,116000,34000,
reordering: 233000,209000,391000,627000,242000,180000,345000,
resolution: 313000,315000,347000,430000,537000,500000,186000,188000,235000,187000,183000,246000,325000,292000,169000,310000,444000,413000,184000,298000,181000,175000,225000,238000,255000,276000,182000,276000,263000,
contraction: 208000,
forall_inst: 855000,799000,889000,999000,758000,888000,
implies_neg1: 165000,
implies_neg2: 169000,
__local_input: 138000,
equiv_simplify: 222000,262000,223000,232000,
__normalized_input: 1356000,1095000,934000,856000,788000,755000,658000,661000,594000,479000,473000,721000,
rare_rewrite_eq-symm: 136000,138000,127000,
rare_rewrite_bool-impl-elim: 8641000,6370000,6532000,6147000,6483000,
rare_rewrite_bool-and-de-morgan: 11850000,7219000,6492000,6373000,

