1; Draft.Scratch_smt_check_7_9634; 2026-04-10 13:49:32.624;
bind: 470000,208000,
cong: 200000,119000,
refl: 57000,151000,
trans: 386000,325000,310000,219000,228000,
or_pos: 399000,217000,
and_pos: 182000,
parsing: 9681000,
aci_simp: 1199000,994000,
equiv_pos2: 290000,81000,
reordering: 492000,208000,237000,
resolution: 187000,315000,414000,430000,223000,243000,278000,
forall_inst: 1002000,723000,
__normalized_input: 2262000,1298000,545000,508000,562000,617000,
rare_rewrite_bool-impl-elim: 6175000,6017000,
rare_rewrite_bool-and-de-morgan: 5846000,6020000,

