1; Draft.Scratch_smt_check_7_26783; 2026-04-10 13:44:11.245;
bind: 808000,760000,816000,283000,327000,362000,344000,432000,386000,261000,292000,254000,342000,305000,502000,292000,378000,
cong: 249000,270000,264000,290000,419000,470000,115000,456000,496000,314000,89000,220000,86000,210000,185000,78000,188000,61000,156000,67000,159000,125000,152000,124000,200000,377000,320000,255000,245000,440000,157000,189000,148000,281000,500000,253000,
refl: 104000,173000,46000,553000,43000,48000,57000,64000,52000,32000,481000,23000,22000,27000,34000,35000,41000,90000,112000,145000,43000,40000,127000,150000,
symm: 659000,328000,250000,315000,
trans: 782000,710000,724000,808000,609000,315000,326000,419000,297000,319000,307000,359000,311000,270000,124000,387000,316000,345000,328000,295000,298000,234000,237000,269000,197000,87000,281000,248000,253000,225000,262000,197000,213000,178000,198000,166000,467000,478000,476000,193000,225000,296000,377000,258000,249000,234000,
choice: 42000,42000,46000,45000,38000,43000,82000,
or_neg: 323000,335000,281000,258000,327000,376000,290000,317000,376000,282000,394000,396000,315000,347000,339000,389000,272000,346000,289000,347000,257000,
or_pos: 339000,222000,311000,893000,
and_pos: 203000,327000,
implies: 323000,245000,
not_and: 303000,
parsing: 84055000,
aci_simp: 1743000,1727000,1927000,2000000,1035000,1186000,1122000,1035000,1008000,1087000,1267000,1129000,
evaluate: 276000,206000,
onepoint: 1981000,1304000,
qnt_join: 748000,436000,289000,279000,551000,
subproof: 1599000,15985000,
equiv_pos2: 299000,341000,330000,379000,406000,203000,406000,423000,302000,626000,269000,
reordering: 456000,510000,532000,531000,410000,275000,312000,435000,386000,517000,804000,
resolution: 349000,297000,483000,570000,475000,425000,433000,282000,290000,350000,410000,471000,2230000,490000,633000,534000,623000,556000,648000,442000,672000,511000,1604000,706000,492000,440000,479000,403000,487000,511000,511000,561000,471000,603000,
sko_forall: 4784000,5370000,
contraction: 503000,592000,652000,692000,560000,540000,441000,429000,492000,
forall_inst: 1701000,1039000,
implies_neg1: 408000,616000,
implies_neg2: 386000,305000,
__local_input: 83000,154000,
qnt_rm_unused: 395000,593000,373000,1295000,
miniscope_split: 494000,1073000,458000,
__normalized_input: 1917000,1988000,
miniscope_distribute: 1051000,680000,
rare_rewrite_eq-refl: 138000,80000,
rare_rewrite_eq-symm: 137000,84000,97000,91000,
rare_rewrite_or-not-refl: 11787000,6979000,
rare_rewrite_bool-impl-elim: 12589000,12137000,7108000,6219000,6483000,
rare_rewrite_bool-and-de-morgan: 11763000,6530000,6775000,5976000,6463000,6215000,
rare_rewrite_bool-double-not-elim: 222000,186000,175000,237000,308000,459000,175000,

