1; Draft.Scratch_smt_check_7_25602; 2026-04-10 13:44:10.594;
bind: 416000,554000,334000,296000,346000,195000,246000,259000,228000,290000,281000,245000,300000,170000,176000,207000,203000,233000,259000,398000,518000,500000,
cong: 163000,294000,256000,185000,79000,203000,87000,226000,88000,141000,59000,141000,67000,154000,59000,119000,129000,74000,78000,58000,106000,156000,149000,109000,55000,125000,66000,119000,58000,146000,60000,143000,60000,269000,126000,196000,191000,132000,200000,
refl: 69000,528000,66000,47000,65000,45000,355000,34000,21000,26000,34000,21000,31000,477000,33000,20000,21000,26000,40000,300000,38000,29000,40000,28000,447000,37000,25000,28000,35000,22000,29000,840000,67000,43000,64000,46000,
symm: 182000,219000,209000,269000,173000,214000,383000,483000,
trans: 438000,247000,380000,305000,283000,313000,277000,272000,269000,229000,210000,105000,255000,289000,283000,272000,119000,529000,326000,387000,164000,227000,175000,65000,245000,215000,233000,205000,233000,185000,183000,182000,179000,169000,264000,142000,210000,181000,193000,184000,167000,164000,201000,131000,120000,64000,164000,174000,145000,144000,65000,196000,193000,205000,173000,195000,176000,72000,238000,211000,238000,370000,408000,327000,308000,281000,308000,330000,
or_pos: 191000,322000,
implies: 130000,
parsing: 57151000,
aci_simp: 1714000,1816000,1843000,1014000,1027000,1037000,1133000,947000,992000,900000,963000,975000,1027000,1021000,1993000,2093000,1792000,1816000,
evaluate: 265000,280000,196000,175000,192000,197000,
onepoint: 1779000,2336000,1734000,1027000,1318000,1630000,
qnt_join: 218000,249000,218000,528000,
subproof: 1054000,
equiv_pos2: 240000,475000,
reordering: 195000,181000,426000,
resolution: 236000,275000,325000,441000,217000,222000,155000,201000,286000,
contraction: 175000,
forall_inst: 718000,1387000,
implies_neg1: 268000,
implies_neg2: 152000,
__local_input: 39000,
qnt_rm_unused: 272000,1033000,361000,1585000,274000,1051000,617000,2618000,
__normalized_input: 1571000,771000,1041000,
rare_rewrite_eq-refl: 109000,100000,66000,63000,71000,67000,
rare_rewrite_eq-symm: 132000,70000,72000,69000,76000,132000,
rare_rewrite_or-not-refl: 11666000,7762000,6593000,6351000,7040000,19554000,
rare_rewrite_bool-impl-false1: 6617000,6648000,11491000,12189000,
rare_rewrite_bool-and-de-morgan: 20875000,6266000,6154000,6758000,6406000,11732000,11794000,11937000,
rare_rewrite_bool-double-not-elim: 269000,123000,

