1; Draft.Scratch_smt_check_7_7487; 2026-04-10 13:44:16.752;
bind: 624000,301000,322000,217000,218000,252000,229000,289000,127000,148000,208000,342000,170000,185000,194000,218000,271000,214000,282000,216000,241000,
cong: 299000,300000,236000,181000,77000,144000,55000,143000,158000,59000,117000,119000,73000,78000,52000,55000,99000,55000,119000,137000,170000,180000,142000,113000,55000,136000,56000,154000,152000,57000,116000,125000,112000,119000,77000,77000,160000,80000,444000,189000,235000,
refl: 43000,54000,310000,27000,31000,27000,27000,31000,32000,441000,28000,31000,24000,28000,108000,238000,21000,25000,27000,35000,314000,28000,30000,26000,25000,30000,30000,516000,24000,28000,21000,26000,193000,417000,34000,42000,121000,
symm: 172000,211000,248000,173000,216000,256000,
trans: 322000,324000,345000,331000,333000,294000,249000,97000,301000,312000,322000,165000,172000,241000,204000,219000,191000,219000,178000,167000,163000,84000,86000,88000,95000,95000,68000,116000,173000,110000,165000,174000,182000,185000,183000,183000,169000,165000,154000,66000,176000,178000,186000,164000,165000,237000,207000,207000,180000,221000,174000,195000,165000,144000,155000,197000,152000,155000,103000,208000,228000,181000,305000,214000,
or_pos: 175000,
implies: 170000,
parsing: 63098000,
aci_simp: 1703000,926000,976000,999000,974000,893000,896000,1281000,930000,964000,991000,988000,1626000,1697000,
evaluate: 184000,256000,
onepoint: 1903000,1303000,935000,1017000,1277000,1589000,
qnt_join: 209000,241000,218000,247000,
subproof: 1129000,
equiv_pos2: 299000,126000,641000,624000,
reordering: 201000,
resolution: 252000,474000,164000,201000,251000,293000,398000,358000,184000,311000,
contraction: 378000,
forall_inst: 672000,1417000,
or_simplify: 899000,
implies_neg1: 610000,
implies_neg2: 314000,
__local_input: 148000,
qnt_rm_unused: 331000,1315000,327000,1472000,
connective_def: 341000,184000,256000,624000,334000,
__normalized_input: 1995000,752000,1014000,
rare_rewrite_eq-refl: 90000,62000,75000,92000,102000,
rare_rewrite_eq-symm: 71000,72000,58000,64000,70000,69000,103000,105000,
rare_rewrite_or-not-refl: 9549000,6211000,5938000,6038000,6176000,10985000,
rare_rewrite_bool-eq-true: 11040000,
rare_rewrite_bool-and-de-morgan: 5749000,5882000,6304000,5780000,5888000,18843000,10905000,11319000,10936000,
rare_rewrite_bool-double-not-elim: 68000,160000,133000,

