1; Draft.Scratch_smt_check_7_2524; 2026-04-10 13:47:41.142;
bind: 841000,973000,315000,281000,371000,333000,294000,369000,367000,704000,698000,761000,660000,761000,799000,348000,885000,944000,313000,291000,332000,345000,328000,367000,358000,702000,722000,740000,655000,757000,1276000,565000,
cong: 114000,52000,68000,65000,106000,98000,120000,100000,55000,352000,497000,294000,282000,412000,358000,459000,159000,57000,188000,61000,183000,155000,128000,56000,215000,59000,248000,163000,136000,62000,236000,88000,385000,58000,353000,338000,321000,315000,292000,258000,711000,249000,234000,224000,213000,224000,358000,496000,300000,317000,430000,360000,468000,160000,54000,186000,62000,198000,167000,138000,61000,216000,60000,252000,170000,132000,56000,238000,72000,377000,63000,357000,347000,324000,301000,287000,281000,1091000,436000,504000,385000,371000,371000,1259000,590000,682000,
refl: 35000,19000,16000,33000,21000,29000,63000,522000,31000,60000,28000,580000,102000,29000,30000,648000,113000,21000,29000,36000,34000,113000,78000,22000,22000,27000,1439000,28000,39000,58000,22000,22000,30000,29000,63000,571000,31000,61000,30000,565000,104000,29000,27000,642000,103000,22000,30000,30000,33000,111000,58000,21000,22000,30000,1462000,50000,57000,112000,31000,33000,41000,56000,
symm: 80000,349000,375000,668000,641000,736000,351000,389000,693000,641000,720000,
trans: 201000,788000,475000,496000,527000,478000,571000,579000,581000,595000,574000,570000,587000,269000,258000,90000,297000,308000,287000,322000,305000,294000,312000,88000,327000,348000,327000,324000,103000,366000,357000,433000,372000,361000,684000,633000,628000,88000,706000,646000,651000,672000,614000,588000,562000,549000,524000,510000,424000,9369000,573000,580000,538000,512000,518000,808000,505000,510000,515000,505000,571000,578000,575000,594000,580000,586000,602000,277000,260000,85000,302000,311000,284000,315000,312000,298000,308000,91000,327000,355000,330000,380000,87000,367000,359000,377000,347000,361000,688000,639000,611000,100000,765000,667000,654000,686000,611000,591000,572000,551000,512000,505000,403000,1168000,1061000,988000,975000,953000,878000,
and_pos: 360000,
implies: 697000,
parsing: 172091000,
aci_simp: 1365000,1354000,1044000,1082000,1107000,1157000,1181000,1232000,1793000,1497000,1571000,1581000,1397000,1385000,1361000,1342000,1302000,1248000,1415000,1365000,1056000,1136000,1146000,1159000,1180000,1232000,1816000,1501000,1609000,1580000,2782000,2555000,2897000,2467000,2452000,2257000,
evaluate: 202000,219000,227000,199000,200000,227000,
onepoint: 1539000,1493000,1867000,5313000,1560000,1486000,1815000,5326000,
qnt_join: 380000,675000,519000,682000,
subproof: 1676000,
equiv_pos2: 111000,105000,680000,1312000,1901000,443000,
reordering: 469000,1601000,
resolution: 217000,221000,299000,253000,351000,497000,703000,947000,803000,356000,517000,
contraction: 1051000,
forall_inst: 2333000,
implies_neg1: 1886000,
implies_neg2: 973000,
__local_input: 317000,
qnt_rm_unused: 468000,1591000,809000,3612000,891000,5045000,477000,1595000,789000,3639000,918000,5050000,
connective_def: 1083000,1826000,
miniscope_split: 4276000,4229000,
__normalized_input: 4521000,1526000,1710000,1328000,
rare_rewrite_eq-refl: 83000,83000,86000,87000,94000,81000,83000,96000,
rare_rewrite_eq-symm: 103000,134000,94000,140000,4548000,102000,98000,138000,94000,134000,98000,162000,377000,
rare_rewrite_or-not-refl: 6326000,6387000,8922000,7285000,6404000,6479000,6537000,7275000,
rare_rewrite_bool-impl-elim: 6386000,11629000,
rare_rewrite_bool-or-de-morgan: 5765000,6306000,6798000,6359000,7015000,7111000,
rare_rewrite_bool-and-de-morgan: 6018000,6399000,6811000,7051000,6968000,7091000,7219000,5833000,6352000,6725000,7168000,7441000,23632000,12916000,
rare_rewrite_bool-double-not-elim: 105000,181000,261000,120000,114000,186000,291000,130000,

