1; Draft.Scratch_smt_check_7_3293; 2026-04-10 13:47:40.118;
bind: 228000,250000,301000,309000,197000,312000,307000,332000,199000,309000,150000,
cong: 154000,78000,153000,176000,89000,117000,128000,122000,69000,191000,80000,75000,90000,102000,160000,190000,92000,114000,83000,78000,50000,212000,83000,73000,95000,88000,122000,173000,210000,63000,57000,
refl: 86000,36000,36000,37000,39000,55000,
symm: 89000,144000,101000,
false: 12000,
trans: 132000,194000,218000,195000,205000,303000,295000,146000,166000,287000,291000,156000,168000,
choice: 72000,
equiv2: 147000,113000,
or_neg: 203000,256000,
or_pos: 269000,292000,
implies: 198000,
not_not: 140000,
parsing: 43189000,
aci_simp: 1065000,1026000,
evaluate: 235000,
subproof: 1177000,
equiv_pos2: 34000,144000,218000,81000,216000,79000,102000,191000,191000,78000,38000,
reordering: 407000,411000,
resolution: 107000,155000,166000,183000,250000,226000,216000,177000,246000,272000,319000,256000,318000,324000,271000,340000,323000,225000,238000,260000,324000,261000,145000,152000,235000,
sko_forall: 1178000,
contraction: 313000,293000,
forall_inst: 745000,894000,887000,682000,
implies_neg1: 245000,
implies_neg2: 259000,
__local_input: 75000,
connective_def: 259000,259000,
equiv_simplify: 247000,182000,
miniscope_split: 304000,
__normalized_input: 25993000,2847000,2100000,1211000,1023000,959000,
rare_rewrite_eq-symm: 139000,151000,139000,143000,158000,222000,138000,153000,
rare_rewrite_bool-eq-false: 6085000,
rare_rewrite_bool-impl-elim: 6401000,
rare_rewrite_bool-double-not-elim: 175000,216000,

