1; Draft.Scratch_smt_check_7_12059; 2026-04-10 13:47:40.232;
bind: 678000,651000,416000,364000,387000,352000,
cong: 581000,305000,180000,178000,173000,182000,177000,126000,143000,128000,145000,185000,204000,167000,396000,
refl: 19000,21000,81000,106000,
symm: 217000,
trans: 172000,263000,253000,
choice: 71000,
equiv1: 449000,279000,
equiv2: 265000,254000,243000,
or_neg: 342000,182000,217000,173000,333000,340000,330000,179000,228000,170000,200000,199000,179000,221000,165000,
or_pos: 278000,277000,304000,
and_pos: 344000,359000,442000,446000,425000,
implies: 594000,604000,
not_and: 317000,
not_not: 195000,188000,
parsing: 24760000,
evaluate: 257000,
subproof: 2311000,1657000,1584000,
and_intro: 326000,
equiv_pos2: 871000,428000,198000,256000,201000,220000,177000,192000,191000,30000,217000,184000,189000,173000,413000,
reordering: 275000,443000,709000,291000,435000,1503000,259000,429000,
resolution: 349000,388000,378000,683000,829000,732000,446000,427000,478000,534000,305000,653000,682000,308000,369000,596000,778000,348000,336000,375000,331000,579000,173000,221000,240000,269000,367000,193000,312000,364000,196000,225000,333000,348000,285000,269000,695000,630000,1041000,222000,211000,221000,284000,238000,240000,276000,327000,179000,345000,358000,290000,370000,
sko_forall: 1581000,1523000,1569000,
contraction: 956000,315000,727000,438000,505000,308000,795000,841000,296000,
forall_inst: 1704000,1701000,1027000,982000,932000,938000,
implies_neg1: 825000,496000,838000,
implies_neg2: 835000,309000,757000,
__local_input: 144000,71000,81000,43000,50000,71000,
equiv_simplify: 376000,339000,322000,371000,
implies_simplify: 556000,
__normalized_input: 923000,871000,982000,
rare_rewrite_eq-symm: 621000,
rare_rewrite_bool-impl-elim: 12553000,12813000,7230000,7165000,6539000,6440000,
rare_rewrite_bool-double-not-elim: 205000,109000,109000,266000,

