1; Draft.Scratch_smt_check_7_29569; 2026-04-10 13:49:31.577;
bind: 386000,532000,646000,604000,437000,314000,287000,246000,278000,240000,250000,
cong: 227000,219000,136000,90000,922000,224000,204000,78000,54000,287000,155000,97000,65000,194000,78000,62000,120000,125000,80000,100000,151000,
refl: 38000,21000,30000,36000,16000,32000,
symm: 101000,
trans: 349000,264000,388000,283000,168000,107000,152000,233000,219000,
choice: 96000,
equiv1: 259000,119000,120000,
equiv2: 258000,109000,106000,
or_neg: 515000,496000,598000,262000,262000,433000,167000,175000,207000,156000,200000,
or_pos: 234000,246000,211000,211000,
implies: 324000,131000,192000,
not_not: 257000,123000,131000,
parsing: 18165000,
aci_simp: 968000,
evaluate: 190000,
subproof: 2664000,1122000,1365000,
equiv_pos1: 93000,166000,51000,118000,
equiv_pos2: 224000,384000,578000,349000,299000,167000,44000,44000,140000,163000,159000,165000,59000,98000,105000,100000,
reordering: 715000,706000,237000,344000,221000,223000,278000,295000,242000,254000,
resolution: 444000,449000,403000,365000,368000,386000,400000,329000,449000,419000,529000,342000,340000,373000,364000,422000,1106000,1108000,484000,622000,683000,424000,414000,432000,563000,320000,340000,247000,207000,226000,481000,578000,369000,379000,216000,246000,314000,184000,156000,200000,190000,263000,269000,308000,265000,251000,224000,282000,313000,227000,211000,258000,309000,306000,331000,220000,283000,
sko_forall: 935000,
contraction: 931000,585000,463000,297000,213000,203000,244000,
forall_inst: 1403000,1638000,1825000,1382000,1458000,775000,732000,786000,811000,785000,727000,
implies_neg1: 227000,145000,232000,
implies_neg2: 457000,156000,212000,
__local_input: 109000,97000,110000,
connective_def: 445000,461000,203000,206000,
equiv_simplify: 411000,427000,185000,203000,197000,209000,
__normalized_input: 5731000,13014000,9907000,3808000,1134000,1115000,999000,1080000,1072000,
rare_rewrite_eq-refl: 101000,
rare_rewrite_bool-impl-elim: 12749000,6883000,6804000,6432000,6504000,
rare_rewrite_bool-and-de-morgan: 12589000,12115000,
rare_rewrite_bool-double-not-elim: 373000,197000,120000,104000,136000,

