1; Draft.Scratch_smt_check_7_17633; 2026-04-10 13:51:56.057;
bind: 504000,431000,256000,269000,266000,269000,
cong: 157000,169000,128000,69000,79000,135000,75000,73000,107000,84000,72000,69000,111000,213000,125000,
refl: 21000,21000,
symm: 278000,140000,136000,
trans: 445000,528000,241000,246000,281000,
implies: 255000,
parsing: 1968000,
subproof: 1264000,
equiv_pos2: 160000,128000,140000,243000,
reordering: 346000,
resolution: 423000,567000,534000,635000,398000,443000,281000,337000,
contraction: 360000,
forall_inst: 910000,
implies_neg1: 334000,
implies_neg2: 347000,
__local_input: 432000,
__normalized_input: 7122000,969000,803000,
rare_rewrite_eq-refl: 182000,
rare_rewrite_eq-symm: 301000,136000,168000,159000,140000,181000,
rare_rewrite_bool-eq-true: 6983000,

