1; Draft.Scratch_smt_check_7_5851; 2026-04-10 13:51:55.048;
bind: 649000,696000,638000,702000,1279000,1255000,1403000,1312000,
cong: 152000,136000,174000,80000,95000,232000,222000,73000,96000,92000,72000,68000,73000,227000,224000,75000,100000,72000,76000,63000,75000,527000,389000,170000,117000,122000,93000,78000,57000,51000,139000,164000,626000,296000,292000,437000,936000,306000,236000,292000,165000,130000,99000,87000,347000,421000,396000,130000,152000,124000,140000,99000,111000,420000,407000,180000,159000,126000,149000,98000,126000,919000,731000,317000,437000,1021000,
ite1: 417000,
refl: 33000,34000,69000,90000,60000,217000,52000,52000,220000,276000,377000,
symm: 156000,278000,733000,277000,371000,
true: 131000,
trans: 342000,563000,563000,366000,821000,704000,651000,1046000,1096000,794000,
equiv1: 1314000,1376000,959000,
equiv2: 597000,618000,
not_or: 362000,
or_neg: 974000,944000,917000,
and_neg: 928000,
and_pos: 1080000,956000,
implies: 564000,1171000,1026000,
not_not: 488000,
parsing: 19248000,
subproof: 1621000,3011000,3256000,
equiv_pos2: 157000,401000,442000,699000,705000,139000,1150000,1155000,322000,763000,786000,1309000,1322000,1374000,
reordering: 2178000,
resolution: 260000,379000,332000,470000,572000,593000,732000,653000,336000,476000,346000,565000,554000,728000,523000,761000,1341000,2024000,1204000,1357000,1213000,1485000,604000,526000,618000,675000,591000,813000,1082000,1081000,1537000,1265000,635000,917000,759000,
contraction: 801000,2596000,1585000,1646000,1621000,
forall_inst: 1332000,2488000,
implies_neg1: 765000,1412000,1741000,
implies_neg2: 745000,1518000,1640000,
__local_input: 457000,668000,179000,268000,
equiv_simplify: 1612000,806000,1581000,1250000,
__normalized_input: 14855000,1449000,739000,854000,
rare_rewrite_ite-eq: 26021000,
rare_rewrite_eq-refl: 778000,804000,
rare_rewrite_eq-symm: 342000,460000,469000,527000,183000,940000,973000,618000,944000,892000,1026000,
rare_rewrite_bool-double-not-elim: 675000,

