1; Draft.Scratch_smt_check_7_5204; 2026-04-10 13:52:00.043;
bind: 314000,617000,674000,569000,607000,579000,634000,592000,567000,580000,547000,586000,552000,292000,
cong: 31000,35000,51000,76000,37000,32000,81000,50000,83000,335000,114000,67000,209000,182000,72000,62000,76000,64000,77000,95000,312000,266000,213000,183000,337000,80000,67000,204000,180000,73000,69000,66000,64000,78000,91000,299000,379000,222000,176000,353000,196000,36000,25000,27000,192000,77000,73000,64000,60000,76000,81000,183000,30000,29000,55000,79000,85000,99000,42000,28000,27000,25000,75000,44000,72000,232000,
refl: 19000,23000,24000,22000,52000,35000,49000,24000,24000,22000,44000,36000,47000,23000,19000,21000,25000,19000,23000,46000,147000,144000,21000,21000,27000,54000,29000,50000,
symm: 251000,290000,248000,266000,280000,236000,261000,245000,225000,
trans: 279000,308000,616000,554000,660000,611000,398000,431000,591000,587000,543000,568000,401000,425000,227000,509000,418000,440000,507000,288000,266000,286000,228000,
equiv1: 241000,484000,248000,278000,
equiv2: 250000,
or_neg: 348000,359000,339000,355000,
or_pos: 570000,
and_neg: 428000,
and_pos: 298000,301000,316000,
implies: 598000,333000,
not_not: 279000,
parsing: 40621000,
aci_simp: 1621000,1350000,1646000,1291000,1316000,
subproof: 2306000,1319000,
equiv_pos2: 46000,56000,89000,315000,322000,607000,235000,45000,82000,55000,173000,
reordering: 820000,420000,601000,
resolution: 390000,395000,400000,309000,409000,399000,550000,582000,750000,820000,829000,560000,567000,334000,401000,545000,668000,1816000,584000,427000,434000,771000,323000,312000,364000,349000,319000,374000,358000,443000,
contraction: 870000,586000,397000,409000,
forall_inst: 1006000,1326000,972000,
implies_neg1: 767000,398000,
implies_neg2: 784000,354000,
__local_input: 233000,38000,46000,135000,
equiv_simplify: 320000,340000,306000,381000,
__normalized_input: 48011000,6575000,5771000,5326000,4927000,18094000,10275000,10055000,
rare_rewrite_eq-refl: 234000,228000,
rare_rewrite_eq-symm: 278000,274000,
rare_rewrite_bool-impl-elim: 7432000,7157000,7365000,6837000,6710000,
rare_rewrite_bool-and-de-morgan: 7080000,13404000,6964000,6392000,6350000,
rare_rewrite_bool-double-not-elim: 282000,

