1; Draft.Scratch_smt_check_7_32371; 2026-04-10 13:51:59.701;
bind: 411000,1002000,982000,328000,315000,321000,421000,409000,698000,643000,595000,722000,
cong: 145000,517000,314000,255000,409000,463000,223000,103000,144000,118000,201000,104000,153000,180000,348000,286000,102000,143000,94000,227000,227000,184000,331000,173000,223000,
refl: 41000,41000,38000,43000,41000,48000,44000,86000,61000,47000,87000,63000,
symm: 308000,
trans: 266000,284000,749000,614000,632000,578000,566000,473000,552000,547000,264000,289000,266000,277000,689000,493000,516000,
choice: 25000,26000,24000,25000,26000,29000,27000,67000,
or_neg: 221000,234000,250000,240000,221000,288000,312000,270000,257000,211000,234000,551000,567000,397000,463000,529000,436000,511000,557000,453000,530000,396000,
or_pos: 321000,558000,699000,1034000,606000,
implies: 261000,471000,458000,538000,
parsing: 20195000,
aci_simp: 1144000,1774000,1513000,1379000,1275000,1128000,1148000,2251000,
subproof: 1195000,2352000,2208000,3324000,
equiv_pos2: 215000,695000,93000,211000,103000,188000,95000,416000,197000,432000,397000,140000,269000,261000,210000,393000,190000,487000,
reordering: 266000,370000,267000,699000,1007000,575000,1807000,487000,711000,
resolution: 388000,395000,335000,242000,235000,283000,500000,635000,641000,302000,539000,322000,357000,352000,392000,434000,426000,454000,428000,391000,301000,505000,324000,372000,369000,402000,714000,807000,797000,690000,681000,475000,425000,631000,589000,796000,656000,714000,1981000,817000,773000,760000,792000,733000,678000,603000,698000,840000,938000,750000,692000,
sko_forall: 1906000,3445000,4001000,3463000,
contraction: 300000,412000,369000,290000,789000,719000,633000,802000,673000,539000,885000,
forall_inst: 1396000,950000,1722000,1768000,1634000,
implies_neg1: 308000,564000,539000,728000,
implies_neg2: 309000,526000,523000,663000,
__local_input: 170000,257000,263000,398000,
__normalized_input: 6225000,6090000,6295000,3510000,2509000,1291000,1504000,1259000,1329000,1470000,
rare_rewrite_bool-impl-elim: 6255000,7159000,5986000,5906000,6128000,6369000,11953000,12368000,11929000,12347000,
rare_rewrite_bool-and-de-morgan: 6044000,6179000,6450000,6836000,6021000,17133000,11985000,
rare_rewrite_bool-double-not-elim: 196000,279000,191000,579000,388000,570000,347000,

