1; Draft.Scratch_smt_check_7_18624; 2026-04-10 13:49:39.575;
bind: 196000,233000,212000,211000,215000,228000,
cong: 69000,114000,83000,101000,68000,78000,109000,77000,105000,93000,81000,195000,119000,114000,175000,122000,
refl: 37000,30000,35000,22000,39000,
symm: 93000,94000,187000,
false: 13000,
trans: 89000,93000,107000,172000,186000,111000,96000,107000,176000,186000,104000,106000,110000,129000,130000,113000,102000,103000,235000,235000,
equiv1: 85000,
implies: 116000,143000,
parsing: 6172000,
evaluate: 246000,470000,513000,565000,
subproof: 1150000,
and_intro: 90000,
poly_simp: 2672000,2280000,2253000,2371000,3184000,4138000,
equiv_pos2: 35000,48000,128000,50000,129000,401000,77000,125000,
la_generic: 8127000,11617000,
resolution: 126000,169000,189000,175000,237000,159000,147000,180000,210000,290000,266000,271000,342000,312000,187000,269000,265000,
contraction: 272000,
forall_inst: 714000,
la_mult_neg: 219000,
implies_neg1: 234000,
implies_neg2: 219000,
__local_input: 131000,
poly_simp_rel: 965000,928000,928000,957000,
equiv_simplify: 169000,
__normalized_input: 1509000,1051000,1287000,
rare_rewrite_eq-refl: 188000,
rare_rewrite_eq-symm: 152000,108000,106000,150000,91000,99000,104000,290000,
rare_rewrite_bool-eq-true: 5898000,
rare_rewrite_arith-elim-lt: 6379000,5929000,5901000,11432000,
rare_rewrite_arith-geq-tighten: 5941000,22729000,
rare_rewrite_bool-double-not-elim: 117000,100000,111000,120000,120000,

