1; Draft.Scratch_smt_check_7_4713; 2026-04-10 13:44:51.069;
bind: 189000,162000,382000,363000,305000,341000,270000,
cong: 88000,87000,190000,218000,202000,156000,130000,221000,254000,136000,166000,
refl: 64000,
trans: 142000,96000,217000,309000,154000,244000,180000,
choice: 155000,
or_neg: 253000,316000,209000,286000,303000,274000,
or_pos: 312000,315000,
implies: 250000,
parsing: 10179000,
subproof: 2569000,
poly_simp: 1745000,3094000,3309000,
equiv_pos2: 193000,290000,255000,223000,245000,286000,199000,
reordering: 350000,338000,354000,381000,
resolution: 214000,257000,320000,277000,317000,405000,243000,408000,506000,260000,464000,440000,435000,522000,531000,590000,354000,404000,
sko_forall: 1988000,
contraction: 390000,424000,381000,
forall_inst: 1228000,1210000,
implies_neg1: 372000,
implies_neg2: 330000,
__local_input: 92000,
poly_simp_rel: 978000,1867000,1920000,
__normalized_input: 5402000,943000,1111000,
rare_rewrite_arith-elim-lt: 21211000,11004000,26890000,
rare_rewrite_bool-impl-elim: 5861000,10932000,11068000,11451000,
rare_rewrite_bool-double-not-elim: 150000,177000,171000,

