1; Draft.Scratch_smt_check_7_31721; 2026-04-10 13:44:51.116;
cong: 168000,216000,134000,142000,88000,113000,61000,104000,90000,166000,159000,182000,114000,115000,148000,84000,120000,85000,395000,
refl: 30000,41000,25000,30000,40000,81000,
trans: 229000,191000,226000,
equiv1: 211000,
equiv2: 302000,
or_neg: 295000,347000,319000,
and_neg: 394000,
and_pos: 319000,293000,
implies: 318000,
not_not: 241000,
parsing: 2543000,
subproof: 2112000,
equiv_pos2: 180000,126000,111000,204000,4180000,388000,
reordering: 458000,686000,
resolution: 300000,365000,299000,336000,681000,736000,611000,505000,453000,764000,322000,300000,430000,408000,367000,
contraction: 641000,471000,494000,
implies_neg1: 436000,
implies_neg2: 370000,
__local_input: 47000,60000,
equiv_simplify: 466000,323000,
__normalized_input: 4721000,885000,807000,1093000,
rare_rewrite_eq-symm: 210000,222000,
rare_rewrite_bool-double-not-elim: 314000,

