1; Draft.Scratch_smt_check_7_14152; 2026-04-10 13:44:51.422;
bind: 321000,303000,319000,343000,334000,343000,
cong: 180000,181000,179000,185000,122000,313000,111000,121000,84000,209000,254000,194000,374000,114000,114000,102000,116000,113000,124000,83000,351000,111000,343000,695000,
refl: 29000,42000,37000,79000,
symm: 152000,160000,154000,173000,139000,173000,
trans: 245000,257000,245000,274000,165000,156000,267000,259000,269000,113000,231000,188000,137000,148000,138000,149000,163000,176000,163000,
equiv1: 355000,144000,81000,
or_neg: 237000,248000,239000,228000,
and_pos: 219000,227000,224000,215000,228000,227000,213000,235000,315000,
implies: 251000,198000,188000,343000,251000,325000,257000,
not_and: 249000,
parsing: 33813000,
evaluate: 245000,127000,193000,234000,275000,
subproof: 2017000,1093000,1021000,1305000,1984000,1980000,1965000,
and_intro: 134000,119000,218000,215000,
poly_simp: 4006000,3850000,3653000,4671000,4622000,3815000,2096000,2024000,2072000,2060000,1418000,1524000,4399000,2318000,2510000,2211000,2212000,4743000,4630000,3952000,4585000,4479000,4653000,4758000,4093000,
equiv_pos2: 170000,258000,226000,279000,870000,105000,100000,114000,91000,213000,118000,111000,87000,91000,194000,242000,234000,414000,118000,111000,246000,230000,408000,592000,
la_generic: 8279000,
reordering: 329000,679000,1080000,611000,
resolution: 341000,402000,406000,241000,374000,428000,550000,463000,317000,381000,554000,1621000,272000,271000,354000,293000,701000,111000,189000,193000,175000,206000,218000,175000,353000,202000,219000,209000,250000,186000,201000,160000,261000,593000,582000,1131000,245000,276000,274000,305000,380000,437000,534000,497000,259000,409000,330000,505000,453000,702000,328000,259000,380000,427000,521000,466000,257000,381000,
contraction: 450000,532000,298000,339000,156000,502000,573000,494000,408000,513000,433000,
forall_inst: 1204000,1252000,1208000,
la_mult_neg: 293000,285000,
implies_neg1: 367000,157000,356000,368000,374000,497000,936000,
implies_neg2: 364000,224000,114000,515000,355000,376000,376000,
__local_input: 91000,38000,26000,28000,35000,113000,107000,35000,42000,38000,61000,53000,41000,
poly_simp_rel: 1837000,1862000,1718000,1735000,1768000,959000,974000,1017000,1191000,1012000,1804000,1892000,1795000,1756000,1728000,1874000,1760000,1767000,
equiv_simplify: 158000,
implies_simplify: 413000,212000,
__normalized_input: 1351000,1094000,923000,903000,
rare_rewrite_arith-elim-lt: 11095000,10944000,5586000,5996000,6801000,6463000,6581000,5989000,29202000,
rare_rewrite_bool-double-not-elim: 306000,157000,151000,291000,

