1; Draft.Scratch_smt_check_7_8449; 2026-04-10 13:48:00.823;
bind: 373000,357000,348000,359000,
cong: 155000,152000,135000,74000,66000,64000,164000,95000,76000,59000,55000,70000,174000,195000,155000,84000,159000,127000,74000,56000,56000,53000,170000,
refl: 63000,51000,67000,
trans: 309000,225000,253000,231000,299000,233000,248000,
or_pos: 333000,323000,
and_neg: 325000,
and_pos: 297000,329000,
implies: 196000,369000,
parsing: 12146000,
aci_simp: 1155000,1106000,
subproof: 1070000,1287000,
equiv_pos2: 186000,242000,221000,233000,
reordering: 513000,505000,722000,495000,
resolution: 213000,297000,286000,349000,344000,204000,351000,325000,339000,217000,434000,477000,424000,563000,208000,263000,334000,326000,
contraction: 390000,485000,513000,
forall_inst: 959000,840000,764000,1367000,
implies_neg1: 245000,535000,
implies_neg2: 282000,474000,
__local_input: 49000,40000,80000,
__normalized_input: 22157000,12335000,3784000,3799000,4366000,1000000,
rare_rewrite_eq-symm: 234000,
rare_rewrite_bool-impl-elim: 7038000,6035000,
rare_rewrite_bool-and-de-morgan: 5998000,5688000,

