1; Draft.Scratch_smt_check_7_4634; 2026-04-10 13:48:04.806;
bind: 197000,216000,212000,174000,354000,371000,338000,339000,
cong: 113000,60000,109000,52000,75000,119000,122000,99000,109000,87000,190000,113000,181000,83000,121000,186000,195000,166000,167000,358000,268000,126000,
refl: 23000,22000,23000,22000,24000,22000,26000,28000,44000,74000,42000,39000,44000,37000,41000,54000,55000,
symm: 78000,152000,
trans: 178000,182000,180000,177000,190000,161000,166000,148000,130000,421000,356000,325000,321000,322000,303000,298000,276000,
or_pos: 266000,
implies: 210000,
parsing: 7774000,
aci_simp: 917000,922000,1714000,1775000,
subproof: 1599000,
equiv_pos2: 121000,53000,235000,488000,
reordering: 326000,
resolution: 286000,278000,257000,185000,306000,369000,465000,305000,11423000,
contraction: 303000,
forall_inst: 1349000,
implies_neg1: 495000,
implies_neg2: 291000,
__local_input: 112000,
connective_def: 232000,426000,
__normalized_input: 995000,959000,1052000,940000,1309000,
rare_rewrite_eq-symm: 101000,116000,126000,190000,199000,240000,
rare_rewrite_bool-and-de-morgan: 5926000,6233000,10358000,10840000,
rare_rewrite_bool-double-not-elim: 174000,461000,

