1; Draft.Scratch_smt_check_7_17566; 2026-04-10 13:48:05.169;
cong: 166000,177000,89000,344000,271000,132000,89000,93000,236000,165000,256000,366000,379000,121000,84000,98000,
refl: 91000,61000,57000,71000,63000,
trans: 192000,194000,
choice: 34000,87000,
equiv1: 274000,287000,
or_neg: 179000,217000,281000,315000,
implies: 154000,389000,263000,233000,452000,242000,
parsing: 13664000,
subproof: 1295000,2257000,2018000,2149000,2169000,2031000,
equiv_pos1: 139000,133000,
equiv_pos2: 168000,309000,352000,463000,310000,156000,273000,485000,459000,
not_equiv1: 271000,
not_equiv2: 310000,
reordering: 640000,579000,
resolution: 171000,184000,294000,312000,239000,284000,358000,422000,322000,472000,654000,590000,352000,315000,239000,319000,619000,519000,550000,451000,307000,496000,480000,441000,482000,415000,319000,457000,507000,612000,582000,386000,339000,437000,464000,343000,
sko_forall: 1930000,1780000,
contraction: 259000,306000,539000,411000,439000,375000,538000,345000,
forall_inst: 1405000,1300000,1522000,1350000,
implies_neg1: 366000,523000,357000,308000,536000,304000,
implies_neg2: 195000,534000,367000,326000,518000,284000,
__local_input: 160000,113000,124000,97000,108000,124000,
equiv_simplify: 462000,397000,
__normalized_input: 1248000,1485000,
rare_rewrite_eq-refl: 204000,240000,
rare_rewrite_eq-symm: 380000,
rare_rewrite_bool-double-not-elim: 321000,280000,

