1; Draft.Scratch_smt_check_7_21457; 2026-04-10 13:48:04.915;
bind: 211000,229000,346000,331000,337000,318000,223000,381000,
cong: 99000,75000,59000,172000,129000,153000,101000,172000,113000,148000,98000,286000,197000,144000,
refl: 51000,44000,
symm: 92000,
trans: 182000,110000,292000,224000,247000,166000,192000,131000,284000,220000,233000,170000,184000,129000,179000,
equiv1: 83000,
equiv2: 87000,
or_pos: 274000,186000,
implies: 260000,152000,
parsing: 12925000,
aci_simp: 1085000,983000,939000,1108000,944000,912000,
subproof: 2131000,1301000,
equiv_pos2: 145000,230000,226000,360000,49000,37000,245000,
reordering: 371000,179000,205000,
resolution: 223000,255000,192000,140000,148000,161000,264000,363000,323000,363000,454000,596000,340000,316000,181000,304000,339000,220000,271000,
contraction: 409000,236000,
forall_inst: 793000,1250000,
implies_neg1: 365000,384000,
implies_neg2: 356000,192000,
__local_input: 121000,135000,
equiv_simplify: 173000,159000,
__normalized_input: 10684000,3348000,845000,919000,826000,797000,1015000,
rare_rewrite_eq-symm: 93000,71000,144000,95000,71000,124000,120000,
rare_rewrite_bool-eq-true: 6338000,11284000,
rare_rewrite_bool-impl-elim: 5725000,8401000,6147000,20748000,
rare_rewrite_bool-and-de-morgan: 6004000,6043000,5528000,5706000,
rare_rewrite_bool-double-not-elim: 106000,

