1; Draft.Scratch_smt_check_7_23139; 2026-04-10 13:48:04.777;
bind: 697000,629000,480000,466000,336000,199000,362000,360000,
cong: 303000,233000,197000,200000,302000,145000,139000,439000,156000,130000,123000,171000,121000,106000,235000,145000,157000,178000,130000,131000,171000,181000,
refl: 46000,47000,26000,38000,52000,32000,
symm: 157000,
trans: 534000,381000,411000,419000,478000,411000,386000,395000,318000,204000,190000,298000,211000,223000,222000,211000,220000,222000,
choice: 56000,
equiv1: 394000,
equiv2: 207000,207000,
or_neg: 291000,319000,284000,163000,188000,158000,214000,227000,155000,
or_pos: 210000,186000,201000,275000,
and_neg: 223000,167000,
and_pos: 308000,266000,306000,284000,151000,149000,150000,136000,195000,169000,133000,
implies: 289000,345000,363000,183000,173000,288000,
not_and: 317000,
not_not: 201000,
parsing: 25178000,
aci_simp: 1879000,1876000,1785000,1645000,1001000,1011000,
evaluate: 334000,
subproof: 2303000,2006000,1999000,1106000,1104000,1251000,1659000,
and_intro: 137000,
equiv_pos1: 45000,105000,
equiv_pos2: 493000,182000,424000,527000,45000,119000,112000,98000,186000,232000,99000,244000,
not_equiv1: 140000,
not_equiv2: 158000,
reordering: 646000,510000,767000,456000,212000,204000,265000,213000,420000,183000,335000,397000,277000,243000,242000,176000,376000,
resolution: 635000,531000,586000,337000,355000,347000,608000,416000,549000,548000,367000,424000,443000,476000,327000,293000,530000,634000,545000,355000,361000,613000,608000,341000,365000,425000,380000,1035000,275000,270000,333000,269000,427000,314000,570000,173000,248000,284000,167000,194000,239000,259000,167000,331000,345000,369000,316000,290000,146000,177000,2070000,237000,307000,177000,301000,340000,225000,447000,542000,349000,326000,
sko_forall: 1064000,
contraction: 420000,640000,602000,440000,429000,521000,295000,240000,325000,282000,243000,394000,
forall_inst: 1531000,1261000,1365000,1369000,838000,660000,688000,865000,
implies_neg1: 388000,532000,381000,266000,241000,243000,370000,
implies_neg2: 341000,481000,269000,273000,233000,227000,336000,
__local_input: 111000,134000,33000,40000,68000,22000,23000,50000,69000,88000,108000,
equiv_simplify: 335000,315000,
implies_simplify: 508000,
__normalized_input: 3757000,2947000,2594000,1827000,999000,535000,761000,
rare_rewrite_eq-refl: 148000,
rare_rewrite_eq-symm: 165000,
rare_rewrite_bool-impl-elim: 11376000,5809000,
rare_rewrite_bool-impl-false1: 13653000,11811000,5629000,6241000,
rare_rewrite_bool-and-de-morgan: 11116000,11091000,11176000,5539000,6052000,5824000,
rare_rewrite_bool-double-not-elim: 254000,110000,135000,192000,120000,

