1; Draft.Scratch_smt_check_7_184; 2026-04-10 13:48:05.010;
bind: 597000,615000,450000,409000,319000,594000,597000,388000,454000,280000,228000,172000,189000,222000,194000,345000,326000,183000,137000,177000,186000,
cong: 340000,305000,408000,1126000,304000,419000,358000,234000,130000,108000,68000,62000,73000,81000,65000,58000,83000,122000,66000,87000,119000,148000,197000,171000,116000,53000,59000,60000,51000,95000,100000,116000,168000,98000,101000,207000,111000,65000,59000,80000,129000,77000,
refl: 29000,27000,26000,35000,45000,32000,26000,49000,26000,
symm: 93000,85000,
trans: 581000,514000,543000,513000,528000,362000,578000,522000,566000,514000,530000,349000,210000,171000,319000,244000,265000,162000,
choice: 22000,24000,28000,49000,
or_neg: 164000,213000,152000,166000,133000,215000,238000,163000,176000,143000,
or_pos: 288000,345000,
implies: 577000,142000,130000,206000,148000,
parsing: 28737000,
aci_simp: 2087000,2155000,2259000,2085000,1151000,
subproof: 3368000,1054000,1069000,1055000,1012000,
equiv_pos2: 534000,478000,473000,105000,105000,149000,77000,134000,121000,233000,66000,55000,92000,96000,107000,189000,201000,109000,104000,154000,
reordering: 418000,182000,484000,204000,
resolution: 267000,307000,356000,499000,620000,612000,706000,952000,1010000,625000,598000,173000,180000,357000,240000,277000,284000,170000,230000,271000,264000,225000,287000,285000,252000,156000,271000,277000,325000,333000,151000,198000,220000,233000,267000,342000,371000,280000,392000,328000,300000,244000,276000,253000,270000,265000,170000,258000,
sko_forall: 954000,977000,1746000,
contraction: 1026000,219000,225000,196000,208000,310000,300000,221000,248000,
forall_inst: 833000,668000,800000,621000,679000,
implies_neg1: 426000,205000,176000,242000,185000,
implies_neg2: 781000,173000,167000,227000,165000,
__local_input: 125000,82000,60000,53000,57000,
__normalized_input: 12968000,7028000,5602000,625000,507000,602000,
rare_rewrite_eq-symm: 121000,112000,112000,118000,119000,122000,
rare_rewrite_bool-impl-elim: 5766000,5749000,
rare_rewrite_bool-impl-false1: 11482000,11273000,12226000,10616000,10582000,11639000,
rare_rewrite_bool-and-de-morgan: 11679000,12243000,11619000,13543000,11800000,10618000,5738000,
rare_rewrite_bool-double-not-elim: 122000,205000,107000,185000,118000,

