1; Draft.Scratch_smt_check_7_6191; 2026-04-10 13:48:05.565;
bind: 182000,176000,196000,215000,228000,238000,222000,238000,227000,167000,251000,212000,260000,145000,200000,201000,242000,229000,257000,225000,294000,408000,454000,391000,329000,349000,550000,435000,414000,413000,314000,313000,247000,216000,251000,227000,
cong: 156000,84000,43000,48000,171000,108000,196000,142000,127000,82000,50000,110000,68000,45000,85000,114000,147000,94000,100000,70000,133000,89000,97000,95000,328000,107000,63000,221000,165000,69000,113000,107000,180000,158000,82000,42000,50000,61000,177000,78000,200000,115000,119000,51000,54000,83000,217000,128000,70000,54000,112000,81000,49000,85000,111000,164000,190000,119000,82000,193000,121000,76000,139000,189000,226000,461000,299000,271000,195000,125000,89000,169000,134000,91000,144000,182000,263000,152000,108000,74000,57000,126000,70000,47000,90000,113000,145000,266000,
ite1: 109000,
ite2: 113000,116000,
refl: 35000,41000,36000,42000,71000,36000,31000,16000,23000,37000,42000,51000,39000,58000,35000,60000,62000,88000,59000,57000,35000,32000,51000,
symm: 112000,114000,119000,86000,115000,227000,208000,160000,218000,
true: 47000,53000,
trans: 140000,143000,161000,205000,211000,144000,146000,143000,131000,127000,132000,142000,132000,211000,210000,206000,399000,203000,259000,231000,377000,393000,206000,218000,
choice: 31000,34000,66000,
equiv1: 173000,144000,188000,350000,554000,
equiv2: 166000,170000,118000,156000,150000,306000,312000,
or_neg: 166000,176000,193000,156000,180000,169000,190000,183000,163000,193000,186000,196000,203000,203000,258000,204000,221000,222000,217000,156000,190000,268000,310000,284000,316000,318000,389000,374000,395000,360000,278000,346000,156000,186000,
or_pos: 273000,227000,241000,210000,226000,243000,391000,420000,412000,429000,277000,270000,
and_neg: 202000,
and_pos: 155000,169000,167000,165000,159000,213000,209000,209000,205000,206000,217000,226000,211000,509000,404000,355000,362000,352000,369000,420000,352000,
implies: 154000,140000,130000,143000,162000,223000,174000,167000,168000,170000,131000,337000,234000,267000,256000,569000,260000,133000,
not_and: 226000,390000,
not_not: 120000,138000,248000,
parsing: 54097000,
aci_simp: 1056000,
evaluate: 189000,328000,
subproof: 1071000,1010000,1063000,1062000,1031000,1071000,1072000,1099000,1100000,1086000,1149000,1050000,1272000,1967000,2174000,2521000,2351000,2309000,1997000,1067000,
and_intro: 135000,236000,504000,
equiv_pos1: 45000,51000,43000,73000,
equiv_pos2: 118000,120000,185000,42000,139000,143000,157000,46000,143000,137000,53000,143000,154000,48000,158000,46000,69000,115000,124000,102000,157000,84000,81000,143000,185000,125000,273000,82000,86000,130000,134000,213000,137000,144000,168000,200000,97000,187000,204000,155000,48000,157000,49000,63000,116000,127000,28000,300000,95000,329000,87000,120000,245000,258000,478000,80000,381000,222000,225000,313000,409000,88000,297000,93000,143000,219000,222000,76000,45000,220000,120000,165000,159000,49000,153000,48000,70000,114000,128000,45000,216000,
not_equiv1: 119000,
not_equiv2: 126000,
reordering: 196000,173000,220000,237000,262000,387000,287000,295000,304000,227000,299000,340000,242000,211000,351000,344000,294000,902000,288000,303000,954000,550000,674000,526000,1434000,577000,686000,364000,1725000,308000,305000,216000,
resolution: 212000,169000,164000,234000,278000,275000,275000,156000,244000,186000,186000,1994000,224000,213000,203000,174000,169000,241000,352000,376000,177000,236000,161000,224000,260000,252000,168000,291000,271000,162000,210000,252000,257000,180000,267000,274000,223000,296000,299000,223000,209000,243000,265000,189000,195000,264000,1458000,234000,191000,267000,300000,276000,276000,283000,231000,240000,291000,278000,204000,221000,241000,204000,330000,388000,353000,212000,171000,203000,159000,232000,257000,305000,290000,161000,230000,346000,362000,229000,212000,218000,196000,390000,420000,346000,295000,286000,431000,171000,299000,291000,439000,170000,149000,206000,319000,328000,252000,318000,306000,244000,193000,529000,1518000,243000,259000,311000,281000,866000,162000,173000,156000,221000,254000,270000,177000,267000,263000,232000,294000,266000,214000,207000,246000,276000,205000,173000,219000,484000,469000,942000,153000,202000,244000,285000,328000,444000,457000,364000,465000,467000,360000,354000,442000,441000,360000,634000,654000,912000,2571000,399000,404000,632000,479000,1516000,263000,323000,279000,297000,364000,420000,464000,486000,309000,414000,282000,381000,445000,455000,315000,447000,606000,472000,541000,501000,492000,382000,415000,506000,360000,314000,391000,757000,707000,1766000,312000,270000,393000,432000,495000,452000,274000,405000,158000,212000,252000,286000,196000,258000,250000,231000,274000,264000,211000,212000,257000,281000,219000,
sko_forall: 963000,969000,1104000,946000,1723000,1694000,937000,
contraction: 228000,291000,214000,221000,216000,238000,212000,235000,336000,251000,295000,336000,239000,253000,240000,246000,284000,254000,529000,291000,366000,220000,203000,462000,507000,405000,386000,562000,931000,513000,692000,456000,473000,400000,804000,921000,406000,220000,204000,
forall_inst: 693000,720000,1241000,699000,685000,779000,722000,743000,748000,710000,703000,737000,675000,728000,750000,765000,1453000,1380000,1509000,1505000,1323000,708000,799000,743000,
implies_neg1: 192000,196000,154000,194000,227000,284000,226000,246000,247000,229000,144000,323000,278000,917000,351000,274000,588000,191000,146000,408000,
implies_neg2: 181000,190000,173000,187000,221000,318000,214000,219000,249000,229000,229000,154000,460000,275000,385000,330000,322000,776000,343000,158000,
__local_input: 116000,71000,57000,53000,66000,51000,76000,28000,28000,27000,46000,61000,51000,32000,27000,22000,43000,67000,38000,49000,61000,60000,105000,70000,55000,46000,36000,68000,79000,58000,20000,25000,34000,38000,
connective_def: 183000,196000,184000,202000,385000,325000,341000,352000,192000,186000,
equiv_simplify: 249000,190000,220000,296000,223000,237000,439000,429000,
implies_simplify: 405000,718000,
__normalized_input: 7877000,7420000,7528000,7881000,6766000,7289000,6337000,6179000,6341000,3883000,3599000,516000,611000,
rare_rewrite_ite-eq: 6024000,5932000,
rare_rewrite_eq-refl: 110000,119000,
rare_rewrite_eq-symm: 124000,128000,122000,122000,136000,132000,120000,164000,126000,77000,140000,109000,132000,105000,139000,121000,148000,228000,226000,228000,250000,221000,120000,
rare_rewrite_bool-impl-elim: 5845000,5884000,5876000,5812000,6112000,6111000,17392000,11535000,11421000,11350000,6144000,6076000,
rare_rewrite_bool-and-de-morgan: 5791000,
rare_rewrite_bool-double-not-elim: 107000,103000,139000,150000,96000,119000,192000,101000,132000,232000,375000,216000,191000,243000,106000,131000,170000,

