1; Draft.Scratch_smt_check_7_31203; 2026-04-10 13:48:59.981;
bind: 279000,272000,269000,
cong: 258000,117000,
trans: 286000,195000,
and_neg: 412000,
and_pos: 364000,438000,378000,
implies: 324000,487000,
parsing: 6549000,
subproof: 1270000,1404000,
equiv_pos2: 140000,137000,291000,138000,
reordering: 645000,1280000,
resolution: 289000,250000,287000,374000,424000,405000,280000,314000,239000,572000,798000,506000,900000,244000,312000,275000,
contraction: 472000,607000,653000,
forall_inst: 913000,844000,875000,844000,
implies_neg1: 393000,697000,
implies_neg2: 442000,591000,
__local_input: 141000,37000,85000,45000,
__normalized_input: 3009000,2878000,2475000,2597000,
rare_rewrite_eq-symm: 242000,240000,365000,240000,

