1; Draft.Scratch_smt_check_7_2512; 2026-04-10 13:49:00.433;
bind: 253000,260000,211000,303000,239000,349000,475000,387000,596000,452000,465000,523000,495000,
cong: 128000,84000,193000,152000,131000,125000,166000,104000,216000,217000,152000,270000,249000,224000,195000,94000,142000,186000,
refl: 37000,83000,77000,76000,48000,105000,76000,129000,57000,153000,142000,138000,60000,
symm: 193000,256000,242000,515000,
trans: 143000,164000,196000,204000,203000,218000,190000,198000,282000,233000,254000,164000,173000,340000,377000,360000,365000,339000,357000,307000,393000,413000,503000,391000,364000,370000,355000,332000,
equiv1: 311000,
equiv2: 211000,
or_pos: 239000,205000,223000,382000,466000,426000,422000,701000,435000,469000,389000,
and_neg: 423000,
and_pos: 170000,316000,300000,292000,339000,
implies: 356000,
parsing: 9223000,
aci_simp: 991000,993000,1076000,942000,2035000,2091000,2081000,1978000,
subproof: 2235000,
equiv_pos2: 156000,137000,242000,102000,195000,274000,217000,410000,195000,247000,320000,
reordering: 301000,232000,390000,238000,233000,418000,578000,462000,560000,1243000,576000,909000,785000,484000,482000,604000,453000,
resolution: 227000,197000,226000,228000,282000,288000,198000,221000,275000,159000,236000,239000,325000,338000,430000,327000,278000,421000,186000,280000,426000,759000,522000,336000,418000,352000,562000,792000,523000,513000,1303000,334000,344000,368000,418000,323000,473000,449000,619000,1559000,420000,526000,408000,517000,530000,
contraction: 480000,573000,
forall_inst: 721000,778000,722000,847000,911000,791000,872000,1389000,1330000,1490000,1714000,1452000,1495000,
implies_neg1: 457000,
implies_neg2: 417000,
__local_input: 47000,95000,86000,
connective_def: 276000,537000,
equiv_simplify: 386000,487000,
miniscope_split: 589000,
__normalized_input: 10000000,6953000,6492000,6676000,5102000,5127000,5488000,4993000,4674000,2738000,602000,831000,
rare_rewrite_eq-symm: 130000,246000,
rare_rewrite_bool-impl-elim: 5873000,6000000,6217000,11971000,11985000,11917000,12032000,
rare_rewrite_bool-and-de-morgan: 5691000,5800000,6035000,5738000,5914000,12341000,11583000,12218000,12524000,11880000,

