1; Draft.Scratch_smt_check_7_11115; 2026-04-10 13:49:00.270;
bind: 369000,351000,248000,312000,261000,249000,337000,262000,221000,398000,475000,440000,655000,670000,383000,
cong: 109000,93000,59000,195000,119000,100000,64000,207000,160000,195000,85000,137000,79000,50000,60000,82000,61000,165000,120000,145000,96000,65000,156000,231000,192000,206000,193000,166000,96000,326000,226000,161000,106000,322000,521000,
refl: 31000,31000,84000,48000,16000,23000,17000,58000,28000,57000,81000,28000,46000,52000,142000,71000,
symm: 101000,112000,109000,127000,342000,212000,385000,224000,
trans: 356000,295000,328000,206000,221000,287000,234000,213000,240000,269000,219000,236000,522000,472000,407000,540000,661000,597000,602000,
equiv1: 193000,
equiv2: 333000,
or_neg: 559000,571000,608000,632000,
or_pos: 314000,242000,359000,602000,360000,758000,405000,429000,189000,308000,
and_neg: 202000,355000,393000,
and_pos: 678000,715000,749000,
implies: 794000,
not_not: 286000,
parsing: 50133000,
aci_simp: 1205000,1173000,1159000,1103000,1988000,2243000,
subproof: 2561000,
equiv_pos1: 102000,76000,192000,149000,
equiv_pos2: 124000,219000,188000,179000,166000,188000,216000,293000,102000,144000,267000,242000,483000,96000,415000,
reordering: 468000,447000,355000,301000,359000,430000,797000,437000,1095000,615000,537000,672000,2146000,850000,614000,592000,750000,215000,497000,
resolution: 243000,237000,270000,347000,355000,222000,218000,233000,236000,245000,232000,294000,312000,204000,278000,356000,349000,234000,295000,323000,182000,220000,284000,357000,403000,485000,355000,370000,350000,444000,488000,1176000,3184000,1010000,903000,757000,1565000,374000,320000,409000,388000,387000,422000,457000,420000,507000,467000,431000,425000,488000,581000,580000,331000,398000,465000,
contraction: 1649000,1185000,1184000,
forall_inst: 899000,773000,872000,941000,989000,903000,1314000,1407000,1427000,1500000,1440000,1643000,1450000,1853000,752000,
implies_neg1: 590000,
implies_neg2: 838000,
__local_input: 45000,85000,112000,
equiv_simplify: 488000,497000,
__normalized_input: 18344000,17278000,5333000,4185000,3959000,3723000,2446000,2265000,1694000,1193000,942000,676000,470000,731000,
rare_rewrite_eq-symm: 176000,
rare_rewrite_bool-impl-elim: 6497000,6146000,6139000,6599000,22126000,11786000,12155000,11951000,12366000,12333000,
rare_rewrite_bool-and-de-morgan: 5991000,6019000,5902000,5909000,11230000,11086000,
rare_rewrite_bool-double-not-elim: 201000,

