1; Draft.Scratch_smt_check_7_29923; 2026-04-10 13:50:19.901;
bind: 450000,474000,462000,428000,455000,352000,503000,496000,500000,320000,300000,
cong: 328000,173000,230000,183000,214000,182000,129000,115000,112000,119000,67000,193000,75000,101000,46000,54000,39000,73000,
refl: 192000,128000,78000,46000,41000,32000,48000,22000,21000,19000,88000,
symm: 416000,103000,
trans: 437000,442000,507000,477000,423000,362000,371000,331000,531000,251000,118000,
not_or: 400000,246000,
or_pos: 385000,504000,284000,
and_neg: 195000,219000,
implies: 405000,409000,
parsing: 27948000,
aci_simp: 1840000,2037000,
qnt_join: 504000,
subproof: 2136000,1203000,
equiv_pos1: 93000,82000,47000,45000,56000,76000,
equiv_pos2: 414000,329000,295000,133000,291000,294000,158000,223000,79000,166000,
reordering: 498000,477000,508000,413000,523000,256000,250000,285000,260000,343000,272000,346000,
resolution: 439000,388000,359000,584000,617000,562000,355000,401000,365000,477000,531000,617000,493000,343000,386000,421000,442000,510000,421000,503000,532000,436000,481000,421000,400000,389000,544000,614000,544000,336000,224000,313000,241000,235000,421000,306000,307000,
contraction: 590000,640000,
forall_inst: 1377000,1366000,1460000,1344000,1267000,1453000,1498000,819000,956000,859000,
implies_neg1: 496000,271000,
implies_neg2: 478000,247000,
__local_input: 214000,211000,
miniscope_split: 650000,
__normalized_input: 16277000,15953000,3979000,3622000,3660000,3508000,3391000,3230000,2112000,2069000,2135000,762000,
rare_rewrite_eq-symm: 326000,334000,179000,188000,
rare_rewrite_bool-impl-elim: 11750000,11863000,11758000,13508000,
rare_rewrite_bool-and-de-morgan: 12652000,

