1; Draft.Scratch_smt_check_7_7656; 2026-04-10 13:48:28.698;
bind: 225000,315000,378000,350000,382000,347000,232000,210000,236000,209000,180000,213000,204000,233000,240000,248000,241000,306000,272000,299000,267000,166000,354000,306000,363000,314000,182000,204000,170000,167000,158000,271000,211000,243000,257000,245000,243000,281000,303000,289000,273000,328000,277000,247000,491000,463000,297000,312000,342000,303000,340000,320000,186000,168000,210000,240000,279000,260000,276000,296000,321000,238000,295000,162000,231000,386000,412000,438000,363000,288000,232000,277000,209000,473000,316000,228000,432000,325000,221000,238000,251000,243000,262000,250000,311000,280000,316000,285000,367000,282000,334000,276000,167000,361000,317000,384000,307000,192000,224000,240000,241000,161000,170000,323000,331000,330000,348000,278000,
cong: 177000,167000,347000,201000,117000,115000,198000,104000,270000,156000,107000,147000,153000,78000,142000,124000,80000,504000,536000,163000,134000,131000,252000,147000,99000,155000,145000,324000,192000,127000,138000,90000,76000,106000,128000,128000,154000,62000,139000,135000,77000,126000,119000,130000,70000,169000,119000,150000,124000,164000,112000,147000,120000,363000,322000,111000,131000,223000,87000,62000,129000,117000,118000,97000,159000,132000,120000,125000,97000,153000,301000,163000,164000,238000,157000,66000,142000,124000,75000,146000,71000,133000,127000,146000,72000,344000,324000,111000,114000,100000,90000,271000,155000,77000,107000,151000,96000,103000,112000,113000,136000,70000,190000,176000,366000,218000,148000,169000,99000,132000,133000,110000,97000,181000,107000,140000,231000,89000,72000,110000,82000,100000,235000,158000,159000,69000,159000,137000,88000,164000,136000,153000,130000,162000,145000,170000,143000,530000,548000,168000,153000,133000,267000,166000,91000,167000,158000,321000,206000,127000,137000,67000,77000,100000,124000,133000,136000,110000,121000,111000,159000,137000,114000,119000,105000,155000,302000,171000,171000,
refl: 39000,395000,43000,86000,58000,64000,54000,31000,40000,439000,40000,36000,35000,36000,35000,49000,95000,40000,447000,42000,51000,35000,32000,30000,110000,25000,31000,41000,424000,53000,40000,35000,34000,35000,94000,54000,105000,56000,30000,
symm: 197000,182000,158000,283000,142000,154000,208000,111000,210000,246000,218000,209000,163000,172000,172000,173000,97000,199000,250000,122000,114000,242000,141000,129000,224000,144000,174000,131000,218000,177000,118000,285000,168000,166000,
trans: 353000,352000,210000,218000,168000,189000,194000,197000,193000,103000,229000,224000,240000,178000,191000,294000,236000,267000,272000,298000,308000,304000,139000,147000,225000,195000,199000,234000,232000,113000,226000,246000,241000,179000,225000,261000,212000,249000,181000,268000,246000,200000,225000,181000,186000,167000,266000,204000,225000,185000,187000,169000,173000,330000,368000,191000,290000,205000,209000,165000,174000,274000,218000,215000,169000,172000,603000,393000,196000,185000,197000,197000,111000,233000,232000,260000,182000,196000,346000,356000,273000,235000,235000,179000,262000,181000,350000,147000,177000,264000,221000,379000,398000,411000,263000,156000,222000,234000,359000,380000,214000,164000,194000,207000,210000,255000,120000,242000,250000,260000,183000,210000,308000,272000,224000,226000,196000,205000,176000,263000,220000,239000,183000,203000,167000,270000,291000,284000,332000,332000,317000,159000,173000,220000,294000,218000,225000,176000,177000,287000,235000,224000,177000,176000,
equiv1: 190000,250000,179000,253000,185000,207000,
equiv2: 270000,170000,175000,167000,199000,272000,
or_pos: 242000,290000,292000,202000,169000,252000,265000,295000,184000,489000,206000,383000,228000,376000,368000,241000,359000,447000,283000,290000,240000,201000,309000,191000,421000,268000,360000,238000,336000,458000,225000,378000,171000,260000,313000,364000,236000,274000,201000,459000,305000,257000,277000,306000,205000,527000,227000,221000,329000,495000,
and_neg: 2063000,
and_pos: 129000,350000,283000,222000,171000,276000,180000,1909000,1920000,1824000,2040000,1801000,1766000,1752000,1769000,1831000,1833000,1809000,1726000,1788000,1787000,1757000,1873000,1742000,1765000,279000,230000,347000,250000,130000,203000,177000,
implies: 377000,193000,297000,477000,311000,335000,304000,342000,330000,2174000,349000,299000,369000,202000,520000,276000,366000,301000,297000,
parsing: 152032000,
aci_simp: 943000,942000,1072000,1036000,929000,1084000,1032000,1016000,1076000,975000,1311000,1092000,980000,971000,1220000,985000,1021000,1021000,1210000,1138000,996000,1061000,1332000,1218000,1183000,1125000,1190000,1061000,1074000,1098000,1017000,1049000,1065000,1067000,
evaluate: 190000,177000,207000,239000,
onepoint: 1235000,1195000,1286000,1386000,
qnt_join: 246000,239000,264000,262000,
subproof: 1635000,1471000,1558000,2030000,1561000,1625000,1929000,1992000,3290000,2064000,1618000,1780000,1582000,2169000,1649000,1758000,2603000,
equiv_pos2: 133000,168000,219000,222000,440000,118000,134000,234000,333000,84000,133000,62000,139000,672000,163000,163000,313000,100000,181000,190000,387000,110000,53000,132000,98000,78000,98000,151000,142000,196000,190000,189000,424000,138000,231000,295000,175000,217000,214000,385000,125000,93000,84000,38000,144000,198000,433000,149000,147000,330000,85000,139000,61000,221000,230000,454000,121000,126000,217000,327000,180000,103000,241000,182000,142000,159000,194000,200000,635000,164000,171000,317000,103000,190000,192000,388000,116000,54000,137000,96000,78000,98000,90000,36000,218000,221000,387000,128000,
reordering: 342000,481000,412000,254000,181000,377000,259000,195000,381000,477000,261000,238000,322000,916000,374000,243000,718000,477000,290000,812000,394000,561000,353000,236000,321000,567000,806000,369000,411000,523000,377000,242000,413000,256000,181000,229000,709000,3833000,41991000,369000,390000,564000,320000,331000,584000,833000,453000,303000,589000,355000,177000,377000,264000,200000,420000,521000,281000,378000,241000,744000,272000,503000,380000,378000,478000,281000,242000,343000,933000,424000,181000,256000,260000,428000,260000,785000,
resolution: 1705000,190000,247000,229000,252000,294000,250000,310000,332000,421000,528000,517000,296000,324000,244000,272000,191000,235000,267000,302000,323000,387000,241000,258000,227000,249000,360000,457000,440000,274000,203000,230000,274000,144000,190000,187000,250000,307000,344000,249000,185000,198000,336000,477000,535000,712000,826000,521000,225000,257000,326000,341000,422000,487000,276000,295000,170000,236000,262000,281000,316000,402000,479000,521000,296000,328000,173000,170000,224000,197000,196000,251000,175000,243000,227000,249000,180000,215000,219000,228000,180000,272000,315000,251000,239000,274000,360000,223000,301000,246000,170000,303000,364000,285000,205000,179000,284000,406000,302000,430000,524000,647000,401000,306000,176000,268000,330000,172000,188000,251000,260000,253000,300000,361000,326000,397000,350000,172000,174000,212000,250000,275000,166000,244000,290000,320000,374000,471000,502000,280000,330000,194000,235000,279000,183000,211000,239000,172000,209000,252000,2618000,2240000,1586000,34186000,235000,270000,265000,183000,212000,328000,392000,340000,227000,175000,291000,404000,420000,535000,656000,429000,190000,269000,317000,193000,258000,267000,207000,287000,333000,222000,262000,326000,228000,287000,355000,437000,443000,273000,166000,210000,240000,170000,233000,198000,283000,251000,339000,276000,325000,358000,433000,542000,527000,325000,383000,235000,257000,309000,306000,367000,385000,260000,314000,333000,412000,390000,184000,203000,240000,286000,330000,221000,254000,296000,196000,262000,329000,363000,236000,277000,338000,187000,253000,374000,306000,368000,306000,192000,224000,365000,522000,336000,555000,730000,841000,554000,340000,244000,274000,325000,385000,493000,467000,286000,340000,171000,240000,277000,329000,363000,412000,505000,513000,332000,350000,178000,182000,238000,218000,211000,275000,211000,252000,283000,264000,209000,244000,299000,182000,180000,285000,163000,254000,306000,370000,387000,514000,504000,335000,361000,195000,242000,297000,
contraction: 521000,278000,417000,688000,388000,471000,491000,432000,2940000,7777000,502000,417000,529000,307000,696000,404000,472000,478000,
forall_inst: 774000,811000,919000,889000,714000,846000,829000,730000,984000,1110000,835000,727000,865000,693000,755000,729000,675000,941000,785000,2777000,778000,1040000,901000,954000,849000,1106000,1112000,822000,870000,781000,673000,725000,826000,1101000,960000,959000,820000,992000,773000,930000,685000,817000,11242000,1008000,788000,1128000,878000,757000,1172000,846000,830000,1191000,1431000,1146000,859000,1009000,975000,892000,815000,791000,832000,793000,1076000,845000,
implies_neg1: 530000,248000,393000,606000,352000,474000,436000,450000,455000,389000,500000,260000,626000,365000,459000,395000,3682000,
implies_neg2: 548000,264000,391000,840000,385000,479000,509000,437000,2297000,514000,399000,530000,281000,815000,405000,493000,428000,
__local_input: 95000,71000,92000,87000,90000,88000,87000,99000,91000,91000,125000,97000,109000,91000,96000,159000,73000,42000,38000,106000,32000,33000,22000,26000,40000,44000,54000,21000,34000,45000,36000,97000,43000,67000,
equiv_simplify: 382000,266000,241000,327000,256000,259000,237000,372000,247000,281000,381000,285000,
__normalized_input: 11530000,43946000,21235000,20895000,20859000,20611000,19186000,18347000,15632000,10592000,10519000,9946000,9349000,6745000,3895000,3541000,2802000,2527000,2606000,2095000,2313000,2130000,2056000,1893000,1978000,1529000,2039000,1424000,1459000,1342000,720000,556000,562000,973000,
rare_rewrite_eq-refl: 95000,98000,103000,107000,
rare_rewrite_eq-symm: 191000,285000,279000,358000,147000,154000,150000,245000,86000,102000,101000,118000,290000,211000,207000,228000,142000,244000,238000,308000,154000,179000,105000,105000,106000,129000,126000,189000,101000,132000,110000,116000,150000,169000,105000,121000,191000,244000,106000,114000,322000,307000,330000,185000,152000,166000,199000,116000,123000,154000,133000,289000,237000,221000,233000,145000,263000,246000,287000,169000,205000,120000,134000,107000,123000,109000,135000,193000,
rare_rewrite_or-not-refl: 6292000,6181000,6999000,7377000,
rare_rewrite_bool-impl-elim: 6500000,6739000,6721000,6338000,6324000,6670000,6373000,6599000,6547000,6559000,20096000,6142000,6098000,14987000,5973000,6438000,6554000,6624000,23138000,6700000,6224000,6558000,6259000,6718000,6602000,6836000,6630000,7153000,8395000,7667000,7408000,7356000,7106000,6885000,6845000,7333000,7319000,7301000,6976000,7255000,7089000,7362000,7489000,6802000,7022000,7456000,
rare_rewrite_bool-impl-false1: 6258000,6626000,6572000,6510000,6580000,6993000,6537000,7100000,7157000,7310000,6977000,7342000,
rare_rewrite_bool-and-de-morgan: 6123000,5850000,6335000,6125000,6080000,5920000,6136000,6269000,6579000,6638000,6399000,6930000,6753000,6861000,7873000,6894000,7184000,18931000,7301000,7220000,
rare_rewrite_bool-double-not-elim: 167000,171000,201000,188000,182000,196000,

