1; Draft.Scratch_smt_check_7_18116; 2026-04-10 13:44:04.717;
bind: 168000,178000,251000,246000,175000,312000,453000,462000,335000,344000,
cong: 121000,125000,119000,123000,122000,144000,193000,76000,179000,129000,114000,131000,204000,96000,85000,340000,137000,335000,227000,196000,208000,207000,101000,96000,532000,390000,464000,
refl: 38000,42000,105000,41000,77000,210000,82000,83000,170000,128000,
trans: 143000,156000,131000,243000,227000,247000,100000,139000,146000,127000,453000,415000,463000,165000,310000,267000,235000,
equiv1: 242000,
equiv2: 241000,
or_neg: 184000,169000,450000,422000,454000,
or_pos: 487000,
implies: 410000,
parsing: 31514000,
aci_simp: 1206000,2301000,
subproof: 4191000,
equiv_pos1: 161000,
equiv_pos2: 135000,141000,398000,2667000,757000,146000,502000,
not_equiv1: 110000,
not_equiv2: 120000,
reordering: 176000,697000,505000,550000,
resolution: 121000,172000,186000,232000,263000,271000,275000,257000,284000,305000,602000,744000,812000,496000,486000,836000,969000,
contraction: 220000,695000,850000,
forall_inst: 1470000,
implies_neg1: 651000,
implies_neg2: 697000,
__local_input: 113000,
connective_def: 223000,400000,430000,
__normalized_input: 1572000,816000,818000,1366000,
rare_rewrite_eq-symm: 122000,134000,150000,
rare_rewrite_arith-elim-lt: 5816000,11550000,20804000,
rare_rewrite_bool-impl-elim: 6272000,12442000,
rare_rewrite_bool-and-de-morgan: 5696000,5694000,23238000,11476000,11979000,
rare_rewrite_bool-double-not-elim: 80000,185000,84000,96000,163000,192000,330000,

