1; Draft.Scratch_smt_check_7_4683; 2026-04-10 13:51:15.792;
bind: 252000,533000,1661000,519000,539000,527000,561000,563000,265000,262000,197000,207000,199000,202000,247000,206000,209000,232000,217000,536000,564000,530000,558000,576000,590000,593000,311000,330000,421000,469000,424000,405000,456000,425000,382000,479000,453000,461000,406000,215000,
cong: 57000,83000,451000,80000,533000,134000,60000,60000,90000,379000,68000,637000,133000,134000,128000,537000,329000,317000,276000,239000,341000,696000,67000,78000,58000,92000,64000,79000,72000,89000,458000,73000,569000,123000,69000,80000,87000,363000,78000,640000,139000,140000,138000,549000,342000,318000,282000,250000,343000,838000,121000,135000,101000,154000,121000,152000,132000,234000,1126000,976000,248000,155000,94000,109000,131000,185000,53000,77000,105000,51000,46000,56000,137000,135000,56000,90000,
refl: 25000,86000,66000,89000,49000,24000,80000,49000,31000,52000,68000,1130000,59000,38000,60000,57000,85000,69000,82000,63000,88000,55000,27000,79000,50000,31000,54000,78000,1179000,66000,44000,67000,64000,86000,77000,164000,94000,68000,99000,49000,27000,26000,
symm: 493000,516000,265000,262000,111000,132000,
trans: 549000,521000,529000,507000,517000,539000,127000,526000,550000,578000,526000,204000,200000,195000,499000,525000,505000,488000,430000,363000,553000,526000,240000,174000,169000,177000,156000,152000,184000,187000,191000,158000,196000,191000,214000,176000,569000,541000,540000,520000,522000,533000,128000,540000,576000,591000,553000,204000,194000,201000,507000,532000,519000,495000,444000,379000,535000,548000,267000,378000,410000,373000,355000,324000,383000,366000,365000,353000,392000,501000,373000,388000,377000,278000,440000,345000,329000,338000,130000,147000,
choice: 28000,64000,
equiv1: 160000,
or_neg: 193000,216000,185000,
or_pos: 579000,
and_pos: 279000,172000,151000,
implies: 506000,175000,
parsing: 66557000,
aci_simp: 1457000,1514000,1522000,1010000,1018000,1070000,1740000,1539000,1665000,1593000,2042000,1965000,2017000,3431000,2003000,1927000,1941000,
evaluate: 240000,258000,
onepoint: 3437000,3358000,
qnt_join: 536000,536000,
subproof: 1600000,1119000,
equiv_pos2: 105000,490000,953000,1647000,96000,58000,75000,38000,42000,144000,125000,107000,
reordering: 400000,225000,217000,799000,232000,
resolution: 200000,259000,215000,327000,477000,543000,490000,657000,875000,938000,620000,513000,400000,534000,360000,504000,480000,243000,286000,227000,324000,295000,341000,308000,312000,207000,305000,
sko_forall: 2036000,
contraction: 854000,266000,267000,
forall_inst: 2327000,1112000,
implies_neg1: 1575000,230000,
implies_neg2: 738000,210000,
__local_input: 449000,147000,
miniscope_split: 278000,308000,288000,642000,557000,554000,511000,
__normalized_input: 1589000,876000,711000,626000,606000,655000,543000,591000,613000,
rare_rewrite_eq-refl: 123000,127000,241000,
rare_rewrite_eq-symm: 155000,118000,110000,128000,132000,173000,154000,166000,333000,253000,324000,316000,333000,397000,319000,246000,124000,135000,
rare_rewrite_or-not-refl: 7492000,7970000,
rare_rewrite_bool-eq-false: 11745000,
rare_rewrite_bool-impl-elim: 11533000,
rare_rewrite_bool-impl-false1: 6202000,6206000,6410000,6664000,6762000,8540000,23378000,13024000,12397000,12281000,14043000,15233000,
rare_rewrite_bool-or-de-morgan: 6351000,6519000,6503000,6861000,7026000,7067000,
rare_rewrite_bool-and-de-morgan: 6480000,6600000,6747000,7051000,11675000,6122000,6083000,6559000,6743000,6841000,7073000,7298000,7607000,7990000,6837000,13054000,12460000,14489000,
rare_rewrite_bool-double-not-elim: 135000,137000,135000,155000,161000,154000,151000,164000,176000,

