1; Draft.Scratch_smt_check_7_15878; 2026-04-10 13:46:45.190;
bind: 271000,287000,286000,270000,302000,271000,
cong: 171000,128000,107000,75000,87000,67000,78000,98000,143000,68000,75000,347000,156000,118000,70000,133000,82000,263000,
refl: 41000,37000,38000,36000,
symm: 122000,127000,
trans: 279000,276000,158000,269000,262000,
or_neg: 293000,296000,368000,
implies: 287000,
parsing: 8722000,
subproof: 1990000,
equiv_pos1: 94000,
equiv_pos2: 196000,94000,104000,327000,200000,353000,
reordering: 486000,
resolution: 260000,374000,360000,317000,374000,613000,703000,414000,479000,467000,298000,486000,
contraction: 586000,439000,
forall_inst: 1293000,
implies_neg1: 363000,
implies_neg2: 372000,
__local_input: 99000,
__normalized_input: 10485000,1090000,4772000,728000,880000,
rare_rewrite_eq-symm: 259000,127000,132000,248000,131000,288000,
rare_rewrite_bool-double-not-elim: 166000,

