1; Draft.Scratch_smt_check_7_23304; 2026-04-10 13:46:45.473;
bind: 121000,116000,128000,132000,329000,319000,149000,146000,146000,112000,113000,133000,12148000,559000,609000,263000,
cong: 85000,84000,108000,85000,68000,67000,109000,65000,104000,159000,158000,79000,131000,153000,128000,131000,105000,85000,122000,120000,45000,67000,50000,85000,94000,115000,89000,76000,106000,182000,106000,190000,250000,250000,117000,226000,242000,228000,199000,163000,152000,183000,382000,
refl: 27000,27000,27000,71000,17000,25000,26000,26000,107000,
symm: 79000,90000,
trans: 84000,89000,93000,89000,92000,282000,196000,109000,183000,136000,115000,103000,94000,83000,89000,82000,90000,96000,500000,353000,177000,357000,240000,268000,
choice: 73000,
or_neg: 129000,163000,119000,140000,161000,122000,282000,245000,189000,309000,265000,234000,
and_neg: 233000,392000,383000,
and_pos: 129000,127000,144000,
implies: 107000,119000,161000,106000,112000,
parsing: 27569000,
not_symm: 69000,
subproof: 1073000,1071000,1056000,1042000,1055000,
equiv_pos1: 37000,41000,128000,62000,67000,242000,
equiv_pos2: 125000,82000,116000,82000,158000,125000,103000,236000,108000,114000,106000,112000,77000,81000,115000,81000,155000,277000,215000,494000,206000,217000,
reordering: 160000,170000,166000,423000,168000,275000,454000,311000,270000,293000,814000,360000,
resolution: 194000,156000,140000,256000,298000,153000,162000,142000,204000,206000,225000,222000,138000,189000,162000,146000,232000,214000,240000,236000,145000,199000,249000,251000,266000,245000,330000,176000,227000,258000,135000,195000,367000,256000,235000,526000,155000,156000,194000,138000,260000,266000,158000,162000,134000,188000,205000,224000,225000,141000,186000,151000,136000,182000,206000,228000,257000,157000,244000,360000,416000,422000,441000,485000,320000,379000,475000,
sko_forall: 1100000,1985000,
contraction: 164000,173000,236000,198000,228000,271000,169000,172000,365000,386000,
forall_inst: 648000,634000,645000,824000,692000,619000,635000,635000,629000,1168000,1532000,1218000,
implies_neg1: 123000,134000,132000,237000,405000,
implies_neg2: 130000,141000,171000,138000,136000,
__local_input: 41000,58000,42000,80000,36000,27000,49000,
connective_def: 197000,352000,
__normalized_input: 5155000,5233000,4431000,2328000,1332000,1060000,713000,863000,
rare_rewrite_eq-symm: 79000,57000,95000,80000,58000,95000,126000,64000,108000,77000,102000,92000,79000,57000,96000,82000,59000,94000,99000,70000,117000,114000,
rare_rewrite_bool-or-de-morgan: 6826000,11867000,
rare_rewrite_bool-and-de-morgan: 6268000,6414000,11302000,11757000,
rare_rewrite_bool-double-not-elim: 81000,82000,129000,86000,82000,145000,143000,271000,164000,155000,

