1; Draft.Scratch_smt_check_7_1898; 2026-04-10 13:47:17.105;
bind: 249000,242000,258000,297000,293000,301000,310000,257000,351000,399000,286000,397000,379000,288000,327000,266000,359000,388000,280000,410000,387000,302000,298000,303000,311000,291000,315000,263000,363000,388000,298000,403000,376000,210000,212000,185000,185000,187000,189000,181000,190000,197000,485000,449000,281000,257000,205000,201000,209000,204000,206000,210000,227000,232000,221000,239000,263000,217000,183000,190000,356000,185000,197000,197000,186000,199000,199000,191000,187000,191000,554000,537000,556000,410000,547000,593000,1004000,717000,780000,
cong: 83000,60000,63000,51000,85000,64000,61000,86000,71000,60000,267000,131000,107000,69000,45000,97000,72000,62000,62000,104000,66000,59000,56000,263000,170000,135000,68000,178000,66000,163000,142000,119000,137000,66000,179000,67000,168000,155000,112000,70000,45000,100000,73000,63000,60000,96000,67000,65000,55000,250000,179000,201000,105000,135000,100000,96000,67000,98000,79000,66000,95000,69000,59000,61000,107000,73000,64000,74000,255000,163000,88000,50000,71000,54000,137000,71000,177000,67000,185000,144000,112000,70000,103000,99000,125000,169000,207000,263000,118000,98000,255000,68000,86000,125000,92000,108000,84000,53000,60000,267000,222000,118000,86000,71000,63000,70000,102000,72000,66000,71000,97000,179000,117000,230000,197000,186000,123000,178000,144000,106000,96000,194000,171000,200000,110000,123000,60000,62000,128000,75000,48000,83000,176000,98000,47000,39000,122000,90000,150000,107000,77000,83000,93000,53000,54000,65000,71000,176000,100000,47000,40000,124000,92000,71000,68000,147000,105000,72000,76000,97000,54000,56000,137000,106000,138000,101000,153000,111000,79000,95000,65000,66000,199000,99000,46000,40000,119000,82000,99000,53000,51000,109000,397000,78000,122000,102000,78000,51000,49000,120000,120000,108000,84000,59000,77000,115000,218000,132000,74000,68000,73000,102000,77000,69000,70000,101000,187000,121000,77000,59000,74000,69000,70000,108000,99000,65000,67000,103000,200000,124000,82000,189000,285000,327000,92000,294000,279000,75000,57000,70000,298000,302000,224000,159000,90000,281000,278000,92000,386000,491000,134000,101000,114000,532000,520000,370000,252000,159000,931000,488000,657000,421000,379000,130000,116000,189000,
refl: 41000,53000,399000,34000,475000,51000,52000,508000,35000,481000,57000,43000,62000,21000,20000,61000,28000,421000,35000,473000,49000,37000,54000,22000,19000,21000,47000,68000,74000,33000,31000,17000,16000,18000,24000,30000,17000,15000,15000,25000,20000,18000,18000,31000,15000,24000,32000,21000,36000,35000,23000,34000,20000,20000,51000,19000,19000,46000,27000,37000,154000,150000,16000,20000,150000,149000,302000,24000,30000,265000,
symm: 88000,92000,246000,323000,282000,346000,237000,295000,286000,342000,258000,242000,124000,135000,243000,301000,276000,352000,165000,79000,88000,80000,252000,238000,139000,145000,122000,79000,80000,86000,83000,77000,84000,88000,81000,91000,151000,
trans: 124000,136000,156000,158000,119000,257000,256000,266000,265000,245000,213000,126000,270000,239000,261000,263000,235000,110000,317000,259000,302000,295000,196000,221000,254000,263000,266000,268000,259000,205000,117000,276000,241000,275000,259000,231000,118000,359000,265000,303000,304000,211000,233000,120000,350000,230000,218000,163000,179000,142000,117000,253000,265000,258000,266000,253000,201000,110000,295000,238000,263000,263000,232000,109000,322000,262000,297000,307000,204000,222000,289000,310000,282000,190000,169000,113000,162000,167000,163000,167000,159000,164000,161000,391000,266000,264000,251000,270000,248000,360000,309000,266000,191000,310000,198000,265000,312000,237000,282000,189000,319000,148000,210000,213000,164000,170000,158000,208000,218000,158000,163000,159000,181000,169000,164000,170000,168000,171000,154000,167000,173000,123000,167000,179000,176000,191000,162000,173000,176000,117000,483000,490000,315000,323000,250000,261000,468000,488000,589000,596000,471000,483000,661000,
choice: 186000,
equiv1: 114000,
equiv2: 129000,
or_neg: 205000,245000,344000,393000,293000,177000,178000,179000,
or_pos: 272000,
and_neg: 248000,268000,1442000,850000,224000,189000,
and_pos: 191000,176000,176000,122000,129000,180000,338000,433000,228000,216000,211000,238000,1338000,1256000,1224000,1253000,1294000,1247000,1210000,1191000,1197000,1196000,1190000,1161000,1234000,1265000,1227000,1202000,1240000,1235000,1246000,1217000,1166000,1192000,1216000,1253000,1238000,1225000,1276000,1338000,876000,807000,852000,777000,806000,833000,777000,820000,812000,803000,851000,900000,173000,165000,162000,172000,151000,173000,138000,136000,128000,148000,173000,
implies: 202000,147000,220000,226000,233000,242000,262000,1416000,258000,1414000,256000,188000,200000,168000,1095000,954000,265000,191000,186000,171000,180000,169000,138000,139000,381000,
not_not: 133000,
parsing: 128963000,
aci_simp: 1000000,975000,1064000,1083000,1316000,1125000,1023000,1096000,1075000,1101000,1146000,1020000,1082000,1111000,1142000,1082000,1082000,940000,1069000,2219000,
evaluate: 233000,214000,218000,212000,208000,211000,
onepoint: 1147000,1484000,1209000,1496000,1155000,1494000,
qnt_join: 287000,334000,277000,331000,288000,323000,
subproof: 1175000,1098000,1114000,1140000,1136000,1135000,1168000,2526000,1176000,2507000,1220000,1106000,1077000,1104000,1877000,1830000,1558000,1149000,1121000,1112000,1131000,1153000,1042000,1078000,1484000,
and_intro: 191000,112000,203000,15665000,845000,164000,117000,
equiv_pos1: 49000,230000,
equiv_pos2: 155000,146000,144000,327000,69000,43000,192000,185000,320000,83000,208000,216000,43000,188000,190000,353000,84000,185000,182000,320000,78000,46000,221000,104000,190000,191000,192000,280000,117000,120000,191000,349000,207000,170000,143000,125000,173000,130000,144000,140000,125000,173000,480000,146000,143000,232000,123000,118000,200000,113000,160000,207000,138000,423000,855000,1436000,157000,
reordering: 322000,539000,294000,597000,467000,483000,321000,349000,2463000,21018000,353000,21104000,370000,247000,1323000,5412000,5320000,791000,491000,375000,481000,502000,219000,289000,287000,208000,654000,
resolution: 193000,211000,175000,248000,403000,333000,281000,599000,169000,173000,251000,243000,376000,181000,309000,341000,295000,678000,183000,266000,185000,206000,198000,212000,1620000,197000,359000,335000,303000,453000,183000,210000,386000,312000,501000,208000,201000,337000,412000,382000,254000,176000,191000,208000,275000,343000,407000,375000,230000,288000,216000,194000,306000,245000,3273000,1599000,1149000,11785000,420000,204000,210000,203000,336000,188000,193000,204000,265000,355000,416000,381000,205000,326000,1672000,1193000,10728000,192000,203000,274000,349000,407000,386000,225000,308000,236000,227000,302000,221000,269000,315000,332000,278000,334000,325000,293000,567000,330000,183000,310000,366000,337000,214000,173000,226000,264000,313000,305000,178000,257000,214000,259000,244000,406000,337000,381000,389000,346000,266000,249000,269000,202000,231000,268000,1137000,1078000,823000,3211000,286000,257000,214000,236000,243000,249000,279000,1095000,869000,3143000,280000,251000,245000,205000,238000,313000,459000,597000,430000,486000,290000,174000,288000,288000,354000,359000,191000,291000,205000,401000,298000,270000,559000,165000,177000,245000,270000,309000,306000,191000,273000,296000,280000,580000,168000,243000,262000,318000,305000,184000,285000,373000,361000,332000,265000,253000,385000,174000,257000,256000,419000,174000,167000,227000,220000,430000,490000,807000,731000,338000,465000,
sko_forall: 1249000,
contraction: 278000,306000,193000,221000,290000,321000,323000,329000,312000,329000,386000,388000,1960000,4431000,422000,1947000,4319000,393000,303000,275000,344000,303000,1254000,1731000,1293000,1694000,578000,379000,321000,262000,286000,279000,249000,296000,275000,296000,227000,214000,190000,204000,863000,
forall_inst: 812000,797000,764000,785000,915000,794000,840000,832000,822000,729000,922000,747000,817000,831000,860000,851000,747000,815000,891000,738000,720000,1155000,905000,787000,999000,833000,916000,1002000,926000,988000,852000,854000,766000,782000,735000,763000,2043000,
implies_neg1: 196000,312000,297000,332000,386000,353000,387000,385000,346000,2524000,2476000,250000,287000,243000,1610000,1601000,373000,290000,235000,242000,262000,274000,187000,196000,1426000,
implies_neg2: 255000,186000,264000,285000,289000,351000,354000,1553000,358000,1606000,358000,249000,271000,242000,1165000,1139000,390000,285000,251000,239000,235000,248000,177000,175000,749000,
__local_input: 21000,62000,22000,24000,38000,32000,22000,55000,29000,38000,35000,60000,83000,113000,134000,113000,36000,27000,39000,25000,42000,56000,21000,29000,29000,48000,45000,42000,60000,85000,70000,43000,36000,47000,61000,40000,25000,30000,27000,36000,32000,23000,45000,107000,78000,76000,91000,35000,51000,49000,42000,91000,70000,64000,47000,59000,36000,44000,81000,99000,126000,91000,100000,44000,20000,26000,26000,25000,45000,20000,26000,31000,47000,279000,
qnt_rm_unused: 412000,1262000,468000,1933000,396000,1249000,461000,1996000,398000,1246000,463000,1904000,
connective_def: 263000,340000,505000,1059000,
equiv_simplify: 209000,193000,
__normalized_input: 19429000,18455000,13632000,14566000,14406000,12755000,11345000,11576000,6720000,4525000,3263000,1877000,1475000,1182000,1098000,950000,860000,777000,840000,
miniscope_distribute: 352000,
rare_rewrite_eq-refl: 104000,106000,113000,109000,114000,108000,73000,81000,116000,79000,82000,137000,
rare_rewrite_eq-symm: 103000,161000,134000,120000,116000,151000,137000,124000,119000,101000,106000,156000,140000,140000,121000,129000,184000,92000,119000,160000,147000,86000,130000,90000,77000,108000,88000,74000,109000,146000,201000,104000,646000,339000,303000,244000,149000,296000,143000,254000,240000,153000,310000,159000,109000,162000,147000,123000,154000,116000,166000,145000,127000,140000,130000,96000,75000,111000,134000,81000,115000,151000,180000,92000,121000,106000,90000,81000,122000,140000,183000,89000,103000,69000,70000,76000,120000,78000,102000,141000,152000,147000,239000,238000,225000,235000,176000,280000,
rare_rewrite_or-not-refl: 6472000,6444000,6482000,6668000,6492000,22069000,
rare_rewrite_bool-eq-true: 5757000,6089000,6003000,6230000,
rare_rewrite_ite-true-cond: 12728000,
rare_rewrite_bool-impl-elim: 6547000,6345000,6267000,
rare_rewrite_bool-or-de-morgan: 6038000,
rare_rewrite_bool-and-de-morgan: 6013000,6075000,5830000,6130000,5584000,5622000,5841000,6275000,11727000,12585000,
rare_rewrite_bool-double-not-elim: 163000,196000,259000,139000,

