1; Draft.Scratch_smt_check_7_6155; 2026-04-10 13:49:24.421;
bind: 166000,182000,200000,203000,166000,156000,
cong: 206000,187000,220000,114000,68000,199000,95000,208000,157000,101000,69000,132000,107000,64000,72000,103000,67000,98000,103000,128000,93000,67000,45000,59000,65000,60000,63000,
refl: 32000,40000,26000,37000,24000,18000,
symm: 174000,120000,119000,126000,
trans: 457000,424000,184000,228000,170000,223000,124000,157000,
and_neg: 1085000,
and_pos: 464000,455000,417000,424000,409000,457000,
implies: 595000,
parsing: 8784000,
subproof: 1488000,
equiv_pos2: 242000,276000,85000,121000,124000,114000,86000,
reordering: 803000,2825000,
resolution: 570000,674000,606000,305000,420000,188000,196000,216000,216000,257000,914000,664000,585000,2169000,402000,293000,295000,206000,174000,259000,193000,293000,
contraction: 717000,956000,
forall_inst: 714000,943000,993000,848000,854000,839000,850000,635000,723000,32315000,
implies_neg1: 2095000,
implies_neg2: 613000,
__local_input: 101000,89000,64000,93000,69000,339000,
__normalized_input: 4389000,4235000,2800000,2300000,1252000,1218000,1252000,
rare_rewrite_eq-symm: 498000,514000,147000,152000,157000,225000,129000,

