1; Draft.Scratch_smt_check_7_19888; 2026-04-10 13:45:02.848;
bind: 209000,253000,251000,364000,
cong: 115000,125000,191000,221000,205000,230000,
refl: 35000,52000,
trans: 122000,144000,235000,288000,
choice: 39000,73000,
or_neg: 152000,168000,136000,249000,281000,216000,259000,
or_pos: 314000,278000,402000,
parsing: 9045000,
aci_simp: 1031000,1965000,
equiv_pos2: 106000,263000,144000,214000,146000,268000,229000,
reordering: 195000,336000,297000,280000,431000,
resolution: 234000,187000,250000,284000,261000,284000,281000,341000,382000,272000,447000,455000,302000,327000,387000,274000,473000,468000,
sko_forall: 5819000,
contraction: 223000,380000,
forall_inst: 1315000,1177000,1169000,
__normalized_input: 984000,5131000,948000,1215000,
rare_rewrite_bool-impl-elim: 12596000,11649000,11575000,23096000,
rare_rewrite_bool-and-de-morgan: 18942000,11754000,
rare_rewrite_bool-double-not-elim: 116000,146000,

