1; Draft.Scratch_smt_check_7_5574; 2026-04-10 13:47:37.314;
bind: 167000,264000,257000,270000,261000,456000,440000,244000,236000,463000,440000,243000,254000,226000,229000,261000,257000,266000,266000,465000,441000,242000,228000,460000,424000,235000,242000,222000,234000,273000,262000,269000,255000,463000,441000,414000,267000,470000,445000,239000,255000,239000,238000,229000,228000,155000,159000,151000,226000,232000,176000,412000,243000,176000,
cong: 137000,86000,76000,81000,175000,62000,114000,109000,69000,76000,84000,40000,48000,70000,117000,105000,113000,104000,289000,168000,147000,296000,222000,248000,247000,144000,119000,81000,290000,230000,271000,250000,148000,123000,80000,488000,314000,72000,82000,74000,141000,139000,125000,75000,73000,48000,90000,63000,129000,112000,102000,115000,96000,301000,172000,144000,301000,241000,264000,313000,146000,117000,84000,294000,228000,248000,245000,142000,120000,80000,490000,320000,71000,78000,70000,150000,133000,119000,79000,72000,50000,89000,67000,188000,93000,136000,118000,106000,115000,102000,292000,165000,144000,294000,229000,261000,261000,221000,126000,83000,298000,228000,258000,253000,143000,122000,82000,503000,338000,75000,81000,74000,159000,153000,122000,83000,92000,54000,90000,59000,144000,99000,150000,86000,315000,286000,129000,120000,96000,95000,72000,61000,121000,104000,91000,205000,253000,178000,442000,125000,119000,120000,97000,92000,71000,61000,126000,102000,85000,108000,108000,92000,91000,70000,60000,119000,104000,81000,349000,156000,269000,157000,89000,309000,129000,74000,79000,83000,291000,307000,191000,841000,244000,203000,286000,147000,297000,110000,122000,289000,139000,137000,146000,90000,145000,87000,305000,125000,73000,73000,81000,965000,
ite2: 95000,
refl: 57000,59000,25000,37000,47000,40000,36000,48000,39000,36000,34000,42000,42000,39000,106000,21000,41000,39000,89000,20000,36000,36000,42000,39000,36000,35000,43000,40000,38000,100000,21000,40000,39000,89000,21000,25000,36000,34000,72000,49000,37000,37000,42000,40000,40000,111000,23000,42000,40000,92000,18000,54000,55000,23000,29000,46000,60000,27000,24000,71000,77000,16000,24000,40000,55000,104000,103000,64000,75000,110000,99000,66000,75000,106000,
symm: 182000,83000,188000,199000,92000,231000,167000,191000,201000,108000,312000,164000,336000,370000,451000,170000,92000,
true: 47000,
trans: 146000,1467000,102000,86000,110000,154000,95000,115000,115000,88000,95000,119000,226000,157000,124000,221000,158000,119000,362000,326000,344000,297000,305000,264000,198000,172000,102000,91000,391000,328000,351000,301000,306000,261000,192000,165000,98000,91000,107000,112000,182000,162000,96000,199000,175000,226000,153000,118000,218000,156000,117000,367000,334000,348000,296000,310000,274000,192000,168000,91000,102000,370000,326000,371000,296000,306000,268000,188000,166000,93000,91000,109000,117000,178000,162000,94000,193000,217000,81000,192000,156000,183000,229000,157000,124000,230000,156000,148000,369000,332000,344000,300000,315000,262000,5921000,329000,98000,93000,373000,328000,355000,291000,304000,259000,186000,169000,98000,94000,111000,119000,181000,167000,95000,163000,106000,167000,110000,189000,175000,195000,97000,136000,308000,302000,307000,112000,287000,239000,183000,196000,167000,183000,86000,112000,178000,164000,216000,83000,108000,197000,171000,118000,172000,115000,137000,90000,114000,80000,114000,306000,164000,401000,389000,382000,92000,377000,346000,369000,334000,368000,385000,353000,312000,244000,297000,287000,210000,379000,282000,106000,186000,112000,143000,90000,111000,78000,112000,
equiv1: 78000,72000,154000,176000,294000,183000,187000,85000,220000,427000,190000,101000,624000,193000,72000,284000,312000,
equiv2: 139000,
or_neg: 261000,268000,279000,411000,433000,417000,403000,392000,394000,
or_pos: 416000,265000,389000,270000,389000,280000,
and_pos: 218000,231000,246000,263000,232000,279000,285000,309000,288000,308000,295000,382000,369000,448000,391000,843000,1019000,844000,865000,777000,810000,352000,353000,399000,
implies: 139000,78000,81000,111000,250000,360000,124000,280000,387000,118000,216000,362000,266000,365000,139000,243000,228000,215000,435000,247000,192000,1318000,292000,456000,258000,362000,
not_and: 239000,275000,431000,
parsing: 128335000,
aci_simp: 1321000,1101000,1036000,1343000,1140000,1037000,1313000,1113000,1050000,1304000,1113000,1036000,1341000,1139000,1069000,1352000,1135000,1086000,
evaluate: 210000,145000,197000,241000,234000,222000,227000,192000,197000,185000,195000,235000,360000,310000,149000,209000,482000,375000,358000,219000,388000,248000,144000,160000,223000,249000,345000,215000,379000,
subproof: 1008000,934000,939000,963000,1515000,2292000,980000,1111000,1062000,1516000,2125000,984000,1269000,1544000,2217000,1009000,1190000,1153000,1213000,1224000,1336000,1268000,1074000,1204000,3182000,2055000,2140000,2055000,1165000,
and_intro: 89000,148000,216000,155000,283000,130000,734000,355000,
poly_simp: 2144000,1403000,1444000,1591000,1701000,1697000,1988000,2346000,2077000,1501000,1666000,2057000,1471000,1506000,1693000,2241000,2069000,2286000,2069000,1593000,1622000,2258000,2056000,1488000,1638000,2066000,1544000,1628000,1728000,2204000,2082000,2224000,2075000,1538000,1612000,2261000,2248000,2285000,1392000,1441000,2641000,2090000,1513000,1674000,2093000,1541000,1604000,1759000,2239000,2132000,2311000,2152000,1688000,1705000,2390000,2180000,1493000,1576000,1798000,2173000,1522000,1551000,1673000,2540000,1847000,2486000,1644000,1830000,1747000,11523000,2240000,1472000,1632000,4574000,2443000,1576000,1732000,2400000,1497000,1671000,1824000,2188000,1573000,1701000,1817000,2214000,1600000,1611000,1604000,2261000,2165000,1507000,1510000,1664000,1762000,2679000,2574000,2263000,2338000,2401000,1498000,1619000,34407000,3152000,4618000,3053000,4293000,2484000,1460000,1483000,1658000,2282000,1476000,1492000,1622000,2254000,2169000,1590000,1495000,1571000,1787000,
equiv_pos1: 131000,
equiv_pos2: 109000,93000,99000,193000,61000,42000,144000,167000,182000,349000,347000,350000,671000,156000,42000,46000,133000,48000,44000,122000,165000,174000,356000,348000,358000,647000,152000,39000,46000,134000,49000,46000,123000,140000,119000,166000,169000,353000,345000,357000,661000,174000,39000,44000,139000,51000,43000,146000,148000,331000,100000,97000,307000,85000,106000,86000,147000,105000,128000,223000,115000,123000,109000,116000,108000,91000,352000,132000,141000,154000,337000,142000,275000,105000,627000,268000,235000,276000,233000,185000,360000,231000,202000,412000,155000,148000,340000,109000,664000,
la_generic: 4814000,6676000,9656000,9115000,7847000,
reordering: 191000,547000,389000,480000,185000,555000,389000,892000,201000,608000,394000,861000,1108000,417000,638000,1610000,6172000,1196000,
resolution: 292000,174000,277000,163000,176000,250000,283000,281000,170000,193000,156000,138000,185000,197000,140000,192000,185000,163000,150000,163000,184000,183000,187000,156000,155000,219000,209000,185000,211000,232000,284000,285000,354000,439000,442000,310000,274000,271000,412000,381000,488000,668000,739000,422000,370000,164000,157000,233000,268000,254000,183000,168000,193000,260000,184000,181000,310000,241000,316000,276000,478000,121000,226000,211000,193000,251000,231000,175000,293000,218000,217000,256000,280000,362000,442000,447000,257000,276000,270000,418000,382000,483000,671000,731000,436000,381000,167000,157000,228000,260000,262000,172000,165000,188000,252000,187000,214000,208000,309000,523000,487000,786000,230000,260000,292000,393000,435000,453000,262000,288000,271000,418000,375000,492000,671000,756000,435000,396000,173000,161000,235000,264000,265000,187000,202000,186000,297000,203000,188000,217000,281000,359000,456000,417000,225000,281000,240000,229000,178000,348000,462000,416000,265000,197000,236000,187000,219000,287000,486000,614000,301000,324000,399000,334000,801000,117000,213000,223000,215000,238000,240000,179000,368000,269000,188000,233000,208000,167000,213000,282000,222000,287000,690000,602000,965000,277000,183000,224000,1059000,3670000,428000,402000,557000,444000,1375000,124000,225000,224000,211000,247000,240000,207000,481000,260000,282000,222000,269000,357000,448000,413000,220000,290000,187000,255000,210000,251000,172000,331000,441000,1967000,1634000,4765000,299000,294000,322000,425000,509000,473000,304000,509000,348000,655000,656000,1224000,283000,322000,447000,486000,478000,310000,333000,333000,386000,430000,360000,429000,400000,223000,275000,162000,252000,
contraction: 216000,118000,121000,107000,379000,633000,191000,293000,326000,217000,381000,623000,183000,533000,530000,384000,622000,192000,377000,340000,495000,368000,428000,208000,614000,649000,1372000,518000,668000,209000,410000,2015000,2490000,401000,581000,671000,401000,375000,
forall_inst: 679000,639000,778000,945000,665000,810000,960000,638000,797000,1007000,655000,825000,804000,758000,739000,737000,820000,730000,1263000,1195000,810000,738000,
la_mult_neg: 163000,276000,319000,270000,
implies_neg1: 191000,89000,85000,96000,350000,585000,153000,352000,555000,157000,192000,321000,355000,600000,163000,519000,339000,276000,186000,442000,647000,341000,347000,1218000,372000,337000,639000,335000,1117000,
implies_neg2: 198000,96000,91000,80000,374000,539000,153000,208000,144000,381000,540000,154000,477000,388000,542000,158000,396000,368000,290000,143000,643000,404000,148000,403000,1880000,395000,494000,385000,388000,
__local_input: 75000,40000,20000,52000,96000,143000,74000,98000,141000,77000,57000,36000,58000,100000,156000,77000,34000,39000,54000,96000,81000,65000,37000,38000,62000,35000,38000,58000,93000,111000,68000,53000,115000,157000,108000,107000,46000,45000,82000,100000,36000,47000,38000,34000,28000,58000,
poly_simp_rel: 917000,967000,945000,961000,946000,925000,887000,903000,891000,943000,911000,943000,946000,903000,901000,902000,917000,974000,945000,1022000,990000,952000,965000,909000,896000,937000,908000,982000,944000,1011000,976000,1121000,970000,1151000,942000,1126000,1146000,1037000,963000,1005000,996000,1100000,938000,1168000,1112000,956000,977000,1821000,1900000,1803000,1873000,1086000,972000,1070000,929000,
equiv_simplify: 145000,224000,146000,164000,148000,441000,432000,
implies_simplify: 144000,388000,267000,525000,1249000,756000,273000,
__normalized_input: 8940000,8928000,8680000,5468000,2046000,2317000,1642000,1654000,546000,619000,614000,493000,706000,
rare_rewrite_ite-eq: 5739000,
rare_rewrite_eq-refl: 109000,234000,202000,
rare_rewrite_eq-symm: 110000,110000,116000,299000,
rare_rewrite_arith-elim-gt: 11574000,
rare_rewrite_arith-elim-lt: 5751000,5747000,6075000,7175000,6286000,6121000,14277000,11784000,
rare_rewrite_arith-elim-leq: 12748000,5630000,5602000,11881000,5715000,5481000,5767000,5959000,6043000,5983000,5819000,5925000,11655000,
rare_rewrite_arith-leq-norm: 5570000,5657000,5680000,5568000,5492000,5895000,5635000,5774000,6073000,11685000,
rare_rewrite_bool-impl-elim: 5899000,5873000,6411000,6064000,6411000,5916000,5801000,5796000,5883000,6510000,5788000,6159000,5783000,5698000,5893000,5998000,6428000,5847000,6593000,6047000,6163000,
rare_rewrite_bool-and-de-morgan: 5809000,6050000,5880000,6140000,6061000,6300000,5852000,6064000,5999000,6162000,6085000,6225000,
rare_rewrite_bool-double-not-elim: 94000,124000,115000,107000,115000,112000,104000,113000,117000,125000,182000,182000,204000,

