1; Draft.Scratch_smt_check_7_8863; 2026-04-10 13:50:10.854;
bind: 334000,302000,311000,310000,310000,303000,310000,
cong: 190000,148000,57000,77000,59000,171000,138000,171000,166000,145000,58000,72000,48000,182000,178000,145000,
refl: 43000,26000,18000,22000,101000,111000,111000,46000,26000,18000,107000,
symm: 93000,91000,297000,94000,
trans: 279000,298000,262000,266000,286000,228000,265000,223000,234000,284000,275000,305000,262000,269000,242000,239000,
equiv1: 267000,
parsing: 20935000,
aci_simp: 1142000,1148000,1091000,1015000,1032000,
equiv_pos2: 32000,186000,229000,143000,
reordering: 454000,
resolution: 195000,230000,315000,229000,265000,332000,
forall_inst: 897000,
qnt_rm_unused: 370000,1014000,
connective_def: 407000,
miniscope_split: 440000,
__normalized_input: 16449000,1320000,868000,1212000,886000,
rare_rewrite_bool-eq-false: 5724000,
rare_rewrite_bool-impl-elim: 6248000,
rare_rewrite_bool-and-de-morgan: 5813000,5997000,6296000,6561000,

