1; Draft.Scratch_smt_check_7_9082; 2026-04-10 13:51:39.663;
bind: 773000,875000,877000,649000,791000,900000,770000,538000,502000,547000,862000,790000,794000,552000,767000,820000,814000,568000,273000,347000,
cong: 131000,171000,158000,85000,122000,86000,78000,108000,109000,294000,158000,114000,88000,146000,107000,275000,335000,153000,117000,94000,119000,130000,265000,553000,259000,176000,98000,94000,88000,102000,330000,149000,109000,91000,115000,107000,292000,305000,335000,101000,98000,111000,107000,269000,306000,258000,109000,57000,77000,61000,
refl: 31000,28000,28000,128000,30000,30000,43000,139000,29000,32000,35000,65000,128000,131000,26000,30000,67000,139000,28000,39000,37000,34000,74000,
trans: 427000,710000,707000,704000,722000,537000,784000,727000,754000,720000,277000,
equiv1: 468000,252000,
implies: 673000,464000,779000,
parsing: 11700000,
subproof: 2835000,2521000,2595000,
equiv_pos2: 172000,478000,501000,782000,238000,211000,474000,256000,396000,110000,116000,
reordering: 839000,603000,509000,
resolution: 425000,570000,564000,550000,716000,816000,957000,857000,527000,722000,439000,562000,588000,689000,461000,507000,696000,805000,982000,943000,493000,804000,262000,361000,
contraction: 1004000,1133000,1040000,
forall_inst: 1843000,1133000,
implies_neg1: 885000,477000,255000,
implies_neg2: 840000,497000,846000,
__local_input: 435000,449000,204000,
__normalized_input: 6241000,1872000,701000,565000,955000,
rare_rewrite_eq-symm: 546000,755000,717000,382000,620000,656000,235000,
rare_rewrite_bool-impl-elim: 12576000,12534000,12506000,12338000,10947000,6871000,

