1; Draft.Scratch_smt_check_7_20269; 2026-04-10 13:51:50.485;
cong: 305000,258000,324000,170000,220000,134000,164000,103000,142000,71000,55000,48000,123000,133000,87000,67000,85000,41000,54000,56000,82000,476000,822000,526000,481000,606000,270000,369000,226000,302000,185000,223000,137000,100000,105000,600000,280000,220000,241000,186000,99000,112000,69000,92000,89000,122000,695000,538000,464000,525000,258000,348000,208000,249000,171000,200000,147000,105000,115000,359000,170000,132000,134000,81000,61000,83000,45000,59000,55000,81000,380000,477000,757000,
refl: 32000,23000,56000,229000,31000,69000,219000,29000,215000,89000,
symm: 126000,763000,481000,259000,1227000,205000,125000,645000,
trans: 604000,299000,183000,825000,1050000,569000,1275000,1326000,843000,1018000,338000,613000,669000,
equiv1: 1027000,576000,
equiv2: 1137000,990000,483000,
or_neg: 584000,508000,577000,
and_pos: 762000,767000,1629000,1380000,1544000,
implies: 418000,579000,3120000,426000,
not_and: 549000,
not_not: 723000,364000,
parsing: 11154000,
evaluate: 524000,
subproof: 1435000,1991000,2734000,4006000,1401000,
and_intro: 1182000,
poly_simp: 2434000,2130000,2326000,4186000,3782000,4293000,3916000,2083000,2417000,
equiv_pos2: 329000,145000,607000,1200000,662000,273000,858000,75000,632000,138000,420000,561000,818000,
reordering: 1384000,5506000,
resolution: 312000,508000,326000,378000,617000,696000,649000,425000,854000,1284000,607000,622000,837000,683000,1015000,218000,402000,439000,1015000,1248000,1284000,765000,834000,709000,845000,957000,616000,2811000,2363000,3406000,678000,780000,591000,833000,905000,371000,353000,539000,659000,658000,441000,
contraction: 615000,1082000,860000,871000,1370000,3104000,3248000,606000,
forall_inst: 1076000,2170000,1141000,
implies_neg1: 511000,1004000,2282000,526000,1665000,
implies_neg2: 674000,647000,1292000,3166000,689000,
__local_input: 131000,203000,397000,381000,147000,109000,62000,216000,
poly_simp_rel: 1483000,1182000,1577000,2730000,2255000,2983000,2757000,1244000,1492000,
equiv_simplify: 1363000,1207000,607000,695000,
implies_simplify: 1160000,
__normalized_input: 10875000,6170000,1392000,1620000,
rare_rewrite_bool-eq-false: 15471000,15668000,8103000,8422000,
rare_rewrite_bool-double-not-elim: 527000,

