1; Draft.Scratch_smt_check_7_20978; 2026-04-10 13:47:40.220;
bind: 855000,542000,841000,566000,801000,784000,647000,666000,669000,851000,551000,845000,560000,781000,771000,653000,653000,657000,1265000,1541000,1854000,1724000,1219000,628000,
cong: 670000,413000,282000,343000,99000,102000,604000,398000,268000,321000,96000,113000,56000,80000,109000,617000,367000,361000,424000,410000,431000,575000,489000,291000,226000,210000,200000,281000,510000,61000,191000,153000,149000,300000,611000,423000,288000,333000,101000,96000,591000,405000,284000,334000,93000,111000,57000,83000,112000,587000,362000,357000,420000,415000,412000,603000,530000,288000,230000,235000,196000,281000,508000,63000,193000,153000,145000,305000,1518000,1000000,785000,511000,1744000,889000,233000,1197000,882000,248000,231000,126000,223000,1090000,907000,1331000,695000,568000,559000,522000,589000,696000,96000,392000,359000,163000,375000,109000,120000,
refl: 38000,40000,171000,43000,48000,47000,47000,37000,42000,37000,42000,168000,42000,48000,48000,61000,36000,41000,182000,124000,55000,113000,232000,148000,36000,61000,65000,96000,181000,228000,
symm: 121000,112000,108000,116000,328000,396000,472000,
trans: 874000,818000,792000,786000,609000,615000,630000,787000,789000,728000,783000,769000,598000,599000,606000,578000,564000,567000,469000,413000,383000,587000,560000,573000,450000,416000,778000,820000,824000,803000,784000,600000,623000,632000,792000,796000,752000,769000,775000,600000,586000,600000,553000,569000,561000,447000,413000,371000,543000,560000,582000,441000,413000,793000,1445000,1709000,1878000,2274000,1805000,1679000,1567000,1720000,1495000,1651000,1736000,1435000,1318000,1251000,1037000,1056000,904000,910000,733000,536000,
equiv1: 185000,526000,
or_pos: 1229000,
and_pos: 567000,409000,822000,
implies: 848000,
parsing: 110080000,
aci_simp: 1525000,1698000,1682000,1453000,1342000,1230000,1182000,1185000,1659000,1636000,1516000,1731000,1605000,1435000,1365000,1288000,1203000,1171000,1678000,1765000,5688000,5406000,5366000,4405000,2614000,3257000,3060000,2443000,
subproof: 3195000,
equiv_pos2: 601000,1222000,2166000,86000,479000,
reordering: 765000,556000,258000,2147000,1094000,
resolution: 194000,368000,331000,212000,207000,466000,576000,555000,794000,1056000,1090000,567000,552000,342000,1111000,931000,
contraction: 1197000,
forall_inst: 2643000,
implies_neg1: 2243000,
implies_neg2: 1185000,
__local_input: 334000,
miniscope_split: 855000,847000,2532000,
__normalized_input: 3773000,3471000,3176000,655000,669000,638000,563000,1033000,528000,
rare_rewrite_eq-symm: 196000,202000,175000,163000,110000,194000,200000,177000,164000,101000,491000,284000,175000,204000,207000,
rare_rewrite_bool-eq-false: 22224000,
rare_rewrite_bool-impl-elim: 16827000,
rare_rewrite_bool-impl-false1: 6998000,7547000,7305000,30162000,
rare_rewrite_bool-or-de-morgan: 6890000,7172000,6765000,7149000,
rare_rewrite_bool-and-de-morgan: 7169000,7296000,7613000,15254000,6275000,6487000,6639000,7611000,7300000,7542000,7758000,5983000,6354000,6587000,6690000,7198000,24081000,25041000,26134000,22229000,25119000,
rare_rewrite_bool-double-not-elim: 161000,139000,116000,162000,139000,111000,428000,347000,

