1; Draft.Scratch_smt_check_7_28939; 2026-04-10 13:47:40.494;
bind: 466000,490000,137000,885000,337000,352000,279000,253000,195000,349000,344000,261000,264000,199000,350000,883000,872000,139000,881000,1776000,245000,1672000,
cong: 134000,45000,35000,30000,31000,463000,490000,515000,146000,673000,994000,177000,205000,106000,92000,122000,106000,97000,124000,90000,524000,93000,91000,96000,96000,87000,92000,275000,203000,216000,104000,100000,93000,121000,111000,104000,98000,127000,93000,174000,92000,742000,1096000,461000,252000,245000,212000,187000,260000,211000,186000,263000,528000,409000,188000,171000,135000,128000,228000,178000,271000,128000,174000,123000,349000,127000,141000,230000,278000,182000,173000,227000,674000,478000,239000,92000,67000,41000,210000,37000,140000,49000,37000,28000,27000,566000,
refl: 23000,19000,20000,19000,21000,120000,32000,62000,72000,28000,28000,27000,92000,29000,76000,29000,120000,46000,117000,124000,239000,33000,29000,37000,
symm: 99000,170000,163000,308000,472000,
trans: 96000,101000,1429000,1351000,1360000,694000,431000,411000,360000,299000,313000,301000,308000,220000,342000,307000,328000,291000,307000,218000,212000,207000,400000,495000,707000,283000,495000,184000,168000,92000,104000,
choice: 27000,33000,64000,
equiv1: 85000,235000,221000,428000,1177000,1276000,159000,86000,
equiv2: 129000,119000,408000,654000,165000,708000,715000,
or_neg: 385000,505000,347000,235000,251000,208000,317000,359000,252000,284000,330000,304000,318000,323000,349000,552000,572000,685000,727000,
or_pos: 513000,
and_neg: 714000,
and_pos: 112000,118000,278000,331000,322000,344000,635000,587000,641000,648000,505000,1005000,960000,699000,844000,210000,734000,718000,944000,960000,112000,
implies: 172000,479000,311000,259000,374000,375000,433000,1352000,188000,
not_and: 566000,729000,
not_not: 135000,133000,309000,462000,469000,
parsing: 59833000,
aci_simp: 2241000,1661000,2359000,1144000,1179000,1156000,1260000,
evaluate: 214000,327000,389000,219000,
subproof: 1099000,2139000,1262000,1206000,1380000,2565000,2542000,2076000,3052000,1076000,
and_intro: 356000,844000,
equiv_pos2: 31000,208000,52000,593000,971000,71000,528000,281000,289000,715000,274000,185000,354000,359000,543000,139000,262000,267000,518000,72000,521000,967000,130000,1042000,862000,418000,110000,75000,51000,214000,47000,479000,
reordering: 177000,238000,172000,636000,363000,873000,581000,1298000,16776000,736000,1131000,3291000,444000,293000,4005000,232000,191000,
resolution: 265000,208000,161000,429000,205000,187000,182000,273000,327000,318000,213000,188000,402000,572000,726000,254000,810000,230000,246000,296000,158000,212000,209000,408000,346000,471000,357000,555000,761000,780000,467000,352000,259000,215000,212000,200000,209000,215000,341000,403000,444000,504000,390000,537000,486000,390000,221000,214000,170000,194000,210000,224000,446000,374000,433000,366000,420000,404000,318000,803000,2542000,642000,495000,436000,1126000,225000,206000,412000,157000,208000,211000,460000,501000,478000,2201000,384000,351000,482000,349000,706000,284000,383000,344000,704000,643000,1100000,3320000,654000,689000,939000,732000,2423000,289000,270000,250000,319000,312000,460000,593000,553000,574000,297000,429000,638000,436000,654000,1646000,1366000,2845000,349000,267000,319000,318000,260000,315000,314000,339000,188000,
sko_forall: 2423000,1346000,
contraction: 280000,717000,762000,390000,518000,480000,401000,370000,983000,525000,634000,706000,673000,1630000,1089000,1392000,562000,1898000,2226000,271000,
forall_inst: 766000,818000,664000,984000,1134000,808000,720000,1007000,986000,692000,1040000,1744000,1216000,1780000,1328000,907000,
implies_neg1: 248000,620000,413000,341000,1049000,1188000,446000,1317000,276000,988000,
implies_neg2: 237000,914000,402000,333000,442000,450000,777000,457000,2169000,230000,
__local_input: 69000,136000,116000,82000,63000,35000,65000,76000,34000,66000,67000,103000,110000,126000,126000,32000,63000,63000,17000,18000,65000,98000,
connective_def: 524000,
equiv_simplify: 164000,189000,344000,207000,320000,568000,588000,1432000,295000,314000,936000,1114000,165000,
implies_simplify: 1528000,
__normalized_input: 13170000,11083000,2547000,2434000,2643000,2436000,1945000,1573000,2795000,1378000,
rare_rewrite_eq-refl: 204000,677000,
rare_rewrite_eq-symm: 93000,112000,229000,243000,230000,227000,223000,112000,226000,410000,225000,392000,180000,88000,
rare_rewrite_bool-eq-false: 6266000,6337000,11512000,11066000,6004000,
rare_rewrite_bool-impl-false1: 6136000,6233000,6838000,6213000,6226000,6931000,
rare_rewrite_bool-or-de-morgan: 18665000,
rare_rewrite_bool-and-de-morgan: 6893000,6417000,6624000,6181000,6553000,6706000,6254000,
rare_rewrite_bool-double-not-elim: 244000,316000,234000,270000,432000,90000,345000,391000,

