1; Draft.Scratch_smt_check_7_24005; 2026-04-10 13:44:37.632;
bind: 621000,597000,617000,601000,129000,157000,126000,161000,
cong: 243000,207000,233000,157000,140000,239000,166000,222000,154000,140000,489000,328000,140000,67000,82000,77000,60000,87000,83000,189000,
ite1: 11340000,
ite2: 117000,
refl: 55000,53000,34000,
symm: 80000,86000,78000,94000,
trans: 479000,357000,370000,414000,472000,344000,370000,271000,176000,132000,125000,
equiv1: 210000,
equiv2: 130000,
or_pos: 368000,
implies: 493000,
not_not: 124000,
parsing: 35161000,
aci_simp: 1261000,1262000,
ite_pos1: 170000,
ite_pos2: 167000,
subproof: 2034000,
equiv_pos2: 396000,395000,646000,79000,100000,78000,100000,222000,
reordering: 178000,550000,253000,279000,
resolution: 152000,183000,213000,268000,344000,392000,515000,665000,639000,342000,389000,185000,154000,205000,156000,196000,165000,209000,147000,196000,156000,212000,234000,414000,
contraction: 699000,
forall_inst: 1047000,612000,644000,609000,632000,811000,
implies_neg1: 649000,
implies_neg2: 633000,
__local_input: 124000,
equiv_simplify: 206000,266000,
__normalized_input: 11904000,11820000,5812000,5890000,4590000,3388000,3604000,1520000,988000,1049000,
rare_rewrite_eq-symm: 163000,96000,114000,130000,153000,97000,112000,127000,188000,115000,142000,104000,100000,110000,110000,192000,
rare_rewrite_bool-impl-elim: 6315000,6390000,
rare_rewrite_bool-not-ite-elim: 5679000,5682000,
rare_rewrite_bool-and-de-morgan: 5808000,5873000,

