1; Draft.Scratch_smt_check_7_18221; 2026-04-10 13:47:40.520;
and: 113000,108000,116000,180000,199000,
bind: 246000,293000,183000,191000,207000,211000,244000,269000,237000,296000,303000,211000,253000,252000,298000,177000,194000,202000,203000,267000,263000,239000,291000,284000,206000,246000,242000,296000,176000,184000,207000,210000,232000,260000,240000,309000,295000,221000,242000,259000,292000,309000,323000,366000,461000,445000,537000,492000,601000,504000,453000,385000,562000,732000,264000,318000,340000,332000,351000,446000,368000,596000,527000,291000,472000,
cong: 99000,139000,144000,94000,56000,114000,68000,115000,60000,136000,64000,131000,60000,149000,63000,121000,127000,70000,79000,73000,82000,42000,58000,101000,187000,142000,104000,60000,115000,55000,121000,72000,133000,60000,131000,63000,158000,66000,117000,132000,68000,76000,70000,78000,36000,57000,62000,60000,95000,132000,138000,95000,53000,130000,57000,113000,57000,138000,61000,135000,55000,162000,60000,121000,127000,71000,80000,119000,79000,44000,58000,106000,131000,144000,102000,57000,194000,82000,182000,81000,228000,147000,208000,83000,268000,88000,205000,206000,174000,126000,124000,129000,74000,80000,114000,114000,195000,178000,185000,124000,80000,163000,92000,170000,74000,191000,82000,190000,87000,226000,104000,180000,214000,103000,119000,101000,99000,51000,142000,171000,
refl: 35000,277000,30000,27000,32000,30000,339000,32000,24000,28000,30000,21000,28000,436000,29000,20000,21000,26000,39000,278000,29000,24000,33000,31000,394000,31000,21000,26000,30000,21000,27000,431000,30000,21000,22000,29000,37000,285000,33000,27000,31000,27000,340000,32000,27000,27000,33000,23000,30000,438000,49000,20000,21000,26000,39000,455000,56000,48000,60000,46000,548000,56000,42000,46000,59000,38000,44000,724000,53000,38000,56000,44000,50000,419000,42000,40000,48000,49000,464000,47000,31000,39000,46000,33000,46000,1173000,40000,31000,39000,51000,31000,47000,
symm: 191000,219000,227000,269000,76000,193000,230000,229000,281000,66000,113000,193000,216000,224000,271000,76000,344000,397000,435000,478000,130000,277000,319000,348000,424000,453000,127000,
trans: 263000,157000,214000,174000,177000,182000,173000,164000,155000,146000,132000,81000,169000,185000,149000,158000,90000,204000,194000,237000,174000,210000,181000,84000,254000,244000,252000,210000,245000,217000,189000,327000,177000,182000,189000,272000,188000,226000,176000,168000,186000,168000,157000,152000,154000,139000,91000,176000,194000,149000,183000,96000,215000,193000,220000,173000,211000,187000,86000,240000,243000,250000,200000,245000,184000,193000,189000,176000,183000,197000,150000,260000,144000,210000,183000,178000,186000,173000,171000,154000,149000,130000,83000,173000,184000,151000,154000,87000,207000,191000,203000,179000,203000,183000,92000,244000,220000,234000,204000,245000,193000,196000,196000,176000,185000,194000,273000,164000,219000,171000,174000,175000,173000,202000,157000,149000,131000,102000,167000,185000,356000,283000,148000,402000,340000,362000,332000,390000,325000,153000,437000,403000,427000,360000,438000,338000,334000,305000,323000,322000,327000,262000,606000,348000,484000,273000,282000,276000,264000,259000,237000,224000,217000,144000,273000,305000,267000,238000,146000,319000,298000,324000,279000,304000,297000,152000,420000,381000,371000,327000,389000,339000,353000,333000,286000,311000,280000,
equiv1: 112000,108000,
equiv2: 114000,276000,
or_neg: 172000,180000,190000,
or_pos: 238000,208000,185000,214000,173000,202000,363000,457000,176000,206000,
and_neg: 197000,220000,
and_pos: 136000,138000,145000,133000,139000,143000,358000,302000,
implies: 146000,152000,159000,352000,
not_not: 268000,
parsing: 85604000,
aci_simp: 945000,968000,983000,1034000,1009000,1060000,1048000,976000,1038000,975000,972000,1036000,1047000,1018000,1075000,1055000,1068000,1002000,937000,966000,963000,1010000,1000000,1058000,1075000,1022000,1035000,936000,1819000,1862000,1863000,1964000,1972000,1929000,1801000,1788000,2167000,2040000,2134000,1589000,2129000,2359000,1799000,2125000,1675000,
evaluate: 194000,205000,204000,204000,210000,201000,187000,199000,243000,197000,302000,323000,428000,425000,440000,
onepoint: 1042000,1296000,1637000,1042000,1326000,1657000,1042000,1264000,1612000,1029000,2444000,3063000,5651000,2515000,3124000,
qnt_join: 227000,264000,224000,281000,226000,264000,396000,488000,358000,437000,
subproof: 1139000,1122000,1145000,3103000,
and_intro: 146000,151000,
equiv_pos2: 231000,147000,233000,131000,233000,131000,457000,268000,354000,244000,194000,
not_equiv1: 109000,
not_equiv2: 118000,
reordering: 207000,259000,231000,326000,212000,266000,302000,210000,251000,242000,331000,444000,558000,714000,202000,265000,
resolution: 173000,151000,211000,182000,219000,287000,178000,218000,265000,308000,250000,243000,379000,158000,196000,230000,293000,195000,225000,267000,252000,235000,373000,164000,167000,191000,237000,285000,191000,220000,283000,371000,377000,344000,259000,261000,419000,191000,212000,248000,307000,310000,383000,414000,547000,510000,871000,326000,315000,443000,424000,743000,650000,259000,328000,468000,
contraction: 203000,233000,244000,229000,307000,208000,235000,458000,514000,
forall_inst: 772000,751000,768000,735000,787000,764000,1389000,1584000,1851000,825000,
implies_neg1: 184000,192000,200000,213000,
implies_neg2: 171000,168000,173000,402000,
__local_input: 23000,34000,28000,51000,25000,33000,25000,58000,
qnt_rm_unused: 283000,1040000,353000,1561000,285000,1028000,352000,1589000,283000,1011000,372000,1619000,538000,1640000,649000,2547000,459000,2080000,581000,3045000,
equiv_simplify: 190000,173000,412000,183000,
__normalized_input: 1455000,1273000,446000,478000,635000,
rare_rewrite_eq-refl: 77000,84000,82000,82000,95000,81000,73000,80000,77000,78000,144000,174000,139000,154000,158000,
rare_rewrite_eq-symm: 86000,96000,86000,83000,92000,96000,87000,89000,88000,150000,156000,157000,154000,170000,186000,
rare_rewrite_or-not-refl: 6256000,6540000,6709000,6685000,15507000,6887000,6390000,6572000,6719000,17209000,11807000,12006000,13240000,14025000,15462000,
rare_rewrite_bool-impl-elim: 6448000,6450000,6433000,13015000,13047000,
rare_rewrite_bool-impl-false1: 6460000,6938000,6497000,6934000,6861000,7291000,11526000,12412000,12482000,13991000,
rare_rewrite_bool-and-de-morgan: 6172000,6535000,6657000,6767000,6602000,6488000,6570000,7621000,6440000,6791000,6946000,6984000,6673000,11708000,11823000,11816000,20037000,16103000,16037000,15050000,
rare_rewrite_bool-double-not-elim: 134000,136000,129000,175000,345000,136000,

