1; Draft.Scratch_smt_check_7_26568; 2026-04-10 13:44:36.091;
bind: 202000,392000,385000,321000,345000,325000,
cong: 128000,68000,61000,138000,237000,176000,100000,85000,207000,91000,91000,83000,191000,217000,153000,
refl: 42000,72000,
trans: 168000,157000,199000,12046000,166000,188000,314000,299000,286000,299000,159000,
or_pos: 396000,
implies: 315000,
parsing: 4644000,
subproof: 2767000,
poly_simp: 3106000,3076000,3132000,
equiv_pos2: 254000,112000,115000,228000,
reordering: 486000,
resolution: 211000,294000,383000,293000,338000,645000,640000,415000,414000,
contraction: 521000,
forall_inst: 1266000,
implies_neg1: 448000,
implies_neg2: 445000,
__local_input: 108000,
poly_simp_rel: 1782000,1870000,1788000,
connective_def: 437000,408000,
__normalized_input: 1702000,965000,934000,1183000,
rare_rewrite_arith-elim-leq: 11165000,11058000,10890000,
rare_rewrite_bool-and-de-morgan: 11588000,10993000,
rare_rewrite_bool-double-not-elim: 168000,291000,

