1; Draft.Scratch_smt_check_7_27501; 2026-04-10 13:48:55.532;
bind: 824000,954000,722000,829000,736000,664000,855000,622000,626000,620000,653000,668000,633000,625000,615000,663000,668000,680000,645000,655000,648000,724000,661000,633000,660000,667000,698000,916000,662000,618000,
cong: 119000,63000,150000,755000,441000,537000,199000,96000,73000,104000,457000,117000,106000,76000,457000,685000,111000,54000,87000,82000,118000,51000,75000,109000,97000,67000,84000,95000,423000,121000,316000,233000,196000,289000,315000,209000,117000,50000,128000,407000,103000,91000,55000,398000,159000,93000,52000,66000,73000,89000,45000,71000,100000,78000,46000,64000,78000,496000,107000,276000,207000,118000,191000,256000,163000,101000,49000,99000,530000,365000,140000,77000,336000,102000,110000,51000,57000,59000,170000,91000,85000,97000,67000,56000,58000,70000,407000,107000,95000,59000,388000,167000,99000,52000,88000,84000,92000,49000,70000,108000,108000,72000,67000,81000,399000,100000,299000,208000,125000,178000,261000,184000,93000,48000,105000,389000,118000,100000,62000,380000,145000,93000,47000,63000,80000,97000,46000,61000,98000,81000,45000,76000,87000,524000,102000,302000,218000,118000,179000,314000,165000,92000,43000,95000,522000,363000,127000,74000,322000,119000,84000,46000,53000,56000,376000,112000,97000,63000,407000,144000,86000,45000,58000,73000,88000,49000,74000,101000,85000,53000,72000,92000,386000,92000,282000,216000,149000,205000,260000,186000,99000,50000,111000,389000,107000,96000,58000,402000,148000,93000,47000,67000,88000,149000,50000,64000,111000,81000,57000,66000,85000,403000,105000,282000,196000,141000,163000,306000,169000,97000,48000,94000,515000,354000,130000,67000,326000,96000,84000,43000,53000,57000,430000,144000,86000,97000,40000,26000,44000,41000,26000,21000,23000,127000,140000,82000,43000,64000,77000,102000,45000,61000,76000,126000,
refl: 46000,86000,80000,90000,39000,43000,40000,36000,26000,29000,114000,114000,84000,36000,136000,36000,29000,27000,33000,17000,21000,82000,90000,83000,53000,93000,27000,33000,78000,38000,35000,29000,39000,20000,25000,87000,95000,85000,34000,81000,60000,27000,31000,33000,19000,24000,89000,86000,79000,33000,84000,76000,37000,26000,28000,36000,20000,22000,80000,92000,82000,35000,79000,39000,29000,123000,33000,18000,25000,85000,86000,81000,35000,81000,84000,15000,15000,17000,26000,17000,25000,16000,20000,
symm: 167000,181000,132000,114000,147000,125000,241000,129000,135000,133000,137000,116000,
trans: 198000,715000,762000,243000,621000,656000,541000,566000,376000,333000,492000,528000,324000,568000,585000,172000,572000,559000,453000,504000,275000,214000,294000,359000,247000,449000,184000,146000,193000,197000,157000,150000,544000,562000,167000,526000,773000,448000,498000,291000,209000,288000,317000,306000,556000,569000,166000,562000,560000,514000,472000,280000,211000,279000,300000,248000,439000,172000,132000,167000,575000,562000,168000,549000,553000,449000,499000,296000,260000,282000,334000,258000,546000,580000,165000,530000,614000,432000,488000,276000,199000,258000,272000,259000,438000,170000,129000,168000,315000,
equiv1: 189000,516000,
equiv2: 175000,7916000,298000,
or_neg: 214000,266000,360000,327000,295000,295000,191000,186000,238000,185000,178000,221000,
or_pos: 344000,315000,340000,470000,
and_pos: 372000,304000,315000,395000,380000,387000,335000,330000,146000,
implies: 3480000,618000,577000,467000,534000,480000,
not_and: 362000,
not_not: 291000,
parsing: 168457000,
aci_simp: 2817000,2434000,1686000,1636000,1264000,1211000,1271000,1762000,1257000,1320000,1626000,1224000,1156000,1200000,1686000,1301000,1501000,1663000,1185000,1126000,1198000,
evaluate: 313000,272000,264000,264000,258000,272000,273000,
subproof: 6364000,2716000,1386000,2436000,1644000,2208000,
and_intro: 404000,
equiv_pos1: 38000,31000,34000,
equiv_pos2: 81000,78000,41000,893000,1011000,77000,586000,408000,658000,595000,396000,408000,601000,578000,30000,406000,400000,617000,578000,309000,115000,137000,33000,101000,
reordering: 186000,302000,309000,445000,497000,1299000,440000,1536000,443000,214000,653000,196000,201000,184000,199000,
resolution: 222000,221000,272000,223000,299000,314000,287000,261000,888000,538000,959000,745000,1140000,1491000,709000,311000,297000,507000,709000,398000,448000,681000,680000,1148000,1148000,961000,530000,538000,704000,1882000,331000,361000,452000,395000,1181000,208000,260000,378000,267000,304000,343000,508000,522000,548000,924000,821000,586000,478000,738000,639000,1262000,284000,338000,530000,709000,559000,794000,790000,445000,483000,359000,388000,379000,362000,386000,
contraction: 221000,929000,934000,717000,520000,591000,821000,733000,837000,835000,281000,275000,
forall_inst: 1820000,1221000,1225000,1169000,
implies_neg1: 971000,774000,770000,515000,783000,730000,
implies_neg2: 817000,808000,356000,750000,750000,792000,
__local_input: 436000,210000,231000,48000,26000,31000,117000,214000,75000,53000,26000,89000,
equiv_simplify: 630000,371000,
implies_simplify: 619000,
__normalized_input: 19156000,16412000,1812000,573000,512000,501000,791000,
rare_rewrite_eq-refl: 129000,120000,118000,
rare_rewrite_eq-symm: 334000,223000,182000,199000,291000,266000,225000,132000,197000,122000,117000,178000,141000,162000,109000,129000,208000,120000,142000,168000,140000,169000,117000,137000,122000,124000,176000,156000,175000,104000,129000,179000,128000,127000,184000,144000,177000,124000,142000,135000,115000,177000,146000,181000,110000,126000,214000,
rare_rewrite_bool-eq-nrefl: 7066000,7997000,6679000,7252000,6263000,6810000,
rare_rewrite_bool-impl-elim: 14147000,8870000,8838000,8193000,9426000,7365000,
rare_rewrite_bool-not-eq-elim1: 11297000,13342000,8133000,9244000,7195000,7960000,7454000,7354000,9323000,8691000,8199000,6729000,
rare_rewrite_bool-and-de-morgan: 12691000,13243000,10173000,9871000,9012000,8509000,7219000,7424000,8586000,7873000,6623000,7366000,
rare_rewrite_bool-double-not-elim: 268000,138000,143000,
rare_rewrite_bool-implies-de-morgan: 14146000,9466000,7885000,7573000,19624000,7353000,

