1; Draft.Scratch_smt_check_7_11375; 2026-04-10 13:47:13.613;
bind: 229000,207000,230000,185000,388000,365000,300000,450000,366000,311000,421000,398000,409000,382000,375000,392000,386000,437000,424000,439000,230000,579000,282000,388000,237000,533000,537000,655000,647000,284000,273000,382000,346000,177000,184000,165000,1684000,177000,594000,401000,382000,179000,181000,197000,184000,155000,300000,285000,10793000,317000,210000,205000,223000,208000,282000,241000,258000,247000,390000,373000,296000,270000,246000,189000,253000,228000,160000,262000,280000,211000,236000,263000,270000,226000,309000,
cong: 108000,198000,187000,199000,117000,578000,615000,130000,112000,93000,60000,60000,58000,66000,67000,73000,67000,190000,113000,58000,61000,59000,67000,68000,66000,159000,198000,109000,334000,213000,145000,102000,178000,107000,108000,111000,111000,109000,182000,147000,322000,212000,261000,90000,326000,145000,126000,83000,132000,120000,131000,120000,131000,119000,294000,116000,162000,127000,139000,140000,267000,275000,464000,275000,319000,155000,268000,128000,109000,91000,294000,136000,228000,123000,132000,106000,190000,100000,162000,76000,72000,159000,132000,84000,87000,134000,177000,68000,60000,84000,57000,76000,63000,66000,92000,91000,82000,168000,164000,147000,77000,268000,173000,171000,159000,160000,113000,95000,109000,92000,66000,60000,69000,108000,158000,66000,176000,148000,129000,80000,205000,120000,196000,118000,589000,626000,134000,108000,96000,64000,65000,59000,92000,65000,72000,73000,188000,131000,68000,63000,59000,68000,70000,77000,160000,125000,68000,212000,136000,95000,64000,111000,64000,65000,65000,70000,73000,124000,80000,194000,128000,140000,139000,134000,125000,135000,129000,
refl: 62000,126000,59000,142000,61000,74000,662000,174000,204000,180000,181000,42000,86000,109000,135000,210000,61000,44000,112000,112000,120000,136000,214000,65000,60000,42000,68000,41000,427000,89000,90000,94000,93000,41000,93000,62000,127000,58000,127000,63000,107000,
symm: 100000,92000,89000,133000,116000,113000,114000,93000,132000,117000,107000,111000,170000,251000,220000,200000,385000,667000,387000,196000,244000,337000,144000,102000,126000,300000,159000,145000,142000,133000,334000,155000,400000,264000,192000,117000,121000,112000,137000,197000,352000,222000,108000,90000,110000,134000,119000,111000,114000,99000,141000,126000,116000,120000,99000,171000,123000,115000,117000,
trans: 204000,326000,296000,295000,165000,198000,366000,269000,285000,165000,176000,231000,190000,210000,131000,142000,173000,196000,128000,142000,164000,239000,189000,212000,256000,272000,322000,428000,235000,297000,272000,330000,393000,352000,349000,349000,338000,176000,405000,411000,437000,388000,389000,323000,187000,302000,315000,318000,510000,449000,473000,153000,150000,275000,201000,230000,129000,157000,180000,417000,455000,435000,462000,596000,499000,541000,274000,271000,289000,337000,304000,553000,513000,471000,493000,157000,157000,516000,158000,136000,340000,271000,286000,145000,157000,169000,176000,224000,187000,164000,161000,163000,164000,212000,165000,257000,210000,235000,144000,176000,190000,228000,251000,351000,294000,231000,145000,149000,159000,149000,200000,217000,194000,204000,191000,96000,235000,226000,253000,219000,244000,176000,196000,318000,266000,288000,176000,177000,312000,275000,288000,169000,181000,237000,188000,213000,140000,139000,128000,235000,134000,150000,135000,241000,204000,216000,142000,168000,180000,216000,155000,206000,141000,150000,227000,315000,326000,305000,
equiv1: 205000,154000,151000,109000,
equiv2: 287000,226000,119000,148000,
or_pos: 327000,230000,301000,196000,259000,351000,285000,189000,197000,331000,215000,183000,278000,212000,187000,198000,226000,199000,346000,502000,395000,334000,369000,417000,465000,416000,1010000,172000,170000,270000,421000,491000,321000,306000,458000,446000,327000,567000,360000,399000,170000,182000,185000,237000,170000,970000,167000,190000,523000,482000,203000,190000,192000,493000,225000,225000,334000,254000,248000,316000,266000,360000,237000,196000,257000,282000,420000,191000,192000,182000,241000,214000,197000,344000,213000,201000,203000,171000,246000,211000,202000,277000,231000,193000,221000,169000,260000,224000,205000,279000,238000,170000,222000,180000,195000,168000,194000,674000,
and_neg: 174000,223000,244000,199000,162000,216000,138000,158000,3745000,
and_pos: 218000,189000,191000,192000,2975000,3005000,3005000,2845000,2945000,2823000,2782000,2776000,2773000,2778000,2880000,2788000,2766000,2796000,17795000,2750000,2697000,2702000,2677000,2707000,2726000,2795000,2695000,2675000,2670000,2677000,2634000,2661000,2715000,4326000,2603000,2606000,2635000,2611000,215000,210000,221000,197000,
implies: 549000,196000,379000,359000,196000,197000,202000,519000,3094000,269000,537000,201000,197000,194000,228000,217000,212000,
parsing: 192322000,
aci_simp: 1713000,1261000,1377000,1220000,1036000,1777000,1956000,1025000,1033000,992000,1034000,995000,1034000,1016000,1343000,909000,1039000,992000,2040000,2091000,2146000,1765000,1670000,1348000,931000,1107000,927000,908000,1097000,1277000,1346000,965000,1357000,1078000,1204000,1082000,1259000,1059000,1132000,1671000,1424000,1776000,1528000,1529000,1248000,
evaluate: 260000,181000,
onepoint: 2143000,1232000,
qnt_join: 438000,257000,
subproof: 2239000,1848000,2559000,2653000,2908000,4364000,1641000,2279000,1406000,1432000,1680000,
equiv_pos1: 63000,92000,124000,117000,63000,125000,51000,65000,
equiv_pos2: 129000,139000,101000,237000,234000,748000,221000,343000,455000,236000,279000,279000,243000,246000,439000,588000,138000,188000,218000,218000,221000,401000,193000,304000,377000,384000,660000,518000,189000,178000,247000,115000,100000,88000,99000,100000,422000,270000,104000,99000,109000,100000,193000,156000,331000,202000,129000,132000,308000,143000,233000,234000,742000,228000,201000,223000,121000,146000,96000,132000,147000,104000,125000,125000,229000,188000,330000,224000,108000,105000,231000,
reordering: 410000,336000,446000,362000,217000,251000,253000,393000,598000,333000,221000,233000,326000,252000,228000,417000,276000,218000,234000,381000,251000,423000,808000,561000,442000,493000,623000,719000,542000,313000,399000,342000,457000,1995000,203000,271000,268000,219000,270000,265000,274000,264000,306000,432000,423000,752000,891000,389000,400000,691000,731000,404000,966000,522000,490000,190000,206000,264000,319000,185000,252000,183000,231000,846000,8038000,159353000,914000,269000,241000,228000,865000,318000,298000,305000,452000,362000,339000,501000,384000,597000,308000,220000,252000,246000,417000,441000,778000,226000,239000,242000,330000,264000,242000,440000,286000,233000,254000,200000,343000,265000,236000,438000,286000,229000,250000,197000,344000,274000,232000,404000,297000,191000,213000,301000,302000,188000,221000,295000,317000,202000,202000,318000,273000,327000,458000,171000,213000,224000,251000,1067000,
resolution: 4102000,180000,229000,247000,317000,194000,235000,255000,249000,324000,177000,220000,250000,246000,472000,228000,171000,200000,217000,266000,328000,196000,256000,193000,226000,444000,523000,372000,603000,808000,878000,522000,343000,179000,164000,173000,209000,178000,216000,196000,243000,183000,186000,232000,258000,310000,321000,208000,188000,214000,279000,336000,355000,237000,203000,208000,171000,207000,202000,240000,169000,183000,218000,244000,299000,286000,301000,353000,349000,375000,488000,574000,603000,406000,326000,354000,416000,311000,389000,356000,397000,419000,363000,423000,423000,327000,363000,419000,522000,580000,605000,373000,426000,387000,290000,314000,303000,272000,290000,299000,534000,598000,415000,523000,210000,257000,202000,223000,235000,213000,140000,197000,166000,219000,256000,152000,205000,160000,210000,260000,154000,214000,266000,394000,484000,397000,262000,323000,280000,138000,155000,215000,277000,256000,296000,337000,283000,356000,398000,493000,476000,577000,743000,813000,494000,465000,301000,339000,506000,638000,815000,509000,275000,265000,325000,357000,367000,279000,361000,341000,414000,408000,342000,402000,387000,174000,198000,226000,168000,193000,217000,170000,220000,171000,207000,169000,5881000,169000,203000,263000,208000,221000,2218000,4424000,3457000,2400000,62407000,398000,488000,420000,379000,474000,338000,169000,169000,190000,227000,230000,180000,218000,182000,214000,233000,200000,236000,249000,295000,169000,201000,233000,169000,233000,260000,320000,260000,322000,293000,151000,166000,235000,296000,292000,232000,281000,347000,426000,466000,311000,245000,317000,296000,268000,325000,235000,176000,202000,223000,234000,209000,241000,246000,181000,224000,167000,190000,211000,309000,352000,232000,329000,228000,285000,386000,513000,329000,595000,818000,885000,508000,349000,194000,176000,179000,212000,185000,225000,207000,232000,174000,235000,172000,191000,239000,264000,344000,181000,253000,189000,219000,287000,426000,640000,270000,175000,223000,196000,234000,721000,259000,178000,230000,187000,204000,227000,243000,301000,321000,186000,225000,187000,225000,288000,350000,365000,271000,174000,210000,282000,174000,227000,210000,244000,312000,176000,239000,175000,227000,186000,233000,297000,214000,259000,322000,190000,221000,309000,202000,230000,293000,281000,331000,361000,229000,333000,247000,206000,226000,231000,235000,156000,250000,185000,228000,220000,259000,326000,163000,270000,174000,208000,359000,251000,323000,154000,211000,174000,231000,288000,182000,207000,298000,333000,172000,190000,162000,164000,191000,243000,
contraction: 780000,284000,555000,701000,723000,4316000,24158000,377000,787000,299000,294000,303000,
forall_inst: 1006000,1224000,862000,765000,1070000,1018000,796000,1184000,1116000,1102000,947000,1096000,646000,633000,642000,708000,751000,687000,1335000,797000,663000,712000,661000,661000,724000,647000,701000,1558000,1227000,1307000,1223000,1348000,1391000,1451000,1292000,1492000,1269000,1292000,901000,771000,825000,617000,624000,1212000,877000,1370000,1190000,1202000,1441000,1227000,1785000,1922000,1272000,1249000,1292000,712000,678000,619000,701000,695000,677000,709000,741000,1204000,1122000,796000,741000,698000,689000,1193000,770000,681000,830000,936000,762000,827000,788000,888000,934000,738000,873000,747000,787000,853000,993000,880000,1289000,707000,739000,664000,703000,734000,684000,664000,753000,808000,907000,1028000,851000,1826000,775000,724000,865000,851000,811000,954000,1174000,711000,761000,760000,784000,818000,824000,845000,866000,1215000,924000,905000,943000,775000,898000,1030000,802000,1005000,809000,838000,
implies_neg1: 675000,257000,468000,476000,653000,368000,705000,252000,268000,259000,5885000,
implies_neg2: 984000,262000,480000,501000,639000,3161000,372000,905000,392000,268000,279000,
__local_input: 112000,69000,94000,131000,137000,97000,107000,94000,86000,98000,66000,85000,83000,40000,72000,39000,27000,28000,27000,28000,58000,32000,34000,39000,29000,28000,43000,24000,25000,26000,41000,70000,31000,39000,31000,33000,22000,30000,55000,33000,26000,25000,26000,79000,
equiv_simplify: 414000,332000,385000,3085000,190000,226000,225000,182000,
__normalized_input: 8657000,57210000,14383000,13962000,13468000,13241000,8010000,8283000,11087000,7453000,6927000,6803000,6929000,6062000,5151000,5213000,5113000,6539000,4688000,4664000,4616000,5112000,4130000,3704000,3487000,3173000,2319000,2486000,2540000,2257000,1492000,1771000,932000,997000,1001000,1039000,1543000,
rare_rewrite_eq-refl: 157000,91000,
rare_rewrite_eq-symm: 146000,144000,373000,207000,153000,281000,280000,217000,300000,282000,282000,96000,98000,154000,320000,482000,242000,156000,196000,115000,133000,164000,175000,141000,99000,117000,381000,228000,165000,161000,154000,145000,171000,139000,164000,163000,
rare_rewrite_or-not-refl: 11332000,6521000,
rare_rewrite_bool-impl-elim: 6660000,7549000,8187000,8018000,11861000,11262000,11512000,11422000,11333000,11245000,6014000,6390000,5717000,14075000,11073000,11228000,11161000,10669000,10920000,220687000,5633000,5784000,22671000,5832000,6587000,6215000,6285000,6155000,6309000,6236000,6101000,6256000,6055000,6341000,6528000,6673000,6798000,6994000,7666000,7395000,8158000,7351000,7077000,7723000,7895000,7026000,15461000,
rare_rewrite_bool-and-de-morgan: 8366000,8323000,5644000,5787000,19450000,5506000,5361000,5500000,5455000,5537000,11461000,10623000,10531000,10638000,5525000,5729000,5561000,5978000,5988000,5857000,5847000,5879000,6466000,6430000,5931000,6163000,6375000,

