1; Draft.Scratch_smt_check_7_16781; 2026-04-10 13:42:20.654;
cong: 193000,180000,248000,244000,154000,137000,206000,105000,110000,225000,215000,208000,100000,271000,254000,150000,121000,115000,656000,
refl: 70000,28000,58000,71000,35000,109000,
trans: 306000,291000,333000,277000,221000,313000,325000,360000,
equiv1: 251000,
equiv2: 302000,
or_neg: 450000,472000,421000,
and_neg: 454000,
and_pos: 359000,425000,
implies: 413000,
not_not: 251000,
parsing: 3486000,
subproof: 2165000,
poly_simp: 3236000,3218000,3205000,3238000,3308000,3280000,3331000,
equiv_pos2: 211000,287000,178000,205000,235000,597000,
reordering: 587000,912000,
resolution: 278000,403000,430000,337000,787000,1010000,669000,680000,576000,869000,296000,344000,413000,402000,392000,
contraction: 828000,602000,691000,
implies_neg1: 605000,
implies_neg2: 511000,
__local_input: 57000,69000,
poly_simp_rel: 1837000,1878000,1873000,1890000,1941000,1913000,1840000,
equiv_simplify: 430000,395000,
__normalized_input: 1132000,1139000,815000,1216000,
rare_rewrite_bool-double-not-elim: 287000,

