1; Draft.Scratch_smt_check_7_21074; 2026-04-10 13:48:30.627;
bind: 264000,254000,
cong: 249000,225000,269000,146000,130000,63000,76000,46000,160000,142000,104000,105000,77000,69000,68000,251000,169000,129000,86000,98000,257000,
refl: 15000,16000,19000,16000,15000,19000,
symm: 80000,
trans: 486000,232000,
and_neg: 294000,
and_pos: 264000,238000,
implies: 249000,414000,244000,
parsing: 16511000,
subproof: 1157000,1324000,1203000,
equiv_pos2: 289000,174000,281000,170000,285000,
reordering: 551000,695000,
resolution: 210000,373000,179000,250000,217000,326000,399000,349000,220000,455000,527000,494000,563000,182000,257000,205000,342000,390000,390000,258000,
contraction: 358000,550000,548000,358000,
forall_inst: 759000,814000,770000,833000,
implies_neg1: 337000,342000,557000,
implies_neg2: 328000,616000,330000,
__local_input: 63000,58000,55000,59000,
__normalized_input: 6451000,1907000,1442000,1495000,1711000,769000,
rare_rewrite_eq-symm: 462000,143000,223000,142000,258000,

