1; Draft.Scratch_smt_check_7_19891; 2026-04-10 13:51:00.784;
bind: 473000,503000,392000,203000,230000,258000,302000,251000,267000,275000,
cong: 147000,121000,143000,118000,71000,198000,98000,122000,79000,93000,82000,107000,82000,68000,89000,79000,47000,127000,
refl: 36000,39000,32000,33000,296000,38000,22000,24000,
symm: 262000,259000,220000,143000,
trans: 460000,514000,258000,443000,412000,369000,469000,210000,179000,142000,213000,230000,250000,242000,256000,129000,242000,
implies: 214000,
parsing: 2888000,
aci_simp: 1334000,1327000,
evaluate: 353000,
onepoint: 1171000,
qnt_join: 290000,
subproof: 1668000,
equiv_pos2: 236000,107000,131000,
resolution: 393000,601000,499000,519000,372000,384000,253000,386000,
contraction: 315000,
forall_inst: 734000,1126000,
implies_neg1: 348000,
implies_neg2: 280000,
__local_input: 466000,
connective_def: 631000,346000,
__normalized_input: 6633000,3646000,652000,1282000,
rare_rewrite_eq-refl: 128000,
rare_rewrite_eq-symm: 381000,160000,194000,
rare_rewrite_or-not-refl: 6764000,
rare_rewrite_bool-impl-elim: 7326000,
rare_rewrite_bool-double-not-elim: 493000,239000,

