1; Draft.Scratch_smt_check_7_17483; 2026-04-10 13:43:17.645;
bind: 322000,252000,328000,253000,336000,320000,315000,258000,240000,336000,332000,247000,158000,328000,238000,175000,320000,320000,316000,444000,319000,275000,
cong: 267000,160000,179000,62000,62000,242000,259000,152000,178000,45000,63000,50000,83000,307000,233000,245000,260000,179000,152000,100000,296000,315000,270000,52000,157000,205000,56000,116000,82000,57000,283000,345000,265000,75000,62000,154000,180000,46000,65000,111000,80000,51000,75000,276000,310000,249000,195000,280000,297000,247000,134000,188000,144000,575000,
refl: 46000,41000,19000,23000,23000,22000,60000,46000,50000,47000,19000,33000,41000,20000,23000,38000,94000,82000,308000,
symm: 61000,76000,53000,56000,64000,
trans: 150000,167000,323000,323000,332000,314000,340000,330000,307000,335000,317000,326000,299000,219000,190000,239000,349000,417000,433000,450000,317000,324000,322000,294000,297000,337000,196000,250000,264000,296000,
equiv1: 312000,566000,
equiv2: 550000,
or_neg: 296000,262000,
not_and: 274000,
parsing: 91594000,
aci_simp: 1289000,1345000,1338000,1297000,1166000,1254000,1363000,1176000,14260000,2443000,
equiv_pos2: 102000,33000,312000,675000,707000,
reordering: 467000,
resolution: 160000,222000,244000,339000,199000,346000,394000,394000,456000,421000,
contraction: 442000,
connective_def: 455000,
equiv_simplify: 711000,1015000,
miniscope_split: 455000,
__normalized_input: 1719000,889000,1062000,1316000,875000,
rare_rewrite_eq-symm: 71000,85000,65000,85000,541000,74000,75000,88000,98000,128000,145000,
rare_rewrite_bool-eq-false: 6045000,
rare_rewrite_bool-impl-elim: 6898000,6472000,11964000,
rare_rewrite_bool-impl-false1: 12627000,13829000,
rare_rewrite_bool-and-de-morgan: 6524000,6815000,6423000,6134000,6879000,11470000,12216000,
rare_rewrite_bool-double-not-elim: 281000,

