1; Draft.Scratch_smt_check_7_14596; 2026-04-10 13:47:35.502;
bind: 648000,648000,600000,342000,391000,398000,
cong: 298000,143000,291000,145000,566000,375000,265000,149000,168000,101000,299000,207000,93000,195000,102000,186000,114000,587000,393000,546000,
refl: 114000,247000,118000,242000,98000,116000,58000,134000,70000,127000,67000,242000,90000,114000,135000,
symm: 160000,
trans: 574000,472000,518000,262000,251000,582000,492000,590000,249000,260000,525000,459000,432000,249000,265000,280000,220000,234000,140000,159000,161000,153000,322000,392000,278000,148000,158000,333000,262000,275000,143000,196000,
equiv1: 313000,
equiv2: 134000,
or_neg: 257000,268000,282000,286000,
or_pos: 552000,299000,583000,
and_neg: 592000,
and_pos: 273000,276000,256000,
implies: 544000,257000,286000,291000,
not_not: 135000,
parsing: 61956000,
aci_simp: 2206000,1701000,2141000,1768000,2115000,1767000,1134000,953000,1321000,1024000,1282000,1388000,
subproof: 3285000,1833000,1379000,1894000,
poly_simp: 3159000,2224000,3540000,
equiv_pos2: 469000,467000,872000,219000,222000,368000,242000,476000,809000,681000,
reordering: 861000,379000,804000,870000,
resolution: 372000,500000,645000,544000,643000,855000,1007000,629000,553000,450000,588000,504000,351000,487000,556000,346000,317000,620000,1708000,544000,412000,365000,797000,189000,165000,212000,285000,370000,345000,384000,507000,604000,363000,340000,
contraction: 852000,406000,634000,443000,431000,453000,
forall_inst: 1517000,829000,1700000,
implies_neg1: 766000,368000,832000,862000,
implies_neg2: 772000,356000,340000,422000,
__local_input: 228000,137000,273000,102000,89000,100000,
poly_simp_rel: 1881000,1083000,2029000,
equiv_simplify: 255000,471000,
__normalized_input: 1836000,1586000,1633000,1224000,1029000,903000,1154000,
rare_rewrite_bool-impl-elim: 11655000,11426000,6393000,6866000,6703000,25767000,
rare_rewrite_bool-and-de-morgan: 10630000,11033000,10600000,10878000,10610000,11492000,5871000,6002000,6125000,6486000,6259000,6200000,
rare_rewrite_bool-double-not-elim: 395000,

