1; Draft.Scratch_smt_check_7_25766; 2026-04-10 13:48:29.674;
bind: 742000,742000,243000,340000,362000,331000,354000,
cong: 293000,188000,176000,290000,191000,179000,371000,305000,134000,186000,98000,183000,98000,290000,208000,
refl: 61000,282000,59000,155000,45000,67000,120000,67000,113000,
symm: 140000,
false: 21000,
trans: 246000,583000,472000,536000,359000,355000,315000,573000,425000,473000,351000,351000,327000,154000,185000,146000,286000,294000,306000,254000,273000,136000,154000,291000,301000,310000,283000,271000,135000,152000,
equiv2: 131000,119000,
or_pos: 228000,348000,296000,
implies: 623000,286000,
not_not: 132000,
parsing: 34457000,
aci_simp: 2252000,1898000,2714000,1901000,1020000,1158000,1156000,933000,1121000,1137000,931000,
evaluate: 220000,
subproof: 3845000,1629000,
equiv_pos2: 550000,294000,485000,144000,219000,214000,355000,36000,
reordering: 287000,527000,402000,
resolution: 205000,271000,284000,640000,837000,597000,782000,1111000,1289000,828000,735000,215000,276000,276000,229000,167000,264000,485000,224000,375000,366000,461000,560000,298000,234000,383000,
contraction: 1016000,420000,
forall_inst: 944000,786000,869000,
implies_neg1: 458000,407000,
implies_neg2: 867000,399000,
__local_input: 128000,112000,
equiv_simplify: 212000,201000,
miniscope_split: 466000,461000,
__normalized_input: 19366000,5987000,3433000,3830000,2821000,1723000,1617000,1009000,923000,1107000,
rare_rewrite_eq-symm: 139000,235000,
rare_rewrite_bool-impl-elim: 12017000,6544000,6088000,6294000,6316000,
rare_rewrite_bool-and-de-morgan: 11406000,11700000,12177000,11220000,6985000,6186000,6150000,5766000,5837000,5861000,5886000,

