1; Draft.Scratch_smt_check_7_24561; 2026-04-10 13:48:26.740;
bind: 258000,279000,253000,234000,155000,269000,219000,155000,221000,253000,327000,
cong: 78000,64000,168000,136000,192000,113000,104000,83000,124000,57000,87000,71000,
refl: 32000,
trans: 213000,213000,209000,230000,
choice: 78000,
or_pos: 235000,197000,
and_neg: 158000,
and_pos: 118000,
implies: 182000,183000,
parsing: 10676000,
subproof: 1605000,1541000,
equiv_neg1: 33000,
equiv_neg2: 31000,
equiv_pos1: 41000,51000,
equiv_pos2: 163000,44000,164000,160000,244000,72000,116000,60000,299000,
reordering: 168000,242000,272000,244000,199000,198000,227000,209000,227000,
resolution: 221000,292000,200000,179000,171000,192000,216000,477000,206000,220000,242000,301000,287000,343000,368000,238000,305000,192000,247000,218000,321000,353000,229000,309000,
sko_forall: 1278000,
contraction: 306000,322000,
forall_inst: 809000,716000,793000,1380000,
implies_neg1: 251000,469000,
implies_neg2: 243000,225000,
__local_input: 135000,220000,
__normalized_input: 6709000,4288000,4672000,4285000,1019000,1104000,
rare_rewrite_eq-symm: 103000,129000,97000,164000,143000,
rare_rewrite_bool-impl-elim: 6402000,6934000,6838000,28938000,

