1; Draft.Scratch_smt_check_7_20636; 2026-04-10 13:45:20.143;
bind: 405000,673000,694000,1146000,729000,677000,714000,664000,
cong: 45000,44000,48000,62000,923000,56000,75000,978000,282000,86000,98000,63000,69000,46000,59000,42000,38000,33000,62000,72000,69000,92000,45000,40000,54000,56000,390000,413000,755000,345000,325000,301000,280000,240000,220000,204000,210000,192000,1019000,101000,426000,434000,374000,359000,286000,264000,250000,231000,78000,77000,78000,88000,1494000,80000,116000,1508000,523000,164000,177000,118000,118000,80000,122000,73000,70000,56000,96000,93000,107000,146000,65000,58000,77000,87000,398000,408000,724000,341000,335000,309000,281000,243000,222000,209000,194000,190000,653000,61000,230000,214000,204000,209000,162000,147000,240000,228000,594000,334000,105000,125000,
refl: 166000,36000,29000,49000,26000,29000,18000,18000,29000,30000,49000,53000,24000,28000,54000,86000,87000,31000,44000,47000,301000,43000,43000,99000,54000,49000,33000,25000,39000,48000,48000,50000,20000,27000,33000,44000,45000,19000,24000,28000,
symm: 68000,66000,101000,61000,
trans: 82000,127000,74000,83000,640000,664000,616000,607000,617000,610000,626000,551000,576000,542000,525000,496000,456000,385000,376000,324000,306000,305000,981000,1022000,923000,876000,810000,738000,619000,597000,538000,145000,208000,135000,165000,1152000,1197000,614000,609000,656000,614000,631000,560000,572000,553000,532000,520000,454000,387000,356000,336000,307000,285000,520000,569000,511000,734000,462000,367000,348000,343000,556000,414000,248000,192000,
or_pos: 308000,
implies: 472000,
parsing: 85580000,
aci_simp: 2097000,1478000,2597000,2605000,2529000,2446000,2227000,2243000,2095000,2151000,1991000,2049000,1472000,1371000,1345000,1330000,1272000,1184000,1168000,15814000,2102000,2057000,1666000,
evaluate: 266000,
subproof: 3296000,
equiv_pos2: 37000,60000,37000,34000,37000,43000,960000,71000,147000,66000,60000,72000,76000,962000,824000,
reordering: 695000,306000,1294000,
resolution: 215000,450000,146000,163000,147000,154000,190000,207000,1051000,328000,595000,940000,1148000,685000,734000,303000,270000,244000,274000,311000,456000,1780000,
contraction: 1050000,
forall_inst: 1685000,
implies_neg1: 872000,
implies_neg2: 828000,
__local_input: 162000,
connective_def: 1622000,834000,
miniscope_split: 1515000,1502000,
__normalized_input: 2614000,2280000,1271000,1187000,1215000,1228000,1172000,1127000,1222000,1149000,1293000,2190000,
rare_rewrite_eq-refl: 168000,181000,
rare_rewrite_eq-symm: 65000,75000,77000,123000,118000,117000,121000,146000,214000,80000,
rare_rewrite_bool-and-de-morgan: 15409000,11879000,11866000,11852000,12149000,12347000,12895000,13385000,13456000,13355000,6217000,6227000,6411000,6735000,6839000,6911000,6984000,7210000,7671000,7817000,
rare_rewrite_bool-double-not-elim: 598000,73000,85000,591000,73000,86000,

