1; Draft.Scratch_smt_check_7_18773; 2026-04-10 13:47:49.956;
bind: 464000,233000,283000,335000,309000,271000,214000,225000,
cong: 387000,159000,89000,132000,105000,77000,76000,65000,71000,316000,240000,144000,96000,99000,53000,47000,32000,27000,27000,251000,75000,62000,51000,49000,50000,32000,44000,19000,105000,94000,38000,73000,
refl: 53000,19000,22000,15000,25000,53000,23000,35000,17000,17000,19000,
symm: 187000,258000,103000,109000,
false: 20000,
trans: 354000,296000,252000,203000,203000,261000,153000,
equiv1: 323000,186000,
equiv2: 258000,328000,
or_pos: 241000,
implies: 475000,372000,285000,
not_not: 256000,
parsing: 13452000,
evaluate: 257000,
subproof: 2185000,1366000,1291000,
equiv_pos1: 100000,132000,
equiv_pos2: 506000,227000,82000,120000,143000,140000,528000,370000,112000,119000,305000,106000,39000,
reordering: 253000,412000,456000,596000,
resolution: 253000,362000,395000,409000,399000,595000,741000,706000,463000,352000,435000,494000,353000,228000,318000,249000,292000,287000,319000,400000,423000,598000,538000,293000,328000,310000,262000,252000,264000,364000,411000,424000,255000,305000,300000,308000,417000,
contraction: 677000,496000,404000,
forall_inst: 1633000,1340000,808000,1339000,1014000,956000,
implies_neg1: 611000,451000,338000,
implies_neg2: 651000,524000,422000,
__local_input: 93000,100000,155000,
equiv_simplify: 392000,412000,283000,421000,
__normalized_input: 14018000,13710000,9547000,9253000,3316000,3410000,3364000,933000,
rare_rewrite_eq-refl: 200000,166000,
rare_rewrite_eq-symm: 672000,176000,248000,204000,448000,177000,169000,350000,
rare_rewrite_bool-impl-elim: 21895000,

