1; Draft.Scratch_smt_check_7_11556; 2026-04-10 13:49:20.490;
bind: 392000,904000,572000,569000,611000,713000,380000,
cong: 313000,176000,167000,266000,133000,218000,319000,302000,250000,
refl: 83000,317000,66000,
symm: 355000,369000,
trans: 754000,566000,583000,440000,447000,369000,472000,383000,414000,
choice: 30000,33000,66000,
equiv1: 549000,
equiv2: 442000,
or_neg: 400000,400000,446000,358000,
or_pos: 474000,494000,488000,480000,855000,518000,
and_pos: 286000,
implies: 476000,
not_not: 362000,
parsing: 8741000,
aci_simp: 2518000,1912000,2028000,
subproof: 2183000,
equiv_pos2: 208000,604000,364000,257000,380000,444000,375000,338000,189000,
reordering: 647000,487000,351000,586000,687000,1541000,525000,582000,
resolution: 276000,365000,277000,431000,847000,7718000,538000,386000,432000,535000,431000,440000,474000,561000,455000,549000,603000,356000,429000,535000,616000,432000,473000,549000,357000,687000,630000,554000,795000,742000,731000,274000,368000,
sko_forall: 6310000,
contraction: 585000,729000,
forall_inst: 1986000,1637000,1671000,1485000,1717000,1422000,1588000,887000,
implies_neg1: 398000,
implies_neg2: 607000,
__local_input: 212000,
equiv_simplify: 653000,696000,
__normalized_input: 5087000,4860000,5200000,5018000,4672000,4721000,4544000,4588000,4709000,
rare_rewrite_bool-impl-elim: 6615000,11727000,13151000,12196000,11660000,11567000,6680000,
rare_rewrite_bool-and-de-morgan: 10972000,11092000,11321000,11583000,
rare_rewrite_bool-double-not-elim: 278000,

