1; Draft.Scratch_smt_check_7_4808; 2026-04-10 13:48:14.698;
bind: 365000,287000,247000,165000,298000,252000,166000,185000,160000,180000,
cong: 82000,126000,152000,140000,197000,134000,107000,64000,62000,95000,64000,44000,87000,75000,64000,54000,134000,
refl: 24000,34000,36000,30000,18000,17000,18000,17000,
symm: 135000,146000,
false: 13000,
trans: 130000,141000,249000,241000,123000,157000,198000,
choice: 74000,
equiv1: 182000,
equiv2: 229000,145000,268000,
or_pos: 475000,
implies: 219000,
not_not: 153000,250000,
parsing: 19909000,
evaluate: 361000,
subproof: 1569000,
equiv_pos2: 97000,158000,164000,255000,55000,84000,137000,58000,
reordering: 569000,
resolution: 134000,178000,195000,195000,284000,206000,201000,184000,241000,271000,282000,342000,330000,386000,397000,281000,326000,179000,177000,234000,228000,187000,277000,424000,
sko_forall: 1784000,
contraction: 346000,
forall_inst: 717000,757000,776000,838000,789000,
implies_neg1: 275000,
implies_neg2: 269000,
__local_input: 94000,
equiv_simplify: 224000,226000,12780000,368000,
__normalized_input: 14932000,11769000,4793000,4661000,1114000,1178000,
rare_rewrite_eq-symm: 148000,140000,127000,138000,151000,
rare_rewrite_bool-impl-elim: 6746000,7029000,

