1; Draft.Scratch_smt_check_7_2910; 2026-04-10 13:45:03.394;
and: 62000,74000,102000,110000,99000,115000,
bind: 168000,156000,137000,217000,209000,158000,522000,522000,264000,233000,217000,289000,
cong: 133000,130000,39000,64000,144000,87000,83000,159000,295000,199000,183000,201000,291000,317000,122000,135000,221000,413000,182000,398000,57000,87000,66000,82000,115000,113000,115000,81000,134000,237000,
refl: 27000,31000,40000,45000,60000,17000,28000,116000,26000,33000,62000,
symm: 55000,
trans: 162000,194000,439000,367000,394000,305000,331000,270000,270000,297000,206000,327000,278000,225000,200000,
choice: 38000,50000,66000,
or_neg: 119000,128000,109000,126000,147000,97000,97000,162000,180000,165000,182000,133000,173000,406000,408000,268000,277000,155000,
or_pos: 177000,203000,171000,763000,324000,337000,
and_neg: 178000,
and_pos: 77000,97000,56000,63000,165000,114000,
implies: 116000,368000,176000,
not_and: 326000,
parsing: 70715000,
aci_simp: 1504000,1130000,962000,1385000,1675000,1624000,1598000,1648000,
subproof: 1064000,1969000,1851000,
equiv_pos2: 75000,122000,26000,33000,156000,76000,67000,131000,396000,131000,100000,241000,466000,237000,121000,227000,176000,
reordering: 139000,146000,174000,114000,242000,160000,191000,176000,101000,116000,241000,1278000,265000,415000,205000,334000,
resolution: 174000,134000,191000,211000,139000,131000,155000,201000,210000,235000,225000,136000,151000,160000,213000,257000,165000,249000,207000,224000,191000,274000,285000,303000,267000,260000,134000,160000,336000,558000,383000,200000,755000,255000,281000,196000,254000,489000,638000,688000,568000,491000,413000,437000,531000,487000,410000,439000,325000,376000,
sko_forall: 907000,2143000,1616000,
contraction: 158000,166000,224000,203000,234000,12351000,571000,389000,366000,
forall_inst: 739000,686000,629000,1038000,735000,1171000,
implies_neg1: 146000,459000,269000,
implies_neg2: 148000,439000,243000,
__local_input: 33000,114000,56000,
__normalized_input: 2350000,1864000,1656000,956000,1046000,990000,897000,798000,775000,972000,791000,816000,973000,
rare_rewrite_bool-impl-elim: 5631000,5605000,5837000,5874000,7331000,7103000,6168000,11094000,
rare_rewrite_bool-and-de-morgan: 5572000,6055000,6422000,6652000,
rare_rewrite_bool-double-not-elim: 137000,82000,135000,87000,363000,292000,

