1; Draft.Scratch_smt_check_7_31433; 2026-04-10 13:45:05.071;
bind: 296000,267000,284000,282000,257000,537000,528000,470000,
cong: 209000,159000,124000,215000,68000,206000,161000,121000,57000,54000,349000,108000,336000,257000,215000,90000,82000,586000,421000,
refl: 116000,21000,91000,98000,100000,112000,95000,190000,198000,187000,
symm: 74000,
trans: 223000,248000,250000,227000,245000,187000,199000,195000,196000,225000,287000,268000,293000,97000,225000,235000,186000,197000,10349000,483000,506000,170000,396000,499000,401000,339000,
equiv1: 202000,
or_pos: 537000,
implies: 271000,
parsing: 32519000,
aci_simp: 1066000,1034000,1035000,972000,1191000,942000,2346000,1811000,
subproof: 1803000,
equiv_pos2: 32000,165000,225000,445000,856000,
reordering: 832000,
resolution: 232000,190000,278000,199000,309000,292000,367000,477000,505000,312000,307000,
contraction: 451000,
forall_inst: 1511000,
implies_neg1: 707000,
implies_neg2: 385000,
__local_input: 146000,
connective_def: 322000,616000,
miniscope_split: 408000,
__normalized_input: 1442000,814000,928000,1027000,726000,
rare_rewrite_eq-symm: 70000,124000,126000,
rare_rewrite_bool-eq-false: 5838000,
rare_rewrite_bool-impl-elim: 5568000,5793000,11208000,
rare_rewrite_bool-and-de-morgan: 5416000,5563000,5342000,5420000,5724000,10361000,10669000,11182000,
rare_rewrite_bool-double-not-elim: 77000,135000,

