1; Draft.Scratch_smt_check_7_17960; 2026-04-10 13:44:00.024;
bind: 430000,425000,446000,441000,393000,462000,424000,472000,
cong: 204000,118000,206000,109000,155000,241000,133000,209000,116000,110000,90000,98000,66000,80000,209000,117000,207000,111000,159000,77000,93000,223000,151000,202000,129000,103000,100000,372000,4347000,
refl: 81000,72000,45000,77000,71000,
symm: 87000,101000,
trans: 388000,386000,358000,365000,338000,202000,213000,398000,368000,385000,312000,325000,236000,
or_pos: 464000,
implies: 364000,
parsing: 30494000,
aci_simp: 2017000,2119000,
subproof: 3093000,
equiv_pos2: 319000,118000,348000,587000,
reordering: 577000,
resolution: 442000,440000,472000,392000,501000,602000,750000,457000,436000,
contraction: 569000,
forall_inst: 5628000,
implies_neg1: 594000,
implies_neg2: 459000,
__local_input: 98000,
__normalized_input: 1357000,789000,803000,732000,922000,
rare_rewrite_eq-symm: 218000,195000,123000,188000,169000,145000,111000,
rare_rewrite_bool-impl-elim: 11939000,20538000,
rare_rewrite_bool-and-de-morgan: 11727000,12730000,
rare_rewrite_bool-double-not-elim: 163000,210000,151000,

