1; Draft.Scratch_smt_check_7_10045; 2026-04-10 13:43:49.840;
cong: 151000,119000,160000,166000,198000,148000,137000,118000,221000,151000,141000,155000,160000,147000,179000,199000,134000,203000,529000,
refl: 40000,39000,24000,49000,28000,26000,53000,74000,43000,148000,
symm: 163000,
trans: 235000,295000,353000,268000,247000,289000,
equiv1: 376000,
equiv2: 264000,
or_neg: 392000,461000,388000,
and_neg: 393000,
and_pos: 322000,4105000,
implies: 440000,
not_not: 236000,
parsing: 8804000,
subproof: 2248000,
equiv_pos2: 132000,164000,120000,217000,142000,128000,174000,607000,
reordering: 630000,860000,
resolution: 356000,401000,334000,386000,318000,828000,1002000,693000,618000,593000,874000,327000,277000,368000,352000,397000,353000,
contraction: 4865000,663000,657000,
implies_neg1: 588000,
implies_neg2: 554000,
__local_input: 49000,85000,
equiv_simplify: 3818000,540000,
__normalized_input: 1177000,1010000,981000,5451000,892000,
rare_rewrite_eq-symm: 266000,305000,373000,307000,285000,
rare_rewrite_bool-double-not-elim: 285000,

