1; Draft.Scratch_smt_check_7_16410; 2026-04-10 13:46:34.794;
bind: 145000,157000,149000,132000,153000,148000,138000,164000,151000,128000,132000,135000,126000,126000,123000,140000,154000,146000,127000,146000,144000,132000,155000,137000,127000,118000,125000,152000,162000,144000,127000,141000,140000,134000,168000,238000,
cong: 96000,61000,108000,54000,66000,40000,80000,81000,96000,86000,116000,91000,140000,88000,48000,72000,63000,48000,72000,62000,46000,91000,58000,93000,54000,67000,43000,82000,70000,93000,86000,73000,88000,140000,88000,52000,89000,55000,43000,94000,59000,90000,59000,62000,44000,79000,69000,98000,88000,86000,137000,212000,147000,286000,
refl: 22000,32000,19000,23000,21000,26000,20000,20000,23000,21000,59000,19000,21000,20000,29000,23000,21000,41000,30000,17000,21000,20000,24000,24000,
symm: 84000,88000,87000,81000,80000,81000,
trans: 152000,145000,117000,179000,112000,93000,130000,154000,95000,128000,135000,91000,94000,108000,117000,121000,124000,91000,118000,97000,96000,150000,148000,108000,119000,106000,90000,137000,132000,135000,140000,131000,92000,118000,106000,96000,125000,92000,95000,150000,156000,109000,118000,107000,88000,135000,133000,95000,127000,135000,117000,180000,209000,285000,
equiv1: 136000,
equiv2: 88000,92000,
or_neg: 169000,160000,165000,162000,
and_pos: 117000,103000,128000,123000,116000,125000,
implies: 119000,112000,163000,107000,
not_and: 182000,
not_not: 116000,
parsing: 18028000,
evaluate: 190000,
subproof: 1066000,1032000,1052000,1089000,1083000,
and_intro: 116000,
equiv_pos1: 47000,44000,45000,
equiv_pos2: 96000,36000,52000,42000,83000,41000,87000,119000,72000,40000,74000,73000,76000,103000,36000,46000,39000,84000,40000,82000,122000,28000,70000,82000,96000,36000,45000,40000,80000,93000,178000,228000,237000,
reordering: 227000,239000,230000,515000,231000,
resolution: 201000,181000,161000,238000,184000,205000,139000,213000,239000,218000,253000,246000,151000,215000,252000,149000,198000,157000,201000,235000,465000,1389000,198000,181000,194000,196000,320000,147000,143000,157000,216000,175000,144000,153000,203000,170000,167000,247000,174000,210000,138000,200000,216000,241000,247000,246000,151000,216000,245000,258000,250000,751000,162000,198000,151000,199000,156000,162000,240000,194000,209000,150000,218000,208000,212000,255000,249000,152000,240000,270000,
contraction: 196000,405000,157000,181000,193000,229000,260000,205000,
forall_inst: 743000,695000,664000,706000,690000,693000,734000,661000,637000,673000,710000,1234000,
implies_neg1: 160000,161000,137000,304000,427000,
implies_neg2: 154000,113000,157000,187000,158000,
__local_input: 59000,58000,21000,33000,128000,34000,36000,30000,69000,
equiv_simplify: 165000,175000,
implies_simplify: 229000,
__normalized_input: 12481000,11633000,2441000,2030000,2118000,1805000,989000,
rare_rewrite_eq-refl: 74000,66000,161000,
rare_rewrite_eq-symm: 121000,115000,78000,127000,74000,108000,94000,82000,90000,112000,78000,73000,100000,78000,73000,115000,96000,84000,99000,91000,100000,119000,150000,81000,122000,80000,104000,79000,74000,89000,105000,83000,69000,89000,77000,76000,111000,86000,103000,124000,115000,69000,119000,87000,107000,74000,73000,91000,125000,221000,157000,164000,149000,153000,209000,
rare_rewrite_bool-eq-true: 6031000,5840000,11491000,
rare_rewrite_bool-double-not-elim: 90000,99000,94000,156000,97000,105000,101000,90000,87000,160000,237000,

