1; Draft.Scratch_smt_check_7_4365; 2026-04-10 13:47:59.884;
bind: 146000,157000,140000,156000,172000,146000,146000,168000,149000,154000,153000,146000,151000,154000,144000,347000,351000,260000,
cong: 101000,103000,205000,87000,51000,29000,20000,103000,48000,77000,39000,27000,26000,25000,50000,24000,22000,65000,67000,78000,43000,73000,85000,63000,83000,50000,140000,106000,42000,25000,25000,26000,31000,23000,80000,59000,46000,42000,27000,20000,86000,48000,82000,60000,137000,80000,235000,164000,74000,44000,37000,39000,71000,72000,256000,
refl: 49000,27000,38000,20000,19000,22000,26000,19000,24000,27000,35000,27000,23000,23000,22000,33000,20000,21000,21000,26000,45000,46000,38000,44000,72000,68000,
symm: 73000,74000,67000,76000,75000,275000,66000,81000,70000,77000,71000,63000,71000,72000,78000,146000,144000,124000,
trans: 149000,149000,149000,155000,102000,98000,124000,150000,120000,95000,99000,73000,114000,89000,266000,146000,93000,149000,155000,88000,80000,102000,98000,95000,116000,106000,86000,68000,100000,104000,115000,144000,148000,90000,274000,295000,160000,154000,163000,137000,
equiv1: 82000,72000,79000,154000,
equiv2: 76000,131000,
or_neg: 265000,269000,283000,
and_neg: 355000,258000,
and_pos: 141000,134000,120000,132000,141000,133000,124000,175000,133000,141000,123000,142000,
implies: 148000,149000,162000,145000,155000,179000,207000,
not_not: 188000,
parsing: 30874000,
evaluate: 214000,236000,319000,
subproof: 1115000,1179000,1135000,1211000,15640000,2029000,2081000,
and_intro: 155000,141000,
equiv_pos2: 30000,84000,98000,135000,163000,27000,47000,58000,89000,91000,139000,156000,55000,32000,47000,83000,161000,264000,277000,54000,169000,
reordering: 297000,496000,481000,372000,455000,
resolution: 166000,154000,230000,162000,252000,213000,244000,271000,283000,160000,266000,227000,207000,221000,182000,191000,444000,271000,256000,741000,162000,162000,369000,216000,251000,264000,259000,171000,265000,186000,221000,220000,272000,271000,725000,140000,191000,171000,235000,208000,248000,262000,357000,279000,423000,284000,550000,527000,505000,378000,397000,600000,293000,383000,404000,414000,642000,249000,332000,
contraction: 226000,211000,255000,221000,206000,252000,225000,436000,282000,278000,301000,295000,
forall_inst: 727000,770000,1238000,
implies_neg1: 213000,198000,423000,390000,405000,199000,202000,
implies_neg2: 187000,191000,182000,188000,186000,250000,234000,
__local_input: 80000,70000,136000,38000,34000,23000,29000,44000,114000,22000,90000,26000,30000,32000,73000,
equiv_simplify: 157000,153000,173000,165000,297000,420000,
__normalized_input: 2446000,1882000,1342000,966000,1008000,1096000,
rare_rewrite_eq-refl: 76000,
rare_rewrite_eq-symm: 123000,117000,124000,119000,240000,91000,174000,95000,127000,74000,107000,116000,127000,125000,127000,127000,146000,73000,92000,101000,111000,85000,112000,99000,119000,122000,265000,204000,256000,135000,
rare_rewrite_bool-eq-true: 6280000,6832000,
rare_rewrite_bool-eq-false: 6638000,6436000,11836000,11940000,
rare_rewrite_bool-double-not-elim: 133000,170000,

