1; Draft.Scratch_smt_check_7_17570; 2026-04-10 13:52:07.690;
cong: 833000,380000,387000,1082000,757000,565000,960000,1140000,533000,178000,173000,177000,822000,265000,240000,252000,410000,267000,601000,664000,372000,2705000,146000,1269000,402000,403000,1100000,772000,573000,965000,1167000,541000,175000,162000,183000,834000,250000,241000,255000,1106000,768000,576000,969000,1151000,537000,179000,172000,181000,838000,264000,247000,253000,839000,399000,402000,4623000,369000,211000,178000,97000,128000,72000,487000,124000,89000,486000,388000,243000,207000,239000,176000,156000,116000,85000,399000,203000,183000,102000,130000,73000,456000,125000,92000,113000,85000,678000,1147000,459000,2392000,510000,385000,242000,211000,251000,171000,156000,502000,391000,236000,207000,238000,171000,160000,366000,200000,182000,103000,126000,87000,470000,132000,92000,116000,77000,139000,118000,83000,1243000,417000,476000,151000,878000,240000,116000,817000,178000,122000,432000,484000,196000,872000,945000,1360000,625000,611000,922000,399000,412000,1123000,782000,572000,933000,991000,1695000,584000,179000,180000,174000,207000,186000,120000,124000,77000,112000,837000,249000,235000,240000,241000,217000,250000,176000,163000,1101000,776000,579000,940000,987000,1155000,546000,186000,169000,180000,203000,198000,101000,127000,74000,86000,834000,258000,235000,247000,239000,219000,247000,171000,165000,1426000,688000,677000,7448000,
ite1: 504000,799000,
ite2: 501000,826000,
refl: 96000,97000,249000,272000,31000,27000,67000,70000,268000,262000,31000,252000,258000,30000,26000,49000,37000,37000,27000,25000,45000,37000,35000,30000,25000,47000,36000,25000,36000,37000,26000,99000,27000,154000,149000,144000,395000,406000,247000,259000,405000,431000,27000,53000,35000,28000,259000,264000,418000,430000,26000,53000,37000,27000,419000,467000,
symm: 324000,437000,196000,562000,555000,297000,178000,178000,567000,558000,717000,466000,557000,299000,439000,196000,566000,320000,208000,192000,406000,273000,262000,261000,277000,267000,561000,562000,567000,1530000,921000,1154000,
true: 77000,84000,
trans: 1372000,1500000,682000,573000,252000,279000,260000,272000,922000,369000,400000,383000,582000,582000,557000,874000,827000,838000,168000,806000,647000,570000,611000,1382000,9331000,666000,579000,252000,273000,267000,264000,925000,371000,395000,387000,538000,1401000,1523000,682000,584000,254000,282000,264000,273000,925000,8588000,413000,393000,568000,580000,582000,448000,261000,229000,257000,152000,182000,288000,303000,326000,151000,473000,371000,386000,391000,356000,387000,341000,312000,354000,283000,268000,236000,155000,200000,129000,147000,450000,265000,237000,259000,160000,179000,299000,320000,324000,162000,201000,128000,150000,954000,952000,921000,205000,886000,479000,362000,378000,400000,371000,390000,339000,313000,369000,278000,275000,232000,164000,474000,372000,399000,398000,359000,409000,350000,308000,343000,276000,268000,237000,156000,451000,261000,225000,251000,157000,184000,286000,302000,330000,153000,215000,126000,143000,202000,129000,162000,618000,592000,605000,141000,563000,360000,271000,7417000,261000,281000,272000,277000,267000,581000,627000,612000,630000,151000,575000,354000,1077000,597000,590000,1406000,1520000,692000,1099000,586000,252000,285000,279000,282000,272000,239000,290000,167000,183000,130000,164000,944000,383000,407000,375000,364000,385000,361000,315000,345000,283000,272000,240000,160000,533000,1423000,1512000,678000,1088000,581000,259000,296000,267000,280000,271000,225000,259000,162000,187000,133000,154000,954000,377000,405000,379000,359000,389000,349000,314000,349000,283000,282000,267000,332000,1162000,1168000,1133000,
equiv1: 1105000,1382000,308000,122000,121000,1460000,1096000,1096000,551000,1349000,324000,127000,118000,121000,1016000,269000,123000,1033000,126000,1795000,1475000,1100000,1799000,1093000,1811000,1146000,
equiv2: 842000,1482000,11706000,2860000,
or_neg: 697000,650000,609000,587000,1858000,1839000,2127000,2036000,1932000,686000,650000,608000,581000,627000,544000,587000,595000,563000,655000,1866000,1862000,2140000,2069000,1928000,
and_pos: 781000,926000,737000,848000,802000,832000,757000,712000,668000,943000,971000,952000,2226000,2350000,2640000,2563000,2336000,2256000,1952000,2156000,802000,916000,747000,851000,788000,825000,766000,708000,659000,604000,743000,692000,731000,602000,665000,679000,624000,776000,977000,979000,976000,2241000,2277000,2711000,2607000,2384000,2301000,1984000,2173000,
implies: 361000,585000,1300000,229000,2820000,1931000,368000,485000,244000,580000,358000,1300000,232000,593000,985000,295000,433000,2853000,1966000,
not_and: 610000,1844000,605000,530000,550000,1855000,
not_not: 1068000,2003000,
parsing: 101502000,
evaluate: 249000,287000,168000,235000,465000,330000,386000,351000,355000,296000,275000,178000,249000,428000,281000,399000,383000,307000,353000,378000,296000,174000,249000,406000,357000,455000,279000,172000,229000,421000,343000,259000,464000,402000,407000,
subproof: 1659000,1143000,2223000,1191000,1707000,3747000,2857000,1654000,1172000,2225000,1127000,1446000,1122000,1932000,1510000,1725000,3825000,2891000,
and_intro: 251000,363000,813000,920000,1787000,235000,308000,169000,371000,253000,841000,370000,591000,209000,282000,944000,1832000,
poly_simp: 2522000,3443000,1715000,1703000,2500000,3092000,1889000,2352000,12673000,2445000,4285000,3756000,1398000,1409000,1416000,1434000,1428000,1584000,14353000,2484000,9241000,9958000,4287000,2627000,3455000,1708000,1695000,2485000,3099000,1918000,2506000,3414000,1716000,1714000,2583000,3090000,1901000,9976000,10482000,4531000,2260000,1590000,1530000,1485000,1558000,3850000,1577000,5315000,3814000,6965000,3380000,1514000,4484000,1729000,2759000,3831000,2534000,1693000,1633000,1564000,1510000,1546000,1483000,10196000,4733000,2416000,1516000,1842000,2249000,4532000,2270000,1598000,1525000,1485000,1537000,3868000,1564000,5000000,3960000,2965000,2413000,1476000,1546000,2519000,14048000,2784000,12343000,13213000,12174000,2269000,6884000,3335000,1513000,4447000,1725000,2769000,3815000,2552000,1645000,1665000,1541000,1521000,1528000,1487000,2545000,4862000,2655000,7097000,3455000,4571000,1735000,2757000,3846000,2606000,1641000,1624000,1566000,1511000,1547000,1900000,2476000,4741000,4597000,2281000,1590000,1554000,1486000,1557000,3893000,1524000,1586000,5209000,3873000,1510000,1551000,2458000,1507000,1561000,2678000,1414000,1420000,1421000,1454000,1469000,1421000,1554000,9824000,2509000,2471000,4288000,1406000,1445000,1439000,1418000,1424000,1430000,1595000,9994000,4155000,9400000,10422000,4373000,2692000,3762000,4173000,1745000,1755000,2478000,2402000,1620000,1575000,1491000,1557000,1512000,1716000,3263000,1804000,2827000,3878000,2601000,1673000,1636000,1551000,1554000,1525000,1531000,2614000,4984000,2624000,3601000,4098000,1718000,1761000,2501000,2448000,1687000,1595000,1512000,1581000,1604000,1755000,3095000,1805000,2792000,3787000,2618000,1686000,1969000,92542000,3006000,2855000,2832000,4776000,9210000,19708000,18556000,
equiv_pos2: 1402000,1130000,208000,336000,110000,456000,690000,188000,101000,98000,100000,1016000,447000,435000,435000,1153000,1156000,454000,3815000,320000,320000,104000,199000,312000,340000,106000,107000,433000,317000,213000,794000,326000,204000,327000,310000,104000,109000,104000,108000,1014000,291000,464000,177000,179000,173000,855000,176000,465000,480000,897000,2313000,453000,443000,442000,1167000,2476000,911000,4102000,
la_generic: 25838000,28684000,19422000,18398000,
reordering: 4403000,3872000,2881000,2817000,14339000,6687000,4325000,3824000,1947000,2531000,766000,2027000,2903000,2883000,28304000,6818000,
resolution: 427000,459000,647000,362000,762000,1019000,804000,966000,658000,427000,1042000,2818000,682000,761000,1114000,787000,3023000,172000,279000,338000,308000,304000,908000,291000,317000,186000,391000,258000,399000,477000,197000,316000,1971000,1716000,2653000,229000,240000,390000,384000,229000,256000,2850000,19988000,1908000,810000,1207000,857000,1981000,174000,479000,417000,431000,467000,4315000,3216000,8775000,511000,976000,671000,2961000,2054000,4321000,381000,444000,809000,979000,668000,1426000,424000,406000,354000,250000,1026000,2774000,676000,760000,1112000,778000,3001000,159000,281000,350000,309000,331000,999000,290000,302000,359000,372000,405000,235000,237000,246000,192000,411000,479000,181000,296000,296000,323000,201000,299000,348000,1966000,1720000,2676000,360000,401000,234000,235000,263000,398000,383000,236000,248000,846000,1293000,593000,616000,875000,624000,1499000,158000,287000,281000,259000,321000,286000,258000,648000,366000,400000,203000,296000,1574000,1348000,1867000,870000,1327000,621000,884000,649000,1526000,266000,668000,266000,326000,460000,339000,197000,1569000,1236000,979000,2887000,9263000,1958000,832000,1250000,855000,2043000,181000,505000,416000,441000,474000,4597000,3465000,9074000,550000,990000,696000,1013000,3017000,2120000,4366000,390000,455000,821000,981000,676000,989000,2448000,
contraction: 1374000,1089000,1521000,356000,1845000,1990000,314000,4778000,1117000,1301000,4118000,5286000,2777000,3147000,1351000,1071000,1483000,354000,1857000,1983000,317000,978000,791000,923000,278000,1414000,1466000,1014000,836000,937000,4965000,1147000,1322000,4228000,5344000,2876000,3196000,
la_mult_neg: 671000,445000,540000,308000,459000,678000,375000,509000,
la_mult_pos: 451000,648000,
implies_neg1: 327000,1447000,286000,1943000,1528000,3697000,5123000,344000,1426000,287000,1932000,270000,1049000,1613000,1096000,1585000,7143000,9854000,
implies_neg2: 839000,227000,2059000,338000,886000,3796000,2370000,851000,246000,2063000,335000,641000,199000,1569000,649000,911000,3941000,2412000,
__local_input: 76000,63000,128000,47000,92000,142000,49000,130000,91000,70000,140000,121000,120000,187000,300000,162000,259000,113000,119000,296000,247000,240000,153000,70000,126000,49000,122000,146000,49000,127000,98000,72000,129000,131000,65000,116000,157000,115000,65000,164000,87000,109000,205000,129000,121000,205000,652000,353000,614000,238000,269000,631000,519000,427000,
comp_simplify: 1773000,1791000,
poly_simp_rel: 2226000,1868000,1109000,1094000,1250000,1009000,1414000,1123000,1353000,1376000,1396000,2277000,1884000,1103000,2279000,1882000,1105000,1354000,1364000,1270000,1302000,1029000,1114000,1290000,1233000,991000,1003000,1311000,1192000,1345000,1260000,1008000,1028000,1103000,1104000,1395000,2607000,1376000,1394000,1440000,2311000,1936000,2724000,1159000,2292000,1909000,2634000,1136000,3677000,2665000,
equiv_simplify: 1230000,194000,197000,1269000,1383000,1657000,669000,194000,193000,186000,193000,193000,1965000,1261000,2036000,1264000,2040000,3336000,1442000,
la_disequality: 323000,325000,
implies_simplify: 1537000,395000,1630000,1514000,409000,1152000,338000,1190000,1668000,
__normalized_input: 1539000,1554000,1018000,2263000,
rare_rewrite_ite-eq: 8154000,10971000,
rare_rewrite_eq-refl: 582000,574000,588000,914000,578000,959000,582000,924000,
rare_rewrite_ite-not-cond: 6834000,8181000,6792000,7951000,6855000,7958000,7312000,8228000,7060000,8412000,
rare_rewrite_arith-elim-gt: 6696000,5789000,5817000,
rare_rewrite_arith-elim-lt: 5690000,6272000,11871000,5721000,6332000,7282000,6245000,6962000,11181000,6429000,8383000,8866000,5853000,14567000,6216000,11921000,
rare_rewrite_bool-eq-false: 6782000,7026000,13770000,13330000,
rare_rewrite_arith-elim-leq: 6659000,6940000,6089000,5764000,6919000,7202000,
rare_rewrite_bool-double-not-elim: 568000,536000,378000,266000,2137000,

