1; Draft.Scratch_smt_check_7_13005; 2026-04-10 13:52:05.239;
cong: 219000,268000,201000,123000,159000,106000,121000,251000,223000,392000,385000,213000,242000,173000,154000,278000,410000,393000,218000,238000,180000,160000,277000,170000,110000,113000,217000,273000,204000,134000,232000,158000,538000,655000,366000,1459000,281000,258000,441000,373000,349000,480000,338000,194000,273000,169000,169000,404000,389000,219000,246000,280000,157000,275000,888000,
refl: 51000,37000,43000,51000,60000,52000,46000,53000,85000,85000,87000,57000,198000,126000,91000,
symm: 231000,336000,335000,358000,
trans: 320000,333000,243000,295000,195000,216000,234000,162000,187000,172000,343000,366000,275000,311000,535000,529000,462000,502000,347000,321000,346000,284000,277000,243000,172000,259000,284000,254000,278000,549000,569000,471000,512000,348000,319000,346000,285000,317000,261000,290000,248000,272000,218000,230000,163000,194000,182000,160000,249000,324000,337000,241000,272000,198000,337000,337000,349000,797000,752000,750000,219000,740000,341000,366000,307000,328000,291000,732000,766000,585000,628000,633000,658000,496000,582000,392000,451000,476000,363000,394000,350000,1043000,1024000,479000,509000,349000,324000,351000,294000,430000,247000,161000,249000,287000,257000,275000,
equiv1: 1149000,339000,127000,137000,130000,
or_neg: 664000,611000,585000,628000,
and_pos: 692000,690000,655000,779000,1535000,1417000,1333000,1362000,
implies: 563000,280000,379000,396000,1224000,
not_and: 607000,
parsing: 56645000,
evaluate: 347000,404000,334000,208000,266000,1518000,345000,499000,500000,553000,
subproof: 1581000,1203000,4105000,
and_intro: 354000,191000,242000,246000,1339000,
poly_simp: 4564000,2102000,1683000,1531000,1576000,1674000,3486000,2080000,1612000,2085000,3428000,2677000,1603000,6357000,6654000,3908000,2634000,1709000,1676000,1631000,1594000,1987000,1556000,2642000,3469000,1731000,2693000,3500000,3752000,7171000,12517000,1798000,6936000,7792000,3941000,2697000,1752000,1837000,2632000,3598000,1758000,2592000,3594000,3832000,7317000,12700000,1779000,3724000,2435000,1681000,1642000,1688000,2367000,3238000,4717000,2227000,1769000,1642000,1753000,1808000,4889000,17339000,5608000,1994000,4909000,2769000,3671000,3186000,1934000,1853000,2017000,7118000,5335000,3218000,8692000,4097000,3354000,3010000,3107000,4461000,6817000,4317000,3253000,4298000,12420000,7119000,4261000,2761000,1756000,1817000,1644000,1630000,1672000,1624000,2633000,3773000,1866000,2628000,3873000,4166000,7414000,13479000,1896000,
equiv_pos2: 227000,131000,217000,396000,425000,128000,151000,227000,243000,214000,600000,235000,228000,213000,407000,425000,264000,395000,950000,
la_generic: 43159000,
reordering: 2931000,14341000,
resolution: 303000,386000,284000,334000,455000,1052000,2825000,654000,670000,950000,694000,2130000,163000,327000,320000,293000,353000,339000,306000,834000,410000,489000,279000,273000,317000,199000,308000,347000,389000,216000,299000,322000,241000,352000,1827000,1598000,4587000,677000,664000,539000,942000,
contraction: 1329000,924000,1151000,342000,1685000,1860000,
la_mult_neg: 652000,453000,499000,
la_mult_pos: 370000,
implies_neg1: 358000,1199000,1762000,
implies_neg2: 696000,252000,1766000,
__local_input: 177000,161000,129000,125000,207000,164000,97000,86000,162000,
poly_simp_rel: 1191000,1084000,1217000,1407000,1484000,1109000,1132000,1232000,1245000,1278000,2432000,2286000,2083000,2679000,
equiv_simplify: 203000,201000,205000,
implies_simplify: 1280000,430000,
__normalized_input: 1342000,902000,820000,1173000,
rare_rewrite_arith-elim-gt: 6910000,
rare_rewrite_arith-elim-lt: 10128000,6953000,
rare_rewrite_arith-elim-leq: 6595000,6179000,6587000,7068000,7320000,6485000,17693000,6616000,6786000,7082000,12751000,12160000,11867000,13549000,
rare_rewrite_bool-double-not-elim: 363000,

