1; Draft.Scratch_smt_check_7_7102; 2026-04-10 13:52:05.896;
bind: 181000,212000,223000,204000,209000,210000,219000,195000,208000,296000,222000,300000,225000,269000,251000,284000,245000,230000,220000,209000,290000,201000,231000,193000,208000,307000,277000,313000,265000,271000,251000,268000,242000,246000,226000,279000,268000,299000,251000,261000,205000,238000,208000,222000,200000,207000,295000,228000,297000,232000,242000,229000,228000,182000,182000,215000,261000,
cong: 102000,165000,106000,158000,307000,141000,109000,44000,72000,115000,55000,84000,213000,150000,73000,74000,113000,129000,121000,57000,77000,52000,281000,177000,116000,62000,77000,54000,271000,167000,125000,77000,68000,79000,56000,58000,113000,117000,290000,169000,152000,167000,84000,96000,237000,90000,122000,98000,44000,79000,96000,45000,73000,215000,161000,67000,73000,114000,134000,130000,55000,78000,58000,290000,130000,121000,54000,76000,54000,283000,170000,125000,78000,69000,86000,51000,60000,167000,75000,96000,250000,88000,128000,118000,114000,288000,178000,151000,258000,293000,170000,498000,181000,125000,160000,126000,117000,121000,279000,174000,181000,102000,45000,84000,105000,44000,70000,210000,147000,72000,75000,113000,142000,122000,75000,72000,52000,289000,137000,131000,60000,78000,60000,279000,172000,129000,79000,71000,78000,58000,56000,165000,77000,104000,251000,89000,123000,751000,122000,117000,183000,159000,236000,281000,244000,468000,447000,59000,102000,115000,157000,117000,187000,197000,284000,164000,131000,202000,124000,116000,168000,111000,272000,427000,141000,204000,166000,82000,97000,239000,88000,121000,78000,235000,90000,162000,74000,94000,122000,103000,165000,104000,177000,321000,138000,200000,113000,819000,
ite2: 202000,217000,210000,260000,204000,194000,
refl: 24000,24000,33000,18000,64000,61000,37000,21000,65000,63000,24000,33000,35000,25000,31000,26000,41000,60000,70000,34000,22000,83000,57000,35000,20000,73000,60000,23000,36000,35000,25000,23000,41000,59000,70000,31000,53000,41000,32000,35000,18000,73000,62000,54000,18000,72000,63000,26000,35000,40000,25000,27000,45000,63000,73000,79000,123000,79000,53000,48000,29000,38000,62000,53000,29000,50000,63000,39000,104000,103000,27000,28000,98000,133000,26000,44000,63000,71000,23000,41000,61000,69000,27000,24000,95000,109000,117000,115000,75000,84000,49000,90000,
symm: 99000,175000,108000,193000,112000,123000,101000,244000,112000,188000,103000,119000,182000,173000,264000,280000,269000,163000,258000,107000,194000,101000,185000,108000,117000,182000,194000,232000,276000,290000,197000,176000,181000,183000,259000,168000,157000,146000,181000,240000,
true: 90000,94000,92000,88000,98000,94000,
trans: 162000,170000,394000,201000,207000,192000,198000,203000,171000,220000,198000,180000,147000,232000,168000,231000,177000,258000,233000,292000,193000,206000,191000,198000,193000,165000,208000,218000,166000,149000,269000,232000,258000,220000,171000,233000,173000,417000,385000,400000,161000,365000,434000,274000,280000,223000,203000,232000,180000,234000,171000,299000,210000,203000,198000,204000,242000,166000,211000,213000,187000,142000,269000,234000,239000,235000,284000,281000,283000,386000,379000,365000,163000,324000,289000,169000,200000,192000,207000,203000,222000,138000,258000,192000,191000,320000,137000,158000,268000,200000,189000,702000,328000,255000,239000,316000,165000,256000,241000,164000,161000,369000,311000,226000,
equiv1: 174000,315000,685000,262000,179000,325000,128000,235000,240000,175000,332000,562000,138000,275000,124000,484000,455000,478000,316000,311000,472000,
equiv2: 290000,275000,148000,291000,183000,191000,158000,282000,405000,188000,187000,299000,286000,
or_neg: 282000,292000,307000,282000,273000,313000,579000,561000,543000,553000,579000,607000,557000,274000,261000,319000,297000,281000,336000,282000,276000,322000,301000,275000,342000,346000,340000,373000,395000,243000,8087000,626000,739000,598000,587000,599000,580000,572000,
or_pos: 224000,237000,280000,229000,244000,318000,229000,230000,291000,254000,252000,331000,241000,338000,231000,234000,231000,289000,
and_pos: 476000,450000,452000,477000,615000,653000,620000,687000,622000,619000,603000,341000,340000,397000,401000,209000,215000,317000,335000,328000,767000,756000,704000,735000,671000,713000,687000,688000,705000,661000,664000,638000,662000,
implies: 281000,235000,236000,282000,227000,239000,256000,233000,291000,298000,284000,949000,277000,241000,226000,236000,194000,296000,206000,877000,291000,229000,697000,236000,276000,
not_and: 619000,367000,211000,615000,
not_not: 175000,192000,183000,
parsing: 55464000,
evaluate: 336000,227000,261000,324000,359000,367000,187000,270000,346000,345000,312000,204000,254000,266000,331000,246000,
subproof: 1277000,1580000,1490000,1649000,1163000,1469000,1297000,1474000,1501000,1136000,1633000,1943000,1637000,1519000,9803000,1196000,1352000,1110000,1257000,1884000,1279000,1164000,1654000,1170000,1256000,
and_intro: 263000,230000,507000,152000,200000,179000,348000,709000,
poly_simp: 1835000,1644000,1655000,2038000,2083000,1836000,1817000,1874000,1909000,3432000,2068000,1811000,3301000,2726000,3149000,1870000,1986000,1927000,2600000,1572000,1590000,1660000,6707000,2607000,2802000,1943000,1869000,1880000,1919000,1874000,3560000,3070000,2370000,3167000,2136000,2674000,3174000,2335000,1636000,1663000,1768000,5780000,2622000,1859000,3593000,3006000,2304000,1785000,1790000,2036000,3531000,1862000,3216000,1916000,1885000,1916000,3633000,1682000,1600000,2135000,3315000,2779000,2251000,
equiv_pos1: 86000,85000,84000,93000,163000,85000,87000,
equiv_pos2: 85000,117000,121000,341000,104000,109000,239000,117000,187000,54000,279000,189000,54000,278000,189000,46000,60000,138000,138000,336000,116000,98000,289000,266000,101000,107000,241000,105000,218000,55000,294000,191000,59000,289000,198000,44000,86000,283000,272000,142000,132000,151000,360000,123000,103000,306000,160000,159000,170000,143000,124000,133000,340000,117000,106000,106000,246000,101000,191000,53000,278000,187000,54000,286000,197000,104000,46000,70000,290000,284000,858000,89000,113000,81000,113000,134000,168000,106000,249000,415000,82000,81000,106000,144000,149000,496000,116000,29000,115000,128000,359000,302000,254000,89000,86000,279000,285000,112000,118000,360000,111000,998000,
la_generic: 12637000,11685000,5600000,
reordering: 416000,360000,288000,270000,272000,378000,292000,317000,455000,1024000,1862000,380000,360000,308000,281000,283000,370000,301000,325000,444000,5146000,342000,433000,362000,372000,281000,325000,281000,311000,367000,499000,1415000,259000,368000,1068000,877000,5814000,4417000,
resolution: 403000,209000,241000,290000,281000,404000,514000,483000,290000,303000,263000,210000,303000,443000,249000,284000,286000,342000,411000,441000,276000,278000,233000,258000,288000,227000,275000,262000,270000,327000,243000,479000,586000,306000,371000,395000,250000,250000,260000,322000,255000,516000,591000,211000,221000,198000,255000,225000,294000,344000,325000,396000,482000,505000,302000,313000,224000,268000,273000,223000,269000,277000,236000,343000,321000,230000,342000,398000,393000,265000,300000,1435000,5382000,2082000,485000,635000,565000,3831000,172000,331000,278000,294000,363000,323000,248000,519000,258000,288000,349000,329000,4159000,330000,387000,437000,283000,292000,236000,265000,284000,228000,276000,290000,274000,359000,251000,497000,578000,323000,362000,404000,285000,253000,256000,345000,274000,500000,622000,212000,237000,197000,216000,233000,252000,357000,339000,249000,358000,396000,396000,263000,298000,252000,285000,302000,304000,432000,468000,494000,325000,343000,218000,256000,281000,234000,275000,289000,230000,368000,308000,289000,263000,218000,289000,1320000,1080000,3809000,245000,220000,269000,281000,316000,325000,407000,486000,504000,317000,343000,231000,288000,312000,260000,326000,285000,346000,391000,437000,279000,294000,229000,253000,300000,220000,264000,247000,249000,336000,264000,542000,605000,362000,366000,498000,276000,257000,263000,336000,262000,514000,614000,216000,229000,203000,198000,236000,264000,306000,232000,247000,346000,332000,245000,372000,403000,398000,286000,307000,203000,226000,304000,718000,1971000,410000,542000,437000,1298000,235000,488000,225000,206000,220000,279000,311000,280000,324000,216000,306000,356000,340000,390000,246000,288000,281000,470000,210000,292000,278000,241000,288000,206000,486000,428000,375000,1521000,5783000,606000,340000,443000,406000,830000,204000,218000,318000,217000,311000,1245000,999000,4116000,295000,308000,324000,417000,505000,482000,307000,373000,390000,245000,397000,346000,231000,345000,397000,379000,259000,296000,210000,250000,987000,773000,3106000,203000,259000,228000,351000,501000,383000,264000,238000,343000,334000,298000,298000,310000,395000,468000,463000,294000,299000,371000,288000,
contraction: 409000,344000,477000,295000,488000,404000,324000,2191000,717000,781000,348000,340000,478000,303000,491000,339000,398000,1318000,1770000,396000,348000,492000,321000,499000,372000,769000,482000,597000,283000,231000,263000,2340000,398000,457000,1241000,1809000,409000,346000,973000,1429000,338000,399000,
forall_inst: 736000,857000,785000,750000,845000,857000,753000,811000,871000,766000,765000,782000,795000,819000,884000,912000,807000,830000,789000,827000,793000,814000,844000,813000,784000,765000,876000,886000,734000,812000,818000,791000,732000,712000,951000,794000,779000,702000,800000,825000,
la_mult_neg: 399000,387000,319000,402000,315000,
implies_neg1: 360000,301000,252000,358000,297000,294000,255000,302000,386000,270000,711000,366000,289000,251000,302000,1583000,597000,254000,485000,418000,308000,303000,359000,1268000,1471000,
implies_neg2: 431000,329000,255000,410000,322000,503000,232000,331000,273000,325000,407000,1277000,455000,330000,278000,328000,393000,186000,317000,1121000,428000,327000,826000,327000,425000,
__local_input: 212000,193000,181000,228000,178000,191000,283000,214000,208000,144000,80000,92000,110000,136000,195000,237000,161000,212000,56000,70000,100000,80000,107000,145000,77000,53000,64000,116000,159000,102000,143000,37000,114000,158000,300000,179000,179000,329000,73000,76000,59000,56000,46000,137000,79000,79000,56000,64000,51000,115000,68000,
comp_simplify: 1498000,
poly_simp_rel: 972000,1227000,1149000,1087000,1116000,1169000,1215000,1142000,1206000,1173000,1124000,1230000,1090000,1079000,1189000,1127000,1092000,1094000,1099000,1185000,1446000,1106000,1136000,1090000,1234000,1105000,1352000,1103000,1316000,1357000,1121000,1212000,1047000,1035000,1106000,1163000,1178000,1332000,1061000,
connective_def: 268000,266000,340000,294000,265000,279000,
equiv_simplify: 220000,249000,405000,219000,255000,428000,207000,264000,322000,260000,333000,223000,270000,444000,207000,198000,579000,265000,279000,578000,412000,410000,590000,
la_disequality: 125000,
implies_simplify: 828000,389000,677000,313000,572000,
__normalized_input: 55127000,38823000,30190000,28676000,22515000,21012000,19962000,12686000,11887000,5617000,5467000,5984000,4514000,1369000,896000,821000,510000,744000,
rare_rewrite_ite-eq: 6701000,7211000,7043000,7143000,6979000,6308000,
rare_rewrite_eq-refl: 229000,214000,209000,303000,293000,237000,213000,281000,
rare_rewrite_eq-symm: 150000,130000,156000,121000,154000,122000,
rare_rewrite_ite-not-cond: 6101000,6277000,6618000,6555000,5740000,5667000,
rare_rewrite_arith-elim-gt: 6894000,6476000,
rare_rewrite_arith-elim-lt: 6129000,6181000,7981000,6674000,7906000,6621000,6823000,6584000,6839000,5992000,5735000,
rare_rewrite_arith-elim-leq: 6220000,6291000,6273000,6535000,6707000,6418000,6355000,6711000,6317000,
rare_rewrite_bool-impl-elim: 6559000,6967000,6498000,6431000,6331000,6253000,6452000,16035000,6575000,6676000,6432000,6539000,6444000,6752000,6490000,8221000,6840000,6604000,6492000,6472000,6735000,
rare_rewrite_bool-and-de-morgan: 6654000,6750000,17027000,7097000,6695000,6594000,
rare_rewrite_bool-double-not-elim: 146000,195000,193000,144000,203000,201000,265000,143000,206000,206000,326000,170000,171000,207000,

