1; Draft.Scratch_smt_check_7_14626; 2026-04-10 13:52:04.816;
cong: 209000,338000,333000,286000,186000,416000,331000,265000,713000,820000,481000,1925000,182000,233000,348000,703000,
refl: 50000,63000,61000,90000,51000,60000,83000,132000,93000,
symm: 269000,524000,607000,472000,
trans: 363000,301000,242000,412000,348000,246000,232000,229000,264000,333000,350000,269000,284000,288000,557000,550000,584000,1079000,1122000,1059000,393000,946000,430000,247000,270000,272000,334000,350000,245000,251000,
equiv1: 772000,234000,141000,286000,335000,
or_neg: 548000,530000,559000,549000,
and_pos: 498000,499000,535000,495000,474000,528000,482000,506000,
implies: 284000,438000,623000,532000,908000,
not_and: 510000,
parsing: 23461000,
evaluate: 474000,789000,573000,388000,442000,614000,495000,586000,560000,
subproof: 1440000,1681000,1795000,
and_intro: 211000,255000,223000,382000,477000,
poly_simp: 2090000,1744000,2049000,3597000,1711000,1934000,2562000,2179000,2210000,3514000,2058000,2275000,3039000,3577000,3894000,13177000,3390000,4648000,6047000,3597000,4805000,2935000,2120000,1747000,3039000,1796000,2078000,1910000,
equiv_pos2: 175000,152000,238000,125000,146000,170000,228000,369000,378000,236000,934000,311000,295000,262000,126000,195000,235000,135000,720000,
la_generic: 31386000,
reordering: 2433000,2455000,
resolution: 270000,388000,337000,382000,316000,896000,2486000,679000,550000,878000,594000,1709000,165000,281000,278000,260000,328000,288000,298000,871000,281000,288000,320000,197000,320000,393000,308000,325000,395000,495000,495000,512000,412000,535000,1464000,1297000,2280000,325000,377000,378000,372000,
contraction: 1176000,733000,1099000,260000,1149000,1324000,
la_mult_neg: 551000,794000,674000,
la_mult_pos: 395000,
implies_neg1: 472000,1564000,1199000,
implies_neg2: 514000,182000,1429000,
__local_input: 225000,108000,153000,153000,246000,54000,127000,64000,173000,
poly_simp_rel: 1172000,1206000,1230000,1486000,1410000,1156000,1594000,1533000,2389000,2129000,1458000,1173000,1231000,1138000,
equiv_simplify: 206000,428000,415000,
implies_simplify: 911000,302000,
__normalized_input: 1257000,1106000,1135000,1032000,
rare_rewrite_arith-elim-gt: 12718000,
rare_rewrite_arith-elim-lt: 16446000,11917000,
rare_rewrite_arith-elim-leq: 6320000,6282000,6900000,6792000,7321000,6767000,7783000,28761000,12302000,11757000,6759000,6707000,7099000,6486000,
rare_rewrite_bool-double-not-elim: 281000,

