1; Draft.Scratch_smt_check_7_4544; 2026-04-10 13:50:34.495;
bind: 326000,334000,323000,339000,360000,332000,364000,351000,241000,260000,251000,395000,405000,357000,400000,385000,491000,529000,491000,492000,540000,
cong: 101000,120000,80000,57000,52000,58000,56000,70000,73000,116000,104000,68000,58000,74000,61000,53000,65000,87000,109000,90000,123000,105000,83000,67000,65000,64000,56000,69000,130000,87000,128000,158000,84000,66000,62000,59000,57000,69000,285000,160000,169000,112000,76000,50000,58000,90000,74000,69000,3730000,120000,94000,125000,78000,103000,196000,91000,129000,97000,109000,94000,136000,173000,92000,84000,96000,128000,82000,175000,124000,79000,111000,83000,109000,180000,129000,110000,126000,111000,127000,100000,95000,183000,109000,121000,94000,85000,89000,144000,93000,
refl: 20000,19000,20000,16000,16000,20000,22000,16000,18000,21000,23000,18000,17000,20000,20000,60000,30000,30000,29000,33000,37000,29000,26000,29000,34000,28000,
symm: 275000,259000,295000,198000,317000,197000,
false: 14000,
trans: 246000,253000,283000,305000,289000,188000,297000,297000,191000,219000,209000,363000,254000,243000,303000,332000,394000,378000,446000,257000,240000,459000,455000,427000,
equiv2: 254000,233000,
or_pos: 429000,550000,410000,482000,
implies: 307000,
not_not: 202000,
parsing: 28711000,
evaluate: 412000,
subproof: 1831000,
equiv_pos1: 163000,
equiv_pos2: 113000,186000,192000,227000,377000,223000,215000,218000,89000,98000,82000,326000,275000,69000,57000,
reordering: 538000,838000,491000,524000,704000,543000,
resolution: 156000,198000,265000,313000,301000,236000,329000,209000,260000,318000,338000,396000,482000,479000,290000,345000,214000,246000,300000,440000,411000,508000,356000,350000,518000,389000,384000,399000,523000,393000,441000,498000,364000,361000,
contraction: 459000,
forall_inst: 905000,915000,1425000,1352000,1437000,1500000,1436000,
implies_neg1: 416000,
implies_neg2: 466000,
__local_input: 133000,
equiv_simplify: 365000,382000,
__normalized_input: 34186000,32651000,33121000,19315000,19387000,15102000,14829000,8069000,8456000,7522000,4225000,2448000,2146000,1718000,1463000,1855000,
rare_rewrite_eq-symm: 218000,149000,191000,152000,193000,211000,150000,275000,290000,253000,243000,262000,239000,360000,287000,
rare_rewrite_bool-impl-elim: 6306000,6094000,6242000,11663000,11341000,

