1; Draft.Scratch_smt_check_7_20607; 2026-04-10 13:51:40.073;
bind: 490000,207000,267000,265000,276000,304000,274000,272000,270000,529000,536000,527000,308000,270000,533000,543000,526000,319000,268000,231000,231000,254000,258000,299000,269000,286000,286000,267000,314000,269000,297000,292000,268000,277000,287000,266000,462000,903000,
cong: 79000,66000,306000,140000,91000,67000,81000,100000,78000,111000,81000,94000,70000,105000,250000,163000,190000,200000,98000,192000,186000,89000,71000,183000,189000,130000,100000,108000,191000,186000,116000,194000,192000,93000,73000,185000,187000,136000,84000,101000,440000,254000,211000,122000,62000,80000,92000,61000,190000,120000,70000,286000,79000,98000,75000,107000,100000,98000,69000,111000,252000,158000,96000,79000,100000,76000,111000,82000,96000,79000,110000,240000,162000,277000,179000,248000,173000,311000,88000,99000,110000,89000,79000,59000,44000,47000,271000,280000,122000,87000,127000,69000,183000,97000,501000,
refl: 143000,130000,34000,23000,32000,21000,71000,77000,43000,81000,31000,24000,39000,80000,33000,89000,33000,24000,35000,92000,47000,22000,36000,310000,40000,34000,22000,32000,21000,73000,35000,21000,32000,22000,76000,47000,75000,30000,25000,25000,21000,139000,127000,290000,270000,
symm: 364000,239000,274000,219000,177000,227000,362000,204000,163000,728000,347000,
trans: 380000,332000,231000,211000,265000,252000,217000,209000,255000,259000,221000,213000,290000,303000,317000,442000,474000,277000,287000,456000,466000,255000,275000,247000,231000,287000,221000,151000,248000,242000,260000,250000,230000,219000,248000,261000,208000,207000,252000,253000,215000,211000,292000,303000,310000,230000,261000,259000,211000,216000,257000,255000,222000,212000,309000,313000,314000,378000,426000,409000,387000,396000,288000,189000,239000,371000,925000,
equiv1: 223000,481000,
equiv2: 252000,272000,263000,
or_neg: 345000,372000,307000,297000,312000,330000,342000,304000,316000,
or_pos: 300000,304000,592000,
and_neg: 350000,
and_pos: 314000,309000,312000,319000,344000,348000,357000,753000,725000,720000,
implies: 308000,272000,468000,230000,314000,299000,315000,288000,535000,
not_and: 302000,314000,
not_not: 246000,234000,
parsing: 27675000,
aci_simp: 1088000,1031000,1068000,1019000,1301000,1184000,1046000,1107000,
evaluate: 249000,313000,
onepoint: 1200000,
qnt_join: 284000,
subproof: 1249000,1248000,1498000,1432000,1281000,1283000,1263000,1285000,1375000,2922000,
and_intro: 286000,693000,
equiv_pos1: 163000,71000,
equiv_pos2: 83000,240000,352000,83000,125000,136000,247000,325000,337000,582000,144000,201000,346000,138000,134000,264000,130000,135000,267000,264000,186000,238000,83000,46000,497000,156000,601000,
reordering: 386000,449000,597000,568000,583000,380000,869000,384000,16565000,765000,
resolution: 284000,274000,315000,316000,417000,296000,267000,416000,520000,491000,377000,297000,218000,316000,284000,269000,479000,368000,432000,433000,281000,396000,336000,343000,454000,553000,699000,612000,347000,478000,310000,285000,230000,344000,342000,432000,456000,348000,444000,543000,528000,598000,477000,428000,405000,581000,262000,289000,347000,370000,444000,427000,274000,358000,444000,412000,633000,249000,257000,318000,274000,366000,389000,504000,455000,281000,379000,442000,525000,596000,328000,348000,418000,389000,809000,233000,262000,312000,255000,281000,310000,403000,337000,674000,645000,1673000,558000,619000,706000,598000,
contraction: 502000,410000,723000,361000,490000,538000,403000,409000,409000,410000,420000,439000,628000,425000,473000,668000,745000,
forall_inst: 1031000,1016000,905000,958000,1139000,771000,870000,1085000,948000,998000,1827000,
implies_neg1: 442000,360000,636000,331000,370000,364000,425000,436000,504000,1460000,
implies_neg2: 462000,404000,647000,338000,366000,387000,365000,390000,345000,716000,
__local_input: 136000,301000,320000,256000,328000,311000,57000,64000,64000,205000,99000,125000,164000,184000,215000,265000,
qnt_rm_unused: 329000,1273000,
connective_def: 357000,338000,
equiv_simplify: 351000,312000,357000,359000,
implies_simplify: 561000,
__normalized_input: 21985000,15517000,14331000,9166000,8575000,7715000,6777000,5367000,5464000,5271000,5783000,
rare_rewrite_eq-refl: 153000,168000,184000,147000,181000,215000,
rare_rewrite_eq-symm: 296000,174000,215000,170000,145000,243000,158000,209000,163000,157000,218000,279000,316000,182000,193000,172000,173000,179000,173000,180000,235000,160000,212000,166000,162000,214000,153000,214000,170000,160000,213000,275000,327000,159000,213000,169000,156000,213000,153000,233000,170000,152000,219000,283000,321000,210000,184000,
rare_rewrite_or-not-refl: 18599000,
rare_rewrite_bool-eq-true: 6455000,6921000,6622000,6629000,
rare_rewrite_bool-impl-elim: 6619000,6155000,6437000,12901000,
rare_rewrite_bool-and-de-morgan: 6365000,6468000,
rare_rewrite_bool-double-not-elim: 908000,284000,602000,

