1; Draft.Scratch_smt_check_7_26783; 2026-04-10 13:51:40.089;
bind: 405000,523000,850000,771000,875000,804000,
cong: 125000,8072000,213000,126000,101000,95000,240000,144000,148000,169000,222000,120000,96000,83000,104000,99000,210000,186000,214000,130000,107000,94000,245000,
refl: 47000,137000,47000,113000,
symm: 445000,342000,308000,279000,
trans: 371000,500000,623000,480000,647000,708000,686000,621000,
equiv1: 511000,
equiv2: 461000,
or_pos: 586000,
implies: 622000,
not_not: 409000,
parsing: 4818000,
subproof: 2431000,
equiv_pos2: 500000,163000,226000,447000,
reordering: 917000,
resolution: 278000,404000,552000,567000,430000,549000,554000,576000,932000,836000,534000,731000,
contraction: 932000,
forall_inst: 1710000,
implies_neg1: 934000,
implies_neg2: 927000,
__local_input: 430000,
equiv_simplify: 782000,639000,
__normalized_input: 40385000,40054000,10304000,6019000,4523000,3222000,
rare_rewrite_eq-symm: 272000,591000,534000,
rare_rewrite_bool-impl-elim: 11942000,12072000,
rare_rewrite_bool-double-not-elim: 330000,332000,

