1; Draft.Scratch_smt_check_7_19504; 2026-04-10 13:43:15.401;
bind: 180000,511000,530000,276000,279000,311000,
cong: 91000,87000,340000,274000,253000,348000,160000,243000,164000,145000,
refl: 123000,
trans: 104000,468000,387000,386000,410000,416000,407000,294000,249000,
choice: 64000,
or_neg: 248000,239000,213000,
or_pos: 443000,
implies: 148000,
parsing: 33477000,
aci_simp: 1916000,1919000,
subproof: 1869000,
equiv_pos2: 154000,102000,455000,182000,212000,289000,104000,
reordering: 386000,683000,303000,414000,
resolution: 120000,158000,154000,215000,248000,411000,441000,503000,481000,352000,415000,351000,376000,239000,270000,292000,408000,
sko_forall: 1761000,
contraction: 343000,268000,
forall_inst: 10387000,1392000,1225000,1099000,
implies_neg1: 215000,
implies_neg2: 177000,
__local_input: 40000,
connective_def: 185000,295000,
__normalized_input: 2029000,2046000,3931000,726000,763000,
rare_rewrite_bool-impl-false1: 11087000,11217000,12037000,
rare_rewrite_bool-and-de-morgan: 11750000,11658000,11381000,
rare_rewrite_bool-double-not-elim: 105000,125000,133000,187000,

