1; Draft.Scratch_smt_check_7_15997; 2026-04-10 13:46:45.828;
bind: 318000,264000,272000,281000,281000,223000,450000,258000,441000,252000,229000,
cong: 164000,308000,145000,158000,152000,167000,260000,137000,133000,133000,75000,285000,171000,152000,165000,152000,352000,148000,132000,132000,81000,105000,189000,73000,111000,150000,242000,
refl: 42000,42000,140000,48000,65000,63000,
symm: 312000,91000,114000,164000,297000,
trans: 277000,227000,239000,229000,237000,115000,158000,210000,
choice: 73000,
equiv1: 302000,193000,197000,165000,294000,
equiv2: 265000,195000,78000,144000,107000,232000,
or_neg: 298000,254000,308000,275000,236000,293000,191000,213000,173000,155000,159000,
or_pos: 256000,
and_pos: 258000,145000,157000,141000,128000,151000,147000,142000,244000,
implies: 246000,552000,159000,215000,
not_and: 218000,
not_not: 103000,
parsing: 39884000,
evaluate: 197000,
subproof: 1400000,1308000,1159000,1421000,1232000,
and_intro: 171000,
equiv_neg1: 45000,
equiv_neg2: 41000,
equiv_pos1: 92000,87000,
equiv_pos2: 172000,163000,92000,320000,179000,172000,309000,284000,331000,319000,502000,113000,84000,155000,84000,28000,165000,245000,
reordering: 770000,371000,339000,394000,226000,338000,367000,337000,425000,356000,235000,493000,672000,464000,
resolution: 309000,287000,381000,384000,304000,320000,328000,421000,372000,541000,396000,196000,670000,567000,536000,659000,240000,336000,374000,439000,412000,257000,361000,478000,571000,253000,380000,424000,511000,466000,239000,376000,296000,297000,278000,297000,261000,362000,338000,333000,207000,238000,227000,545000,151000,136000,173000,143000,147000,194000,245000,168000,169000,179000,232000,325000,296000,595000,147000,200000,213000,212000,163000,219000,392000,
sko_forall: 1089000,
contraction: 523000,436000,454000,585000,258000,231000,287000,246000,238000,282000,302000,
forall_inst: 1425000,1378000,1634000,957000,893000,943000,777000,704000,1037000,835000,789000,1576000,
implies_neg1: 322000,438000,200000,193000,493000,
implies_neg2: 328000,398000,187000,148000,255000,
__local_input: 86000,115000,61000,22000,37000,30000,44000,127000,54000,
connective_def: 289000,278000,304000,312000,
equiv_simplify: 410000,463000,160000,228000,241000,181000,13768000,458000,
implies_simplify: 326000,
__normalized_input: 8668000,8042000,6398000,4191000,3714000,4161000,1171000,
rare_rewrite_eq-symm: 130000,123000,
rare_rewrite_bool-impl-elim: 10058000,
rare_rewrite_bool-and-de-morgan: 7563000,7482000,7205000,6949000,
rare_rewrite_bool-double-not-elim: 195000,215000,164000,172000,

