1; Draft.Scratch_smt_check_7_17265; 2026-04-10 13:46:46.142;
bind: 470000,556000,470000,435000,280000,275000,176000,175000,282000,308000,254000,172000,154000,162000,165000,
cong: 597000,185000,181000,180000,338000,348000,167000,322000,543000,174000,196000,250000,159000,254000,148000,99000,82000,109000,62000,167000,106000,168000,84000,62000,55000,108000,60000,295000,197000,107000,192000,302000,111000,178000,131000,
refl: 97000,56000,123000,92000,52000,271000,25000,28000,58000,29000,260000,25000,28000,73000,50000,33000,60000,
symm: 104000,206000,
trans: 579000,469000,561000,271000,217000,196000,180000,134000,225000,268000,141000,262000,254000,163000,109000,115000,101000,82000,137000,153000,128000,254000,262000,206000,288000,225000,
choice: 39000,82000,
or_neg: 268000,273000,251000,249000,285000,267000,342000,378000,271000,344000,214000,297000,310000,230000,198000,216000,
or_pos: 325000,313000,349000,192000,
and_neg: 1008000,
and_pos: 525000,484000,446000,450000,483000,447000,462000,540000,
implies: 540000,273000,375000,524000,226000,154000,190000,535000,541000,
parsing: 33099000,
aci_simp: 1707000,1276000,895000,977000,
evaluate: 292000,199000,
onepoint: 1591000,912000,
subproof: 2275000,1973000,2298000,1303000,1094000,1424000,1542000,
and_intro: 493000,
equiv_pos1: 234000,126000,
equiv_pos2: 773000,217000,237000,237000,341000,353000,748000,191000,228000,292000,210000,211000,365000,94000,185000,167000,
reordering: 356000,336000,420000,424000,783000,1699000,312000,345000,385000,238000,403000,265000,813000,2109000,2032000,
resolution: 456000,347000,397000,322000,493000,377000,630000,797000,712000,398000,353000,576000,415000,488000,392000,485000,378000,379000,533000,604000,629000,524000,493000,470000,288000,366000,422000,657000,757000,695000,417000,316000,582000,399000,538000,408000,487000,344000,428000,374000,357000,494000,340000,468000,437000,241000,365000,312000,323000,367000,339000,326000,281000,735000,716000,579000,1511000,242000,211000,249000,708000,593000,1505000,243000,250000,
sko_forall: 1832000,1100000,
contraction: 838000,367000,375000,512000,512000,816000,358000,404000,463000,274000,248000,742000,963000,738000,1232000,
forall_inst: 1379000,1542000,1542000,1216000,1267000,1506000,1293000,871000,731000,721000,876000,815000,900000,
implies_neg1: 684000,362000,707000,396000,204000,1786000,1794000,
implies_neg2: 712000,373000,761000,427000,206000,695000,685000,
__local_input: 141000,106000,149000,104000,61000,41000,31000,49000,102000,123000,104000,59000,108000,
__normalized_input: 13570000,5315000,5316000,3463000,3289000,3137000,3564000,
rare_rewrite_eq-refl: 128000,81000,132000,
rare_rewrite_eq-symm: 518000,235000,512000,409000,85000,104000,245000,81000,112000,180000,311000,131000,
rare_rewrite_or-not-refl: 9244000,6094000,
rare_rewrite_bool-eq-true: 6399000,
rare_rewrite_bool-impl-elim: 11442000,11001000,5988000,6034000,6177000,
rare_rewrite_bool-double-not-elim: 207000,172000,358000,170000,272000,163000,

