1; Draft.Scratch_smt_check_7_29301; 2026-04-10 13:46:44.695;
bind: 471000,424000,385000,398000,415000,429000,
cong: 198000,193000,173000,184000,111000,185000,199000,170000,207000,196000,194000,118000,177000,205000,336000,169000,201000,
refl: 59000,42000,58000,34000,33000,91000,46000,71000,40000,56000,41000,34000,54000,44000,62000,49000,
symm: 123000,144000,
trans: 387000,412000,312000,394000,415000,319000,310000,
and_neg: 277000,
implies: 356000,
parsing: 14929000,
aci_simp: 1907000,2025000,2064000,
subproof: 2302000,
equiv_pos1: 63000,111000,
equiv_pos2: 252000,287000,466000,
reordering: 335000,451000,484000,
resolution: 311000,396000,307000,343000,354000,449000,487000,632000,657000,368000,465000,
contraction: 568000,
forall_inst: 1249000,1410000,
implies_neg1: 532000,
implies_neg2: 509000,
__local_input: 158000,
__normalized_input: 5989000,1368000,1235000,1347000,1355000,1247000,
rare_rewrite_eq-refl: 156000,
rare_rewrite_eq-symm: 195000,215000,169000,155000,

