1; Draft.Scratch_smt_check_7_21694; 2026-04-10 13:50:41.233;
bind: 190000,178000,361000,320000,361000,316000,425000,387000,312000,316000,186000,182000,423000,333000,378000,378000,473000,395000,331000,529000,372000,329000,574000,363000,862000,781000,602000,526000,354000,
cong: 159000,169000,148000,90000,175000,153000,226000,173000,146000,101000,85000,84000,231000,172000,144000,95000,80000,85000,481000,259000,232000,116000,123000,110000,202000,135000,189000,121000,86000,99000,152000,111000,72000,88000,57000,72000,83000,64000,400000,164000,182000,197000,83000,178000,177000,119000,159000,198000,252000,179000,269000,131000,75000,242000,173000,145000,105000,85000,88000,230000,171000,138000,101000,87000,98000,481000,264000,347000,114000,122000,111000,177000,128000,200000,119000,83000,101000,156000,171000,79000,90000,61000,80000,102000,88000,400000,232000,185000,140000,104000,105000,96000,251000,178000,152000,119000,110000,106000,939000,479000,418000,190000,233000,183000,335000,216000,310000,199000,134000,190000,249000,184000,137000,149000,99000,111000,133000,89000,707000,281000,307000,279000,131000,301000,628000,
refl: 27000,138000,88000,30000,57000,19000,46000,19000,37000,82000,33000,88000,91000,30000,59000,20000,23000,22000,37000,93000,98000,94000,50000,116000,44000,39000,33000,58000,158000,47000,214000,93000,
symm: 146000,123000,286000,286000,209000,229000,178000,150000,224000,281000,256000,
trans: 281000,290000,267000,280000,214000,169000,141000,139000,279000,288000,199000,169000,139000,152000,211000,234000,344000,355000,359000,243000,184000,222000,312000,351000,289000,296000,270000,303000,307000,321000,159000,308000,209000,237000,215000,288000,286000,201000,173000,140000,145000,289000,289000,208000,170000,144000,146000,219000,216000,344000,387000,359000,227000,209000,289000,257000,277000,289000,195000,170000,167000,173000,310000,324000,218000,205000,212000,181000,431000,453000,665000,816000,743000,565000,425000,458000,630000,712000,
equiv1: 460000,220000,134000,
or_neg: 249000,326000,322000,401000,319000,317000,371000,283000,340000,352000,386000,394000,627000,607000,730000,
or_pos: 583000,285000,479000,310000,759000,522000,
and_pos: 324000,287000,342000,360000,277000,363000,
implies: 152000,361000,304000,160000,190000,371000,464000,390000,
not_and: 322000,
parsing: 54201000,
evaluate: 488000,338000,185000,258000,399000,264000,558000,709000,845000,
subproof: 1055000,1404000,1255000,1198000,1123000,1388000,1479000,2079000,
and_intro: 221000,156000,337000,
poly_simp: 1865000,1753000,1764000,1878000,2364000,2347000,1804000,2373000,2422000,1882000,1883000,1845000,2013000,2074000,2201000,1906000,1896000,1969000,3702000,2103000,3109000,2398000,2035000,2663000,2955000,1917000,2057000,2174000,2152000,3096000,3447000,3391000,2348000,4411000,4083000,2705000,3853000,3511000,3688000,3448000,3670000,
equiv_pos1: 139000,105000,140000,102000,246000,201000,
equiv_pos2: 165000,126000,92000,151000,202000,207000,526000,238000,61000,62000,148000,53000,368000,163000,162000,86000,87000,158000,127000,252000,115000,102000,204000,209000,537000,231000,77000,63000,150000,92000,431000,114000,212000,398000,1317000,452000,133000,164000,261000,105000,762000,165000,361000,790000,
la_generic: 10027000,
reordering: 305000,493000,552000,337000,485000,879000,351000,603000,647000,355000,438000,1113000,619000,1110000,1074000,722000,848000,
resolution: 234000,417000,199000,245000,275000,295000,284000,197000,257000,250000,315000,330000,366000,508000,666000,658000,349000,370000,317000,284000,406000,229000,267000,278000,235000,282000,340000,394000,585000,874000,615000,679000,335000,365000,510000,440000,845000,155000,244000,242000,233000,263000,268000,255000,396000,281000,293000,395000,223000,207000,275000,272000,297000,303000,220000,326000,199000,252000,324000,226000,241000,310000,340000,402000,502000,670000,654000,392000,377000,309000,318000,448000,323000,267000,328000,305000,332000,461000,282000,616000,881000,854000,642000,994000,252000,315000,359000,387000,778000,932000,870000,405000,433000,605000,591000,780000,447000,559000,546000,454000,554000,584000,460000,1106000,1468000,380000,492000,634000,
contraction: 218000,589000,545000,638000,436000,479000,267000,226000,610000,585000,646000,678000,589000,1118000,
forall_inst: 728000,992000,1060000,1015000,712000,1194000,1345000,1116000,2026000,1912000,1515000,1410000,
la_mult_neg: 408000,301000,
implies_neg1: 191000,546000,190000,207000,542000,451000,1067000,1280000,
implies_neg2: 184000,588000,326000,171000,191000,604000,664000,618000,
__local_input: 165000,329000,184000,197000,540000,56000,51000,151000,687000,135000,149000,228000,
poly_simp_rel: 1193000,973000,997000,1005000,1015000,997000,1014000,1007000,975000,1027000,1142000,1116000,1227000,1249000,1025000,1005000,1044000,1050000,988000,1123000,1027000,1018000,1122000,1227000,1533000,1155000,1157000,1205000,1216000,1621000,1364000,1950000,2258000,2199000,2164000,2316000,
equiv_simplify: 221000,
implies_simplify: 558000,308000,
__normalized_input: 43526000,28253000,20776000,12091000,2889000,2620000,2823000,2372000,780000,1465000,
rare_rewrite_eq-symm: 159000,152000,244000,342000,110000,218000,164000,183000,159000,352000,142000,236000,175000,227000,393000,716000,238000,421000,
rare_rewrite_arith-elim-gt: 6851000,6360000,
rare_rewrite_arith-elim-lt: 5943000,5814000,5977000,5788000,5758000,5874000,13411000,7440000,6142000,6084000,6343000,6341000,6382000,6315000,7091000,6675000,7022000,7541000,9180000,8542000,8389000,12647000,
rare_rewrite_arith-elim-leq: 6161000,7338000,6502000,6479000,7941000,7608000,12672000,12916000,
rare_rewrite_bool-impl-elim: 6202000,6450000,6588000,6623000,12286000,6885000,6588000,8984000,12143000,
rare_rewrite_bool-double-not-elim: 158000,161000,239000,184000,164000,237000,169000,200000,492000,593000,

