1; Draft.Scratch_smt_check_7_26630; 2026-04-10 13:50:40.080;
cong: 148000,110000,226000,69000,70000,136000,106000,190000,65000,55000,126000,160000,135000,68000,424000,
refl: 44000,44000,32000,79000,61000,
symm: 175000,122000,
trans: 285000,215000,260000,198000,
equiv1: 229000,
equiv2: 240000,
or_neg: 309000,290000,314000,304000,
and_neg: 365000,
and_pos: 244000,273000,246000,
implies: 299000,
not_not: 240000,
parsing: 1915000,
subproof: 1546000,
poly_simp: 2430000,2382000,
equiv_pos2: 123000,117000,363000,
reordering: 447000,774000,
resolution: 266000,340000,235000,272000,717000,1758000,545000,490000,444000,799000,281000,238000,339000,354000,283000,
contraction: 677000,415000,463000,
forall_inst: 737000,938000,870000,
implies_neg1: 431000,
implies_neg2: 389000,
__local_input: 47000,81000,140000,
poly_simp_rel: 1164000,1280000,
equiv_simplify: 313000,320000,
__normalized_input: 7138000,3472000,761000,658000,1180000,
rare_rewrite_bool-double-not-elim: 292000,

