1; Draft.Scratch_smt_check_7_14926; 2026-04-10 13:42:46.998;
bind: 304000,232000,341000,562000,361000,344000,
cong: 148000,146000,118000,284000,539000,257000,224000,192000,234000,516000,302000,230000,79000,85000,
refl: 43000,46000,52000,
trans: 178000,219000,150000,159000,263000,308000,348000,249000,268000,256000,227000,118000,128000,
or_neg: 533000,380000,495000,535000,383000,543000,
implies: 249000,
parsing: 9863000,
aci_simp: 998000,1727000,1763000,1710000,1690000,
evaluate: 268000,
subproof: 2660000,
equiv_pos1: 185000,182000,
equiv_pos2: 539000,670000,467000,680000,385000,
reordering: 632000,387000,631000,
resolution: 147000,851000,202000,316000,735000,1054000,403000,582000,719000,440000,375000,334000,491000,741000,1032000,
contraction: 896000,510000,911000,
forall_inst: 1434000,1431000,1211000,
implies_neg1: 427000,
implies_neg2: 385000,
__local_input: 86000,
connective_def: 501000,498000,
__normalized_input: 1623000,958000,1000000,
rare_rewrite_eq-refl: 105000,116000,
rare_rewrite_eq-symm: 114000,132000,121000,127000,
rare_rewrite_bool-and-de-morgan: 25284000,11348000,11104000,11448000,
rare_rewrite_bool-double-not-elim: 357000,353000,

