1; Draft.Scratch_smt_check_7_19454; 2026-04-10 13:44:09.976;
bind: 335000,274000,595000,339000,525000,574000,878000,
cong: 539000,299000,371000,199000,148000,217000,183000,181000,595000,316000,255000,206000,171000,148000,135000,116000,116000,479000,630000,277000,255000,199000,156000,143000,123000,
refl: 147000,30000,22000,27000,125000,138000,23000,28000,30000,40000,48000,42000,46000,
symm: 303000,62000,
trans: 515000,634000,586000,417000,260000,268000,218000,216000,209000,413000,360000,469000,496000,452000,455000,479000,391000,417000,399000,405000,333000,295000,227000,211000,230000,154000,679000,754000,580000,481000,390000,356000,307000,
equiv1: 625000,545000,
equiv2: 674000,
or_pos: 191000,
and_pos: 776000,273000,268000,246000,258000,
parsing: 71907000,
aci_simp: 1725000,1024000,1183000,1552000,924000,1323000,1852000,1872000,1232000,2230000,2039000,1944000,1932000,1782000,1718000,1798000,
equiv_pos2: 122000,476000,187000,33000,707000,
reordering: 1479000,381000,414000,230000,358000,633000,399000,
resolution: 649000,412000,542000,725000,817000,171000,162000,169000,225000,292000,149000,134000,280000,323000,436000,701000,184000,
forall_inst: 763000,1051000,
connective_def: 401000,
equiv_simplify: 727000,670000,
miniscope_split: 1089000,
__normalized_input: 2391000,1033000,1038000,1159000,1577000,787000,
rare_rewrite_eq-symm: 629000,109000,
rare_rewrite_bool-eq-false: 5594000,
rare_rewrite_bool-impl-elim: 7207000,12294000,
rare_rewrite_bool-and-de-morgan: 6030000,5788000,6200000,5601000,5776000,6022000,6003000,5987000,17973000,12140000,12285000,

