1; Draft.Scratch_smt_check_7_1758; 2026-04-10 13:50:00.037;
bind: 669000,497000,593000,581000,414000,396000,656000,455000,574000,541000,237000,217000,254000,
cong: 160000,96000,101000,109000,341000,460000,135000,103000,221000,231000,146000,115000,332000,347000,396000,221000,162000,342000,428000,97000,99000,237000,218000,108000,114000,322000,335000,322000,143000,99000,218000,390000,213000,240000,144000,139000,448000,290000,77000,80000,54000,52000,67000,47000,42000,48000,70000,
refl: 48000,45000,53000,40000,59000,61000,50000,36000,54000,48000,35000,42000,28000,50000,123000,20000,18000,
symm: 316000,165000,83000,96000,
false: 20000,
trans: 299000,289000,252000,656000,565000,588000,577000,602000,550000,386000,361000,363000,628000,548000,560000,560000,642000,505000,205000,185000,205000,166000,102000,
choice: 74000,
equiv2: 139000,164000,
or_neg: 720000,725000,341000,353000,272000,
or_pos: 614000,263000,
implies: 711000,
not_not: 164000,
parsing: 22915000,
aci_simp: 2194000,2033000,2364000,2168000,1078000,1273000,
evaluate: 256000,
subproof: 2554000,
equiv_pos2: 169000,118000,518000,231000,227000,446000,444000,348000,51000,42000,53000,43000,
reordering: 1027000,428000,347000,
resolution: 264000,443000,345000,535000,623000,434000,399000,461000,574000,450000,559000,676000,937000,1143000,860000,1274000,950000,691000,604000,453000,561000,258000,202000,239000,228000,251000,
sko_forall: 2325000,
contraction: 1146000,1147000,498000,
forall_inst: 1602000,867000,
implies_neg1: 481000,
implies_neg2: 909000,
__local_input: 132000,
connective_def: 756000,728000,
equiv_simplify: 239000,227000,
__normalized_input: 16228000,15310000,15188000,531000,508000,512000,540000,536000,592000,818000,
rare_rewrite_eq-symm: 191000,109000,108000,118000,
rare_rewrite_bool-impl-elim: 13339000,6663000,
rare_rewrite_bool-and-de-morgan: 11938000,12487000,11762000,12046000,12446000,6946000,
rare_rewrite_bool-double-not-elim: 338000,240000,

