1; Draft.Scratch_smt_check_7_25708; 2026-04-10 13:50:00.913;
bind: 283000,223000,161000,177000,197000,312000,313000,293000,296000,296000,294000,152000,169000,158000,169000,196000,289000,296000,303000,294000,302000,298000,147000,159000,171000,177000,291000,332000,309000,312000,319000,331000,172000,427000,297000,293000,391000,
cong: 270000,141000,168000,72000,109000,82000,235000,109000,111000,378000,109000,151000,108000,132000,66000,102000,144000,112000,157000,102000,128000,67000,103000,143000,211000,108000,158000,309000,309000,443000,443000,506000,102000,445000,187000,85000,58000,88000,106000,118000,147000,120000,119000,107000,99000,71000,91000,61000,161000,100000,77000,267000,137000,159000,99000,93000,90000,128000,78000,68000,96000,88000,209000,105000,107000,373000,102000,140000,100000,129000,74000,106000,169000,106000,138000,105000,133000,66000,100000,140000,236000,117000,149000,123000,144000,307000,312000,430000,415000,508000,102000,442000,183000,86000,58000,75000,110000,120000,148000,117000,119000,105000,91000,61000,83000,56000,309000,308000,440000,432000,556000,97000,443000,181000,85000,56000,111000,118000,121000,154000,120000,123000,109000,97000,68000,82000,56000,499000,162000,101000,81000,270000,142000,165000,97000,88000,110000,129000,83000,64000,83000,79000,207000,105000,105000,372000,104000,137000,102000,132000,67000,112000,152000,129000,140000,109000,144000,74000,102000,144000,220000,113000,156000,108000,145000,2625000,710000,350000,326000,492000,1186000,211000,198000,196000,161000,108000,1159000,
ite1: 293000,223000,230000,
ite2: 599000,
refl: 34000,39000,41000,21000,36000,38000,24000,36000,41000,30000,19000,22000,40000,22000,32000,22000,30000,19000,23000,36000,77000,22000,17000,30000,33000,36000,32000,22000,37000,36000,23000,34000,22000,33000,20000,23000,36000,24000,34000,40000,30000,18000,22000,34000,76000,27000,15000,33000,78000,32000,237000,17000,40000,38000,24000,22000,33000,35000,22000,32000,24000,51000,18000,31000,36000,24000,39000,29000,32000,21000,22000,34000,76000,291000,54000,95000,95000,66000,94000,93000,93000,78000,158000,67000,31000,129000,145000,99000,78000,232000,124000,180000,90000,59000,300000,
symm: 109000,159000,197000,190000,135000,219000,219000,96000,109000,269000,165000,199000,193000,111000,228000,103000,104000,118000,215000,555000,406000,
true: 82000,82000,86000,87000,
trans: 317000,239000,167000,144000,276000,287000,278000,280000,274000,860000,879000,326000,233000,177000,267000,221000,240000,268000,264000,210000,189000,138000,263000,277000,278000,336000,274000,861000,879000,627000,865000,879000,322000,327000,243000,180000,264000,244000,243000,264000,257000,243000,164000,156000,287000,283000,263000,285000,275000,744000,435000,512000,376000,
equiv1: 422000,417000,427000,925000,1341000,472000,
equiv2: 375000,364000,850000,368000,1034000,553000,
or_neg: 1620000,1449000,1485000,1505000,1456000,1470000,1480000,1500000,1449000,1502000,1448000,1443000,1475000,1474000,1625000,485000,486000,471000,454000,531000,536000,
or_pos: 517000,
and_neg: 2198000,1210000,
and_pos: 1961000,2006000,1991000,1972000,1996000,2006000,2021000,1997000,2066000,1949000,1892000,2008000,2000000,2213000,910000,901000,1131000,649000,687000,28370000,1410000,1223000,1196000,1100000,1415000,1252000,1233000,
implies: 284000,315000,2356000,255000,306000,1263000,258000,317000,675000,1210000,293000,
not_not: 515000,456000,
parsing: 84922000,
subproof: 1236000,1310000,3362000,1200000,1232000,2213000,1241000,1289000,3050000,3018000,1950000,
and_intro: 905000,1156000,
equiv_pos1: 60000,47000,47000,
equiv_pos2: 161000,112000,77000,302000,85000,370000,376000,173000,186000,355000,86000,75000,545000,327000,81000,90000,363000,363000,194000,175000,344000,85000,527000,536000,305000,79000,88000,364000,377000,177000,174000,348000,81000,3232000,1267000,1283000,205000,138000,191000,210000,1623000,
reordering: 283000,3700000,33395000,246000,3307000,260000,777000,3229000,6047000,776000,
resolution: 178000,244000,277000,302000,363000,254000,203000,252000,176000,229000,295000,268000,994000,223000,348000,450000,426000,284000,272000,225000,209000,287000,238000,4423000,414000,362000,250000,338000,361000,452000,442000,245000,330000,309000,232000,242000,250000,254000,219000,223000,314000,230000,188000,259000,319000,542000,572000,4400000,34339000,4150000,2697000,1958000,28739000,473000,210000,355000,454000,427000,279000,225000,263000,234000,178000,235000,235000,220000,196000,243000,197000,400000,379000,360000,236000,306000,354000,448000,415000,247000,325000,289000,222000,246000,230000,215000,306000,888000,286000,563000,1409000,1176000,1890000,430000,461000,560000,705000,282000,205000,349000,472000,446000,307000,227000,282000,238000,175000,230000,229000,229000,188000,267000,231000,400000,378000,363000,247000,319000,369000,461000,464000,242000,340000,322000,226000,250000,243000,255000,349000,342000,956000,901000,724000,673000,1217000,4161000,973000,819000,683000,2230000,426000,329000,441000,484000,322000,402000,441000,1450000,1107000,3896000,478000,393000,576000,542000,420000,310000,451000,345000,455000,583000,527000,397000,
contraction: 431000,444000,17476000,3308000,7216000,434000,427000,1862000,1775000,451000,449000,1822000,942000,1156000,1675000,2227000,441000,
forall_inst: 835000,863000,735000,676000,983000,885000,715000,757000,909000,828000,770000,840000,883000,737000,1008000,820000,669000,1077000,1078000,871000,795000,896000,796000,706000,719000,719000,892000,760000,853000,749000,963000,900000,962000,969000,898000,812000,919000,798000,730000,684000,715000,938000,798000,907000,809000,1040000,995000,1341000,1728000,1218000,1580000,1817000,1557000,1217000,1345000,1304000,
implies_neg1: 397000,406000,401000,408000,405000,411000,2061000,4481000,2123000,2158000,403000,
implies_neg2: 423000,439000,2859000,423000,434000,1625000,434000,444000,766000,1379000,1065000,
__local_input: 170000,164000,166000,165000,208000,181000,72000,69000,192000,39000,71000,63000,42000,54000,55000,57000,49000,94000,47000,30000,72000,74000,223000,115000,58000,144000,45000,133000,95000,59000,43000,159000,164000,120000,
equiv_simplify: 539000,520000,991000,553000,1041000,1584000,740000,709000,
__normalized_input: 21331000,16262000,15264000,13292000,9078000,7196000,6912000,5824000,5517000,2873000,1751000,1682000,1547000,1413000,1995000,744000,
rare_rewrite_ite-eq: 6977000,6573000,6578000,9257000,
rare_rewrite_eq-refl: 112000,253000,114000,275000,123000,265000,691000,
rare_rewrite_eq-symm: 149000,146000,218000,111000,145000,306000,318000,115000,115000,113000,113000,130000,133000,857000,215000,139000,115000,147000,339000,321000,118000,114000,116000,111000,128000,849000,850000,211000,135000,116000,140000,306000,318000,121000,119000,125000,119000,140000,906000,927000,274000,241000,236000,281000,
rare_rewrite_ite-true-cond: 6605000,6496000,6405000,
rare_rewrite_bool-impl-elim: 6299000,
rare_rewrite_bool-double-not-elim: 906000,603000,

