1; Draft.Scratch_smt_check_7_8998; 2026-04-10 13:46:14.409;
cong: 237000,185000,213000,148000,379000,134000,149000,112000,160000,129000,172000,338000,
refl: 50000,115000,34000,
symm: 216000,526000,
trans: 340000,322000,300000,506000,523000,
equiv1: 494000,
equiv2: 350000,
implies: 361000,
not_not: 305000,
parsing: 6661000,
subproof: 2111000,
poly_simp: 3387000,3273000,3544000,
equiv_pos2: 187000,163000,174000,2829000,
resolution: 379000,377000,466000,359000,451000,493000,403000,396000,800000,806000,476000,
contraction: 610000,
forall_inst: 1506000,
implies_neg1: 565000,
implies_neg2: 586000,
__local_input: 103000,
poly_simp_rel: 1935000,2270000,
equiv_simplify: 521000,640000,
__normalized_input: 7676000,2827000,1579000,4903000,
rare_rewrite_eq-symm: 216000,
rare_rewrite_bool-eq-false: 22317000,23860000,

