1; Draft.Scratch_smt_check_7_31302; 2026-04-10 13:44:56.383;
bind: 341000,349000,615000,566000,
cong: 322000,197000,204000,13979000,178000,581000,325000,
refl: 108000,
symm: 384000,375000,333000,718000,
trans: 439000,325000,
or_pos: 279000,476000,
and_neg: 2206000,
and_pos: 1186000,1260000,1056000,1258000,
implies: 302000,1336000,583000,
parsing: 27172000,
subproof: 1829000,2391000,2939000,
equiv_pos2: 210000,205000,401000,414000,416000,795000,
reordering: 420000,1921000,5433000,845000,
resolution: 309000,238000,253000,320000,375000,468000,463000,253000,306000,344000,318000,1352000,1717000,1363000,3140000,349000,343000,404000,468000,528000,645000,804000,874000,424000,486000,
contraction: 441000,1885000,2251000,847000,
forall_inst: 864000,1088000,1131000,1075000,1076000,1551000,
implies_neg1: 458000,771000,4538000,
implies_neg2: 443000,1739000,818000,
__local_input: 70000,121000,197000,251000,89000,258000,
__normalized_input: 5020000,3097000,2912000,1378000,2207000,
rare_rewrite_eq-symm: 269000,495000,
rare_rewrite_bool-impl-elim: 7030000,6819000,11881000,11819000,

