1; Draft.Scratch_smt_check_7_10417; 2026-04-10 13:47:43.730;
bind: 302000,229000,323000,240000,713000,315000,232000,317000,235000,706000,366000,394000,320000,328000,446000,351000,370000,378000,174000,336000,352000,375000,314000,407000,167000,452000,484000,389000,517000,542000,405000,585000,564000,184000,340000,171000,167000,355000,382000,324000,315000,328000,351000,372000,445000,174000,332000,350000,375000,310000,409000,174000,436000,461000,365000,504000,532000,382000,584000,540000,182000,279000,162000,170000,307000,226000,312000,234000,695000,316000,232000,316000,240000,713000,317000,240000,315000,248000,705000,313000,231000,315000,239000,694000,356000,380000,313000,310000,335000,352000,379000,367000,163000,328000,355000,381000,313000,414000,176000,439000,467000,365000,501000,542000,392000,595000,553000,188000,291000,169000,180000,360000,398000,310000,320000,344000,353000,388000,392000,173000,328000,353000,391000,321000,435000,179000,447000,491000,409000,522000,547000,392000,843000,544000,186000,272000,169000,177000,309000,234000,313000,227000,685000,306000,223000,351000,10471000,692000,318000,237000,449000,257000,694000,315000,231000,568000,410000,688000,365000,387000,304000,308000,335000,334000,369000,376000,179000,334000,351000,376000,317000,408000,168000,432000,468000,358000,509000,532000,378000,571000,551000,180000,287000,173000,175000,
cong: 147000,132000,123000,155000,131000,126000,815000,628000,428000,379000,332000,160000,191000,155000,140000,126000,146000,134000,134000,9433000,630000,428000,383000,322000,162000,169000,421000,776000,375000,378000,314000,157000,171000,891000,502000,182000,154000,160000,200000,196000,191000,55000,177000,61000,186000,63000,211000,61000,221000,365000,109000,108000,92000,212000,100000,84000,77000,50000,54000,148000,67000,447000,332000,155000,209000,245000,72000,292000,63000,219000,86000,225000,140000,130000,204000,180000,116000,260000,264000,185000,106000,100000,99000,363000,449000,293000,199000,146000,152000,518000,398000,170000,84000,78000,72000,46000,86000,78000,78000,66000,39000,36000,44000,44000,27000,233000,166000,162000,113000,93000,429000,329000,171000,176000,158000,154000,199000,200000,156000,56000,177000,58000,170000,54000,188000,56000,206000,186000,107000,105000,97000,205000,112000,81000,74000,55000,52000,150000,72000,471000,327000,166000,204000,249000,63000,265000,63000,228000,63000,218000,139000,120000,210000,177000,92000,262000,260000,186000,130000,98000,100000,367000,436000,273000,195000,140000,144000,539000,408000,433000,332000,164000,205000,158000,157000,162000,118000,153000,131000,118000,775000,621000,425000,380000,324000,156000,169000,165000,84000,83000,75000,49000,86000,80000,79000,69000,42000,37000,44000,45000,24000,235000,168000,185000,115000,94000,147000,131000,115000,156000,130000,121000,778000,625000,446000,378000,328000,185000,171000,163000,87000,83000,76000,64000,86000,78000,79000,67000,41000,37000,44000,44000,23000,238000,182000,163000,114000,89000,421000,759000,370000,369000,317000,156000,168000,930000,499000,155000,130000,117000,156000,152000,123000,791000,620000,428000,380000,321000,157000,177000,145000,133000,119000,151000,130000,123000,778000,627000,449000,385000,329000,156000,165000,433000,777000,378000,367000,317000,191000,166000,879000,501000,179000,154000,153000,196000,204000,161000,56000,177000,58000,174000,53000,198000,61000,205000,189000,109000,114000,91000,205000,102000,84000,77000,57000,54000,148000,72000,462000,319000,151000,221000,238000,62000,274000,66000,227000,69000,224000,148000,123000,213000,183000,91000,261000,256000,183000,106000,99000,97000,366000,436000,262000,193000,141000,146000,519000,414000,169000,91000,87000,82000,68000,85000,78000,85000,66000,38000,35000,42000,42000,23000,235000,173000,183000,111000,85000,432000,331000,162000,1460000,653000,178000,165000,164000,204000,206000,163000,61000,182000,63000,175000,59000,205000,67000,213000,195000,110000,106000,99000,209000,95000,80000,73000,47000,55000,158000,76000,445000,326000,156000,218000,263000,82000,270000,65000,226000,77000,223000,139000,116000,203000,175000,92000,262000,261000,182000,104000,99000,98000,411000,430000,255000,201000,147000,164000,514000,397000,432000,329000,173000,201000,168000,147000,128000,118000,145000,127000,114000,775000,624000,428000,384000,327000,157000,170000,169000,85000,84000,81000,50000,88000,80000,78000,66000,38000,35000,47000,42000,41000,242000,171000,167000,114000,93000,147000,133000,114000,160000,163000,161000,774000,624000,430000,379000,324000,159000,167000,183000,85000,80000,73000,51000,88000,79000,77000,68000,39000,34000,47000,41000,23000,237000,170000,164000,109000,82000,443000,778000,378000,377000,317000,157000,165000,898000,500000,153000,131000,116000,146000,135000,117000,781000,622000,424000,381000,330000,158000,177000,147000,132000,119000,268000,212000,178000,803000,626000,430000,412000,319000,159000,176000,430000,793000,380000,371000,322000,154000,185000,894000,494000,184000,158000,154000,201000,195000,156000,58000,178000,55000,177000,54000,195000,60000,211000,189000,111000,102000,92000,205000,112000,80000,73000,49000,56000,147000,72000,440000,326000,150000,205000,242000,65000,274000,69000,225000,69000,217000,138000,123000,201000,177000,90000,254000,252000,180000,102000,98000,98000,367000,425000,258000,197000,144000,152000,528000,391000,169000,85000,83000,75000,63000,85000,83000,78000,68000,40000,36000,44000,63000,24000,238000,168000,164000,116000,93000,433000,327000,167000,1460000,
refl: 117000,253000,29000,50000,50000,79000,641000,84000,27000,73000,37000,663000,73000,24000,54000,62000,487000,49000,584000,44000,38000,582000,37000,26000,26000,25000,42000,47000,44000,23000,99000,17000,18000,22000,32000,17000,18000,81000,21000,27000,28000,53000,77000,641000,72000,27000,72000,27000,695000,72000,22000,26000,63000,489000,50000,583000,42000,32000,564000,39000,28000,29000,26000,42000,48000,43000,19000,104000,83000,21000,118000,19000,34000,18000,46000,16000,19000,19000,19000,18000,23000,18000,17000,251000,119000,273000,29000,31000,52000,78000,637000,73000,27000,76000,27000,664000,78000,24000,28000,61000,482000,47000,589000,60000,34000,570000,38000,28000,28000,27000,43000,61000,45000,19000,98000,25000,17000,17000,23000,21000,19000,81000,20000,95000,28000,30000,52000,79000,696000,74000,29000,71000,29000,697000,75000,31000,29000,60000,497000,54000,603000,43000,33000,596000,41000,30000,29000,27000,43000,47000,44000,20000,99000,81000,21000,118000,19000,20000,17000,21000,18000,19000,17000,17000,16000,22000,19000,19000,248000,119000,252000,30000,47000,56000,79000,638000,72000,27000,71000,27000,666000,71000,21000,25000,62000,484000,50000,583000,42000,34000,573000,39000,30000,28000,26000,48000,45000,42000,23000,102000,19000,18000,19000,23000,18000,20000,82000,19000,101000,
symm: 300000,373000,297000,344000,191000,372000,429000,414000,202000,71000,76000,88000,251000,275000,310000,348000,289000,356000,192000,353000,450000,405000,201000,250000,268000,181000,279000,77000,79000,93000,72000,81000,94000,299000,346000,288000,350000,187000,370000,429000,422000,196000,84000,73000,83000,256000,281000,323000,354000,293000,369000,196000,368000,516000,410000,205000,245000,270000,178000,280000,72000,83000,86000,75000,92000,84000,311000,354000,286000,385000,197000,383000,431000,403000,201000,72000,80000,89000,253000,276000,
trans: 203000,199000,210000,196000,210000,196000,204000,209000,377000,270000,286000,275000,266000,347000,340000,284000,299000,287000,285000,281000,257000,130000,300000,326000,290000,320000,102000,358000,324000,368000,330000,348000,277000,313000,407000,285000,289000,312000,540000,309000,300000,322000,262000,119000,326000,299000,326000,351000,215000,364000,368000,382000,387000,365000,309000,113000,445000,11692000,383000,382000,363000,104000,431000,367000,395000,343000,316000,346000,255000,251000,205000,234000,247000,582000,704000,462000,466000,87000,97000,279000,341000,369000,265000,282000,278000,265000,339000,352000,289000,295000,291000,283000,285000,255000,92000,294000,305000,278000,286000,89000,324000,325000,355000,295000,322000,284000,293000,307000,286000,290000,313000,547000,306000,289000,296000,260000,121000,367000,294000,326000,316000,213000,410000,395000,373000,385000,368000,308000,115000,403000,342000,360000,377000,330000,104000,424000,396000,376000,339000,344000,326000,248000,245000,192000,228000,238000,532000,675000,458000,306000,239000,211000,195000,205000,197000,451000,85000,93000,205000,192000,209000,198000,452000,84000,96000,208000,196000,214000,203000,215000,199000,228000,198000,367000,267000,283000,281000,269000,338000,341000,331000,436000,290000,292000,280000,262000,96000,295000,313000,284000,290000,91000,326000,324000,338000,316000,318000,294000,306000,329000,278000,288000,308000,537000,300000,286000,300000,249000,121000,330000,291000,323000,314000,218000,652000,383000,380000,388000,374000,300000,103000,401000,343000,371000,413000,338000,115000,439000,369000,394000,357000,304000,327000,257000,262000,211000,245000,239000,544000,676000,462000,453000,87000,109000,280000,341000,381000,267000,288000,290000,273000,360000,353000,294000,298000,288000,294000,287000,279000,97000,308000,326000,284000,291000,95000,343000,337000,359000,304000,335000,305000,301000,321000,293000,295000,318000,548000,329000,301000,305000,266000,125000,361000,307000,339000,331000,216000,384000,388000,388000,391000,400000,312000,121000,419000,387000,387000,445000,354000,117000,437000,370000,397000,368000,320000,334000,252000,250000,198000,227000,242000,540000,681000,457000,269000,243000,201000,196000,204000,189000,439000,83000,92000,202000,196000,218000,329000,437000,79000,91000,223000,198000,210000,192000,208000,195000,391000,341000,370000,272000,281000,282000,263000,344000,336000,285000,288000,286000,332000,273000,255000,92000,299000,304000,283000,292000,89000,325000,319000,335000,296000,347000,325000,296000,314000,285000,288000,307000,550000,308000,293000,298000,265000,118000,342000,294000,327000,312000,211000,377000,390000,368000,370000,358000,298000,112000,398000,347000,366000,385000,355000,104000,429000,376000,393000,345000,338000,326000,244000,247000,215000,227000,238000,533000,665000,450000,447000,85000,95000,289000,
choice: 95000,
equiv1: 444000,822000,811000,79000,631000,1460000,440000,815000,804000,643000,77000,77000,446000,824000,817000,85000,623000,1486000,445000,833000,809000,633000,77000,82000,447000,823000,797000,76000,623000,
equiv2: 223000,410000,619000,569000,229000,406000,619000,557000,447000,246000,228000,420000,628000,613000,228000,430000,636000,569000,449000,245000,224000,416000,614000,1653000,
or_neg: 419000,668000,697000,392000,530000,504000,665000,689000,637000,687000,694000,665000,687000,392000,530000,353000,664000,675000,425000,489000,342000,443000,438000,455000,647000,698000,660000,739000,721000,664000,683000,386000,495000,373000,660000,726000,389000,483000,341000,
or_pos: 653000,1107000,1267000,640000,1098000,1244000,661000,1129000,1261000,654000,1093000,1261000,661000,1139000,1278000,
and_neg: 387000,
and_pos: 434000,445000,832000,848000,925000,941000,939000,413000,832000,924000,836000,927000,957000,433000,916000,8465000,920000,952000,948000,419000,848000,936000,831000,934000,921000,472000,
implies: 671000,744000,660000,658000,706000,666000,1668000,657000,724000,650000,661000,712000,647000,1675000,672000,713000,658000,
not_and: 693000,678000,
not_not: 428000,417000,317000,440000,418000,322000,417000,
parsing: 447722000,
aci_simp: 1128000,1105000,1090000,1145000,1135000,1165000,1314000,1034000,1115000,1039000,1096000,1122000,1286000,1156000,1436000,1378000,1138000,1037000,1036000,1116000,1121000,1051000,1071000,1097000,1128000,1122000,992000,1115000,1032000,1142000,1115000,1248000,1138000,1327000,1260000,1073000,1000000,1032000,1134000,1079000,1046000,1112000,1097000,1163000,1122000,982000,1111000,1038000,1150000,1094000,1287000,1177000,1408000,1324000,1087000,1044000,1034000,1124000,1119000,1085000,1166000,1146000,1187000,1168000,1035000,1202000,1108000,1144000,1146000,1320000,4133000,1391000,1344000,1086000,1018000,1015000,1087000,1097000,1050000,1062000,1124000,1156000,1122000,987000,1143000,1071000,1087000,1093000,1268000,1149000,1337000,1297000,1070000,1036000,1005000,
evaluate: 208000,265000,207000,246000,220000,222000,209000,210000,208000,205000,213000,215000,216000,263000,203000,204000,215000,206000,214000,215000,221000,227000,207000,237000,214000,205000,192000,242000,195000,205000,207000,214000,210000,208000,
onepoint: 1232000,1590000,1394000,1883000,2256000,1272000,1498000,1241000,1535000,2166000,1266000,1520000,1249000,1561000,2274000,1313000,1578000,1375000,1895000,2228000,1231000,1494000,1241000,1544000,2197000,
qnt_join: 347000,350000,393000,461000,340000,342000,408000,445000,343000,336000,445000,489000,347000,346000,421000,10583000,353000,342000,388000,442000,
subproof: 1649000,1688000,1703000,1977000,1650000,1681000,1653000,2649000,1792000,1690000,1581000,2048000,1613000,1648000,1619000,2662000,1598000,1696000,10278000,
and_intro: 1046000,1032000,
equiv_pos2: 215000,218000,215000,998000,409000,220000,217000,986000,407000,491000,990000,976000,597000,312000,289000,75000,214000,99000,336000,449000,109000,155000,285000,104000,103000,288000,74000,218000,107000,323000,438000,107000,155000,105000,104000,211000,239000,217000,1049000,285000,407000,243000,372000,1013000,281000,399000,509000,948000,966000,599000,330000,31000,213000,227000,217000,997000,404000,211000,215000,978000,404000,484000,951000,1003000,595000,330000,288000,73000,221000,102000,327000,455000,107000,156000,277000,107000,109000,1197000,633000,298000,77000,225000,106000,327000,447000,105000,160000,104000,104000,209000,210000,216000,1079000,284000,405000,208000,221000,1025000,285000,409000,485000,958000,998000,598000,302000,30000,210000,213000,222000,3240000,405000,209000,217000,998000,404000,493000,969000,985000,590000,304000,284000,79000,258000,103000,324000,440000,106000,158000,314000,107000,107000,1208000,
reordering: 606000,1339000,1320000,580000,1023000,607000,1185000,2252000,2505000,4980000,1207000,2185000,2482000,1308000,1327000,577000,1015000,571000,5744000,1311000,1321000,590000,1019000,589000,1185000,2252000,2571000,595000,5075000,1174000,2190000,2477000,1333000,1310000,609000,1033000,570000,5786000,1321000,1327000,590000,1012000,592000,1175000,2230000,2498000,
resolution: 308000,255000,253000,320000,368000,223000,389000,416000,276000,237000,447000,444000,518000,326000,751000,1006000,936000,502000,357000,815000,1010000,736000,1009000,846000,530000,450000,533000,335000,727000,978000,961000,501000,341000,538000,732000,567000,939000,353000,285000,209000,222000,271000,434000,278000,280000,311000,230000,230000,475000,841000,356000,443000,356000,516000,610000,234000,292000,346000,329000,392000,489000,299000,359000,183000,284000,239000,274000,233000,1258000,3980000,699000,758000,1096000,808000,3142000,168000,297000,551000,953000,338000,296000,209000,233000,713000,429000,276000,269000,294000,225000,240000,501000,802000,359000,438000,348000,487000,565000,227000,248000,369000,379000,385000,484000,284000,434000,282000,211000,273000,265000,204000,217000,378000,405000,259000,244000,389000,446000,492000,318000,724000,969000,920000,489000,335000,343000,181000,803000,1004000,727000,998000,838000,500000,466000,489000,323000,732000,968000,926000,501000,334000,350000,193000,533000,704000,2124000,1729000,3517000,216000,393000,409000,270000,233000,394000,443000,489000,334000,743000,986000,949000,496000,338000,809000,1005000,736000,1027000,830000,494000,438000,490000,331000,728000,962000,923000,491000,319000,533000,716000,546000,927000,337000,280000,202000,208000,236000,422000,278000,277000,320000,218000,273000,491000,844000,12386000,446000,373000,530000,579000,237000,268000,378000,339000,399000,505000,303000,365000,176000,284000,244000,314000,279000,673000,1008000,1271000,4059000,733000,763000,1231000,832000,3141000,189000,307000,588000,988000,356000,305000,221000,232000,243000,450000,284000,298000,317000,239000,286000,530000,830000,359000,446000,364000,495000,586000,221000,235000,352000,336000,399000,518000,303000,435000,278000,217000,291000,277000,208000,221000,388000,403000,267000,257000,393000,436000,498000,320000,725000,957000,919000,540000,319000,342000,172000,803000,1016000,750000,1003000,836000,503000,472000,514000,315000,730000,950000,918000,496000,332000,333000,167000,540000,711000,2049000,1728000,3439000,265000,380000,405000,284000,232000,387000,460000,488000,330000,733000,968000,941000,509000,331000,817000,1007000,749000,1010000,863000,507000,441000,498000,339000,727000,976000,970000,869000,542000,549000,727000,542000,925000,337000,274000,198000,205000,241000,427000,276000,285000,351000,222000,253000,8376000,934000,353000,437000,354000,483000,594000,227000,247000,350000,331000,406000,486000,294000,363000,173000,284000,269000,290000,261000,
sko_forall: 2949000,2893000,2892000,2865000,2943000,
contraction: 993000,1071000,1036000,974000,675000,2118000,1357000,1767000,974000,1055000,1033000,998000,656000,2325000,2658000,987000,1059000,1039000,981000,668000,815000,2118000,1382000,1828000,972000,1059000,1033000,969000,667000,2301000,2647000,982000,1057000,1042000,983000,683000,
forall_inst: 1240000,1353000,1374000,1856000,769000,991000,839000,1857000,878000,1279000,922000,926000,1860000,779000,1005000,836000,1821000,845000,1303000,867000,879000,1223000,1383000,1371000,1261000,1328000,1339000,1864000,802000,990000,884000,1849000,865000,1286000,930000,971000,1869000,923000,1040000,890000,1856000,875000,1304000,922000,931000,1199000,1336000,1316000,1220000,1324000,1324000,1863000,794000,988000,845000,1809000,876000,1335000,888000,974000,
implies_neg1: 819000,848000,982000,806000,818000,986000,1535000,807000,808000,968000,2322000,847000,847000,967000,1525000,804000,809000,977000,2283000,
implies_neg2: 1142000,969000,1134000,884000,1130000,954000,1124000,2321000,1124000,953000,1123000,896000,1124000,959000,1126000,2261000,1123000,960000,1150000,
__local_input: 112000,122000,159000,109000,116000,161000,44000,46000,80000,81000,110000,111000,111000,157000,45000,84000,56000,100000,108000,107000,111000,154000,44000,61000,72000,78000,105000,127000,115000,162000,84000,82000,51000,81000,112000,
qnt_rm_unused: 426000,1685000,439000,1271000,548000,2038000,416000,1680000,454000,1273000,557000,2009000,419000,1708000,444000,1273000,552000,2071000,428000,1723000,471000,1314000,597000,2059000,425000,1697000,462000,1276000,557000,2001000,
connective_def: 300000,285000,342000,299000,287000,283000,289000,447000,292000,285000,291000,282000,296000,290000,278000,278000,286000,281000,283000,283000,
equiv_simplify: 316000,558000,528000,979000,774000,973000,164000,687000,740000,316000,551000,520000,979000,746000,949000,690000,745000,560000,153000,166000,338000,315000,571000,555000,992000,764000,951000,153000,716000,757000,321000,613000,588000,992000,749000,949000,693000,738000,558000,153000,159000,335000,313000,586000,526000,998000,758000,948000,156000,751000,768000,
implies_simplify: 1677000,1749000,
__normalized_input: 12024000,10881000,10844000,61678000,10471000,8074000,3288000,3306000,3016000,3041000,2417000,2252000,1469000,1232000,1223000,
rare_rewrite_eq-refl: 91000,91000,111000,111000,105000,89000,86000,116000,102000,114000,88000,88000,120000,105000,108000,91000,96000,121000,113000,112000,85000,89000,117000,104000,102000,
rare_rewrite_eq-symm: 255000,301000,281000,276000,247000,276000,101000,115000,124000,154000,113000,129000,83000,121000,120000,95000,95000,120000,112000,112000,124000,110000,123000,250000,272000,83000,256000,273000,82000,254000,275000,254000,274000,252000,268000,256000,279000,96000,100000,119000,121000,125000,126000,84000,124000,126000,106000,106000,122000,141000,108000,123000,116000,119000,252000,269000,81000,251000,271000,85000,247000,265000,249000,293000,254000,270000,250000,282000,94000,101000,117000,113000,108000,131000,79000,116000,123000,
rare_rewrite_or-not-refl: 6670000,17556000,6532000,6923000,6785000,6421000,6409000,6503000,6495000,6439000,6677000,6424000,6415000,6730000,7084000,7076000,7008000,7300000,18761000,6818000,6348000,6426000,6505000,6572000,6704000,
rare_rewrite_bool-eq-true: 5964000,5981000,5850000,6778000,5919000,
rare_rewrite_bool-eq-false: 6031000,5847000,5923000,6495000,5803000,5753000,5947000,
rare_rewrite_bool-impl-elim: 6173000,6944000,6407000,6224000,6641000,6001000,6308000,6902000,6742000,7000000,6676000,6273000,6286000,6440000,6123000,
rare_rewrite_bool-impl-false1: 6350000,6957000,6294000,6712000,6167000,6474000,6929000,7319000,6258000,6565000,
rare_rewrite_bool-or-de-morgan: 6227000,6175000,5987000,6878000,5751000,5776000,5748000,5834000,5877000,5974000,5728000,15251000,5727000,5667000,5851000,5651000,5766000,5768000,5828000,6490000,
rare_rewrite_bool-and-de-morgan: 6465000,6329000,6212000,6408000,6134000,6397000,6637000,6212000,6590000,6071000,6046000,6406000,6687000,6517000,6368000,6353000,6828000,5840000,16053000,6096000,6069000,6042000,6042000,6146000,6205000,6402000,6149000,6178000,5880000,6232000,6804000,6098000,6333000,6246000,6479000,6459000,6560000,6905000,7034000,7020000,7069000,5796000,5924000,6275000,6011000,6041000,6000000,5920000,6149000,6071000,6068000,6110000,5779000,6070000,6392000,6248000,6574000,5888000,6034000,6212000,
rare_rewrite_bool-double-not-elim: 651000,263000,113000,311000,108000,240000,637000,247000,646000,242000,111000,246000,252000,278000,117000,254000,648000,244000,653000,242000,107000,254000,466000,

