1; Draft.Scratch_smt_check_7_13786; 2026-04-10 13:44:26.056;
bind: 242000,272000,245000,256000,443000,461000,432000,421000,
cong: 132000,72000,180000,129000,72000,100000,147000,121000,219000,115000,308000,226000,160000,134000,245000,201000,363000,195000,103000,
refl: 29000,29000,190000,43000,34000,168000,
symm: 77000,105000,
trans: 211000,223000,222000,201000,209000,281000,164000,184000,166000,172000,489000,393000,459000,378000,363000,410000,330000,331000,302000,297000,269000,149000,
or_pos: 325000,
implies: 320000,
parsing: 11267000,
aci_simp: 1116000,1017000,1009000,998000,2019000,2019000,2138000,1866000,1708000,
evaluate: 265000,
subproof: 2689000,
equiv_pos2: 36000,310000,58000,309000,482000,
reordering: 345000,
resolution: 203000,263000,205000,321000,483000,621000,746000,472000,414000,326000,
contraction: 622000,
forall_inst: 1398000,
implies_neg1: 508000,
implies_neg2: 481000,
__local_input: 102000,
miniscope_split: 348000,656000,
__normalized_input: 1102000,990000,970000,1148000,784000,
rare_rewrite_eq-refl: 136000,
rare_rewrite_eq-symm: 106000,211000,
rare_rewrite_bool-eq-false: 6363000,10970000,
rare_rewrite_bool-impl-elim: 21829000,11288000,
rare_rewrite_bool-and-de-morgan: 5777000,6168000,11310000,11479000,

