1; Draft.Scratch_smt_check_7_24285; 2026-04-10 13:48:35.474;
bind: 175000,568000,201000,548000,346000,214000,341000,216000,237000,213000,214000,219000,226000,439000,192000,431000,330000,220000,458000,204000,424000,324000,217000,395000,443000,190000,424000,325000,208000,448000,195000,422000,330000,220000,392000,288000,308000,246000,347000,381000,275000,393000,362000,283000,280000,367000,274000,202000,213000,218000,207000,248000,209000,222000,208000,485000,634000,604000,644000,1017000,652000,580000,677000,704000,704000,659000,574000,632000,572000,
cong: 207000,259000,274000,113000,107000,60000,59000,74000,247000,267000,193000,142000,138000,119000,182000,132000,142000,120000,215000,190000,352000,181000,78000,107000,81000,109000,75000,83000,107000,77000,105000,74000,96000,70000,82000,116000,135000,74000,103000,54000,64000,74000,219000,255000,269000,104000,99000,58000,57000,56000,257000,270000,191000,142000,135000,127000,259000,273000,112000,105000,59000,59000,57000,243000,261000,192000,143000,137000,122000,576000,352000,298000,226000,203000,102000,79000,78000,60000,57000,486000,257000,268000,107000,104000,58000,58000,73000,253000,267000,188000,141000,134000,119000,260000,273000,113000,99000,54000,53000,52000,241000,261000,185000,143000,135000,132000,1171000,362000,300000,217000,202000,99000,82000,77000,59000,58000,466000,548000,262000,118000,140000,69000,178000,66000,172000,70000,172000,119000,149000,75000,55000,57000,172000,164000,73000,57000,58000,167000,238000,155000,71000,99000,94000,77000,112000,99000,59000,105000,94000,70000,114000,108000,52000,163000,85000,67000,67000,53000,64000,64000,53000,70000,18338000,94000,210000,284000,203000,247000,158000,190000,316000,210000,254000,192000,246000,166000,217000,279000,457000,219000,677000,217000,204000,362000,3996000,240000,208000,194000,267000,201000,268000,168000,234000,197000,209000,250000,443000,185000,195000,100000,156000,163000,
ite1: 122000,
refl: 124000,29000,116000,41000,115000,61000,90000,16000,21000,20000,21000,21000,16000,21000,15000,20000,15000,18000,25000,18000,24000,18000,31000,42000,114000,27000,112000,121000,29000,113000,31000,35000,29000,115000,29000,113000,122000,24000,112000,29000,34000,29000,43000,49000,28000,401000,34000,448000,33000,32000,53000,51000,57000,52000,41000,27000,34000,39000,21000,78000,40000,75000,38000,32000,19000,77000,41000,78000,46000,54000,45000,39000,44000,45000,47000,57000,44000,50000,39000,85000,44000,44000,54000,133000,41000,47000,48000,52000,43000,41000,55000,41000,48000,49000,45000,40000,42000,57000,113000,
symm: 239000,290000,275000,378000,177000,180000,78000,80000,90000,92000,182000,220000,242000,817000,248000,245000,181000,244000,
true: 68000,
trans: 503000,278000,290000,278000,250000,216000,183000,298000,250000,260000,209000,219000,190000,196000,196000,228000,153000,431000,273000,288000,245000,266000,218000,179000,430000,276000,290000,252000,269000,218000,186000,442000,276000,297000,247000,286000,214000,178000,427000,282000,285000,246000,249000,262000,179000,238000,254000,250000,258000,245000,205000,113000,278000,242000,264000,261000,224000,112000,314000,259000,304000,268000,296000,214000,225000,264000,218000,242000,286000,222000,244000,182000,182000,192000,190000,153000,182000,194000,183000,189000,152000,108000,275000,613000,599000,588000,560000,563000,447000,402000,560000,573000,572000,589000,373000,257000,
choice: 36000,45000,187000,
equiv1: 215000,178000,707000,656000,
equiv2: 203000,115000,99000,
or_neg: 214000,258000,205000,171000,187000,155000,233000,243000,338000,364000,231000,260000,194000,410000,443000,339000,416000,468000,350000,151000,161000,161000,
or_pos: 303000,374000,354000,484000,801000,
and_neg: 333000,1255000,
and_pos: 99000,93000,137000,152000,167000,127000,140000,141000,276000,305000,270000,294000,959000,1041000,924000,814000,976000,976000,878000,976000,937000,844000,932000,1277000,1014000,1004000,
implies: 185000,303000,209000,521000,400000,510000,252000,182000,177000,376000,277000,942000,655000,1057000,642000,
not_and: 166000,
not_not: 127000,
parsing: 107880000,
aci_simp: 1079000,1160000,1015000,1089000,1090000,1090000,1120000,1022000,1041000,1034000,1095000,1104000,1140000,1114000,
evaluate: 207000,203000,202000,
onepoint: 1159000,1499000,
qnt_join: 275000,313000,
subproof: 1127000,1247000,1159000,1499000,2088000,1490000,1662000,1148000,1116000,1197000,2162000,2048000,4123000,3835000,4316000,3982000,
and_intro: 136000,257000,1741000,
equiv_pos1: 231000,232000,
equiv_pos2: 195000,103000,435000,212000,197000,60000,133000,105000,189000,193000,367000,193000,55000,129000,143000,246000,175000,184000,336000,337000,793000,89000,609000,353000,333000,800000,87000,587000,495000,213000,157000,163000,284000,127000,128000,202000,53000,49000,27000,52000,208000,247000,374000,412000,787000,453000,374000,708000,340000,
reordering: 320000,396000,687000,148000,254000,256000,589000,314000,243000,190000,805000,585000,808000,589000,204000,385000,421000,400000,482000,579000,584000,678000,1270000,1484000,7380000,7704000,
resolution: 343000,175000,224000,385000,1235000,162000,227000,147000,175000,192000,194000,269000,311000,401000,351000,453000,264000,390000,332000,247000,175000,212000,210000,202000,264000,305000,391000,377000,404000,344000,354000,512000,1568000,703000,479000,418000,364000,1236000,202000,277000,277000,349000,339000,199000,278000,176000,266000,249000,250000,221000,311000,427000,284000,445000,383000,439000,650000,785000,722000,361000,422000,276000,550000,692000,470000,647000,725000,428000,291000,445000,367000,404000,655000,9273000,702000,366000,443000,260000,555000,706000,237000,282000,239000,341000,304000,342000,412000,504000,304000,307000,183000,181000,207000,276000,271000,335000,335000,215000,272000,195000,228000,363000,368000,190000,194000,226000,225000,531000,157000,160000,218000,209000,166000,327000,296000,593000,274000,523000,487000,417000,678000,293000,533000,456000,694000,2186000,1846000,1293000,6858000,604000,431000,468000,771000,1165000,734000,836000,1040000,943000,660000,792000,704000,1505000,1296000,7089000,574000,822000,851000,1437000,1018000,653000,861000,654000,463000,438000,705000,
sko_forall: 1139000,2479000,
contraction: 350000,242000,312000,298000,511000,514000,355000,318000,796000,726000,598000,862000,717000,358000,268000,272000,171000,222000,243000,269000,379000,400000,396000,431000,1216000,2174000,984000,1465000,2279000,1004000,
forall_inst: 715000,666000,804000,1110000,877000,845000,837000,1129000,1156000,999000,795000,827000,743000,2118000,2180000,2533000,2425000,2480000,2268000,
implies_neg1: 269000,449000,267000,684000,709000,534000,344000,230000,178000,291000,509000,421000,786000,786000,1667000,1566000,
implies_neg2: 235000,385000,303000,775000,570000,773000,338000,216000,145000,420000,344000,321000,1125000,798000,1187000,780000,
__local_input: 78000,96000,90000,145000,142000,123000,100000,87000,15000,22000,52000,24000,43000,34000,43000,63000,71000,90000,324000,330000,44000,53000,46000,52000,44000,71000,107000,82000,213000,49000,38000,62000,60000,150000,
qnt_rm_unused: 423000,1244000,471000,1895000,
connective_def: 392000,250000,389000,249000,395000,245000,394000,254000,413000,248000,
equiv_simplify: 298000,201000,176000,982000,1029000,
implies_simplify: 244000,
__normalized_input: 22551000,8006000,6179000,4348000,4012000,2753000,1797000,1067000,769000,545000,677000,624000,469000,464000,458000,555000,1388000,
rare_rewrite_ite-eq: 6687000,
rare_rewrite_eq-refl: 131000,108000,111000,391000,476000,
rare_rewrite_eq-symm: 119000,98000,89000,97000,94000,151000,188000,180000,180000,207000,151000,130000,113000,130000,122000,95000,111000,99000,101000,112000,92000,123000,429000,312000,386000,273000,824000,286000,302000,275000,274000,351000,
rare_rewrite_or-not-refl: 6774000,6887000,
rare_rewrite_bool-impl-elim: 16666000,6584000,6676000,6557000,6460000,6438000,
rare_rewrite_bool-and-de-morgan: 6257000,6322000,6635000,6507000,6539000,6489000,6294000,6533000,6740000,6522000,6598000,6493000,6723000,6532000,6302000,6487000,6686000,6531000,6371000,6512000,6842000,6611000,6344000,6467000,6301000,
rare_rewrite_bool-double-not-elim: 132000,145000,188000,291000,128000,333000,347000,105000,106000,220000,

