1; Draft.Scratch_smt_check_7_8336; 2026-04-10 13:43:17.991;
bind: 1027000,259000,
cong: 528000,208000,
refl: 291000,424000,
trans: 915000,850000,840000,224000,209000,
or_pos: 273000,268000,320000,938000,
parsing: 30950000,
aci_simp: 2770000,1764000,
equiv_pos2: 811000,163000,
reordering: 324000,319000,321000,1700000,
resolution: 519000,886000,669000,248000,368000,309000,309000,239000,305000,350000,
forall_inst: 2081000,1153000,1215000,1165000,
__normalized_input: 6711000,1291000,1004000,5082000,1025000,1771000,
rare_rewrite_bool-impl-elim: 12680000,11062000,
rare_rewrite_bool-and-de-morgan: 11346000,11479000,

