1; Draft.Scratch_smt_check_7_15050; 2026-04-10 13:49:44.805;
cong: 372000,141000,72000,26000,66000,27000,21000,26000,188000,79000,41000,52000,25000,73000,51000,71000,26000,31000,25000,28000,29000,192000,74000,51000,62000,
refl: 126000,134000,25000,27000,21000,26000,33000,30000,22000,23000,28000,30000,23000,20000,
symm: 173000,
false: 14000,
trans: 168000,391000,104000,100000,130000,252000,130000,140000,101000,126000,
equiv1: 131000,106000,168000,175000,109000,119000,
equiv2: 286000,97000,99000,234000,
and_pos: 184000,
implies: 331000,
not_not: 201000,128000,
parsing: 7852000,
evaluate: 241000,271000,
not_symm: 126000,
subproof: 1369000,
equiv_pos1: 118000,
equiv_pos2: 226000,232000,448000,52000,38000,112000,35000,
reordering: 247000,482000,
resolution: 140000,180000,223000,261000,258000,289000,448000,578000,493000,298000,323000,212000,161000,252000,292000,196000,179000,173000,228000,212000,247000,218000,241000,194000,212000,298000,
contraction: 512000,
forall_inst: 981000,
implies_neg1: 431000,
implies_neg2: 486000,
__local_input: 96000,
equiv_simplify: 304000,173000,189000,248000,250000,196000,216000,335000,
__normalized_input: 1562000,663000,462000,446000,794000,
rare_rewrite_eq-refl: 148000,139000,100000,118000,
rare_rewrite_eq-symm: 353000,179000,
rare_rewrite_bool-eq-false: 6332000,
rare_rewrite_bool-not-eq-elim2: 6803000,
rare_rewrite_bool-double-not-elim: 142000,

