1; Draft.Scratch_smt_check_7_26152; 2026-04-10 13:49:50.008;
bind: 791000,759000,731000,1159000,1144000,1170000,1544000,1377000,1208000,1307000,1137000,946000,1069000,1055000,863000,973000,960000,1583000,1409000,1294000,2326000,1192000,969000,1146000,1101000,889000,1075000,1022000,806000,1557000,1407000,1281000,1304000,1197000,952000,1109000,1091000,886000,1063000,1006000,1597000,1418000,1260000,1293000,1194000,972000,1068000,1039000,907000,981000,952000,811000,1577000,1431000,1254000,1321000,1188000,973000,1115000,1110000,893000,1067000,1004000,1580000,1436000,1252000,1306000,1183000,968000,1062000,1103000,1857000,1662000,964000,848000,1385000,1405000,1272000,2259000,2150000,1233000,
cong: 408000,108000,887000,894000,548000,116000,61000,123000,606000,788000,144000,486000,426000,396000,356000,310000,281000,580000,725000,104000,80000,95000,329000,297000,263000,243000,223000,456000,441000,1289000,994000,645000,628000,1150000,813000,783000,757000,747000,1157000,829000,69000,125000,660000,75000,113000,694000,145000,1446000,409000,366000,323000,285000,231000,253000,229000,190000,383000,840000,103000,81000,93000,274000,246000,219000,194000,151000,152000,136000,501000,478000,1381000,1063000,679000,653000,1227000,847000,874000,790000,774000,1240000,1181000,78000,143000,715000,73000,107000,786000,144000,1067000,436000,428000,358000,327000,259000,234000,211000,209000,431000,1001000,109000,84000,98000,295000,264000,249000,205000,166000,159000,149000,491000,471000,1565000,1228000,845000,442000,408000,130000,1160000,571000,434000,97000,77000,74000,60000,62000,67000,69000,205000,81000,46000,33000,205000,84000,120000,209000,96000,60000,78000,68000,117000,1348000,1015000,670000,648000,1259000,851000,813000,791000,788000,1222000,906000,71000,127000,724000,74000,108000,779000,144000,1060000,441000,403000,357000,322000,256000,235000,220000,192000,425000,985000,102000,80000,94000,288000,258000,468000,215000,165000,147000,142000,495000,473000,1378000,1082000,699000,700000,1670000,857000,821000,811000,783000,1234000,836000,73000,131000,679000,77000,113000,708000,154000,945000,410000,380000,341000,301000,250000,232000,213000,199000,396000,889000,113000,88000,107000,284000,256000,232000,205000,164000,156000,145000,492000,466000,1574000,1271000,848000,452000,410000,129000,1186000,595000,446000,98000,74000,74000,63000,63000,64000,31000,102000,44000,47000,31000,206000,84000,104000,212000,98000,55000,76000,65000,115000,420000,588000,267000,266000,883000,446000,1353000,1026000,673000,650000,1221000,845000,818000,795000,772000,1273000,895000,68000,128000,723000,72000,107000,787000,141000,1074000,478000,413000,381000,324000,254000,240000,213000,198000,427000,972000,100000,78000,91000,304000,260000,280000,223000,161000,155000,147000,1144000,745000,1379000,1088000,719000,691000,1250000,860000,819000,798000,777000,1237000,844000,76000,139000,665000,76000,119000,1189000,234000,1483000,752000,648000,591000,538000,428000,426000,367000,341000,412000,889000,124000,96000,100000,286000,265000,243000,204000,164000,169000,160000,499000,539000,1667000,1296000,867000,442000,415000,136000,1220000,581000,452000,71000,66000,35000,99000,48000,47000,32000,200000,83000,111000,215000,97000,60000,88000,77000,119000,826000,187000,197000,146000,154000,114000,1461000,1513000,918000,185000,104000,197000,1044000,1354000,214000,934000,433000,393000,365000,299000,282000,608000,745000,106000,84000,99000,336000,293000,271000,247000,215000,482000,213000,69000,85000,28000,
refl: 271000,54000,59000,1342000,25000,90000,39000,55000,54000,21000,91000,36000,53000,48000,307000,418000,66000,88000,55000,65000,59000,39000,39000,63000,2787000,51000,41000,53000,45000,25000,22000,55000,49000,2205000,31000,41000,37000,28000,34000,129000,50000,36000,37000,29000,27000,315000,453000,77000,93000,55000,66000,58000,38000,36000,61000,2536000,51000,42000,53000,48000,26000,24000,57000,46000,1965000,32000,41000,34000,30000,31000,63000,52000,36000,30000,24000,28000,51000,62000,58000,59000,296000,42000,43000,40000,53000,32000,27000,27000,27000,26000,26000,27000,25000,20000,84000,306000,445000,68000,95000,53000,64000,58000,38000,36000,60000,2536000,55000,46000,71000,45000,23000,22000,60000,44000,1969000,31000,42000,35000,28000,37000,62000,49000,35000,29000,22000,25000,323000,447000,69000,97000,60000,70000,62000,44000,41000,67000,2420000,58000,46000,70000,48000,28000,24000,62000,48000,1850000,32000,44000,37000,30000,33000,69000,55000,37000,31000,24000,31000,53000,65000,59000,59000,293000,71000,44000,38000,30000,35000,24000,25000,28000,31000,26000,28000,25000,22000,46000,60000,249000,317000,452000,67000,94000,56000,65000,59000,36000,36000,59000,2494000,51000,43000,52000,46000,24000,23000,57000,46000,1948000,30000,42000,32000,27000,30000,63000,50000,35000,28000,23000,24000,326000,439000,70000,112000,60000,66000,61000,43000,43000,68000,2418000,57000,43000,55000,47000,26000,24000,66000,46000,3048000,60000,77000,65000,47000,50000,118000,62000,43000,35000,27000,29000,52000,61000,58000,63000,300000,34000,34000,24000,24000,26000,31000,23000,25000,22000,20000,48000,77000,80000,66000,497000,111000,115000,2304000,35000,180000,73000,103000,93000,24000,90000,42000,53000,50000,57000,28000,
symm: 127000,672000,723000,896000,811000,901000,928000,848000,914000,175000,885000,837000,907000,920000,823000,917000,190000,886000,823000,915000,896000,1550000,1652000,197000,211000,1234000,1377000,115000,
trans: 1076000,1068000,1028000,1073000,1072000,679000,643000,156000,702000,667000,719000,656000,1061000,973000,956000,989000,204000,935000,980000,838000,759000,704000,607000,530000,908000,892000,793000,756000,655000,598000,1372000,1493000,1149000,1182000,1176000,1182000,1527000,1504000,1493000,1458000,1351000,1328000,1337000,1040000,990000,1014000,1081000,1376000,1214000,1212000,1199000,165000,1095000,1111000,1209000,938000,163000,974000,927000,1019000,868000,790000,206000,1381000,1460000,752000,679000,608000,538000,447000,429000,405000,369000,755000,735000,771000,673000,599000,524000,439000,413000,392000,1156000,1118000,1380000,1547000,1208000,1246000,1221000,1165000,1554000,1589000,1526000,1482000,1398000,1351000,1370000,1019000,1011000,1039000,1117000,1075000,1240000,1199000,2232000,164000,1121000,1135000,1206000,999000,174000,989000,969000,1028000,880000,820000,204000,794000,809000,839000,726000,644000,575000,488000,504000,419000,376000,777000,775000,772000,701000,661000,556000,455000,484000,398000,1148000,1090000,168000,176000,153000,392000,555000,268000,134000,113000,210000,206000,1526000,1534000,1193000,1216000,1241000,1151000,1510000,1539000,1538000,1486000,1406000,1364000,1349000,1017000,1027000,1068000,1137000,1069000,1256000,1210000,1234000,157000,1124000,1141000,1214000,967000,163000,982000,951000,989000,873000,814000,233000,790000,808000,794000,710000,640000,577000,472000,468000,413000,373000,785000,761000,757000,687000,613000,540000,456000,433000,397000,1142000,1091000,1387000,1572000,1202000,1219000,1219000,1173000,1528000,1573000,1523000,1467000,1401000,1349000,1371000,1016000,1014000,1049000,1136000,1080000,1252000,1217000,1265000,177000,1131000,1150000,1119000,1003000,180000,1000000,965000,929000,866000,819000,208000,790000,816000,787000,718000,666000,590000,480000,454000,424000,384000,770000,788000,766000,698000,624000,554000,464000,450000,416000,2314000,1105000,171000,174000,162000,205000,295000,140000,143000,114000,204000,212000,1361000,1531000,1185000,1225000,1204000,1155000,1620000,1547000,1531000,1458000,1389000,1487000,1368000,1868000,1898000,1916000,2047000,1961000,1251000,1207000,1236000,164000,1107000,1127000,1197000,975000,163000,992000,957000,995000,878000,814000,201000,791000,814000,793000,724000,652000,571000,478000,453000,457000,381000,773000,773000,749000,684000,619000,646000,452000,448000,400000,1191000,1998000,1420000,1531000,1227000,1245000,1254000,1168000,1523000,1546000,1534000,1474000,1387000,1351000,1373000,1017000,1016000,1042000,1113000,1078000,1246000,1209000,1262000,172000,1121000,1145000,1107000,998000,175000,988000,1176000,940000,1694000,1475000,395000,1484000,1474000,1444000,1323000,1177000,1051000,878000,847000,756000,685000,796000,842000,793000,717000,646000,627000,486000,491000,431000,1225000,1179000,218000,300000,147000,144000,112000,218000,220000,2022000,343000,336000,310000,2000000,1992000,1962000,2014000,1237000,1257000,273000,1352000,1283000,1390000,1286000,2226000,1825000,1837000,1814000,364000,1768000,1940000,956000,769000,712000,601000,528000,998000,936000,802000,734000,725000,601000,
choice: 62000,104000,
equiv1: 240000,245000,222000,161000,169000,140000,236000,231000,251000,210000,165000,169000,130000,216000,172000,190000,141000,219000,482000,492000,416000,
equiv2: 299000,132000,302000,122000,307000,140000,
or_neg: 406000,559000,381000,401000,550000,376000,400000,732000,764000,401000,542000,368000,
or_pos: 1000000,1066000,549000,1920000,
and_pos: 774000,642000,647000,946000,915000,716000,647000,1234000,
implies: 1493000,926000,1503000,779000,1488000,
parsing: 811801000,
aci_simp: 2075000,1528000,2675000,2519000,2413000,1952000,1776000,1693000,1648000,1513000,1408000,1454000,2212000,2531000,2509000,2104000,2369000,1833000,2507000,2018000,1642000,1530000,1474000,1464000,1213000,1223000,1199000,1211000,2173000,2128000,2056000,2233000,2622000,12660000,4095000,2502000,1865000,2553000,1754000,1611000,1516000,1462000,1361000,1225000,1186000,1161000,1154000,2111000,2022000,2018000,2183000,2553000,2488000,2091000,2423000,1777000,2582000,1727000,1608000,1505000,1444000,1340000,1207000,1196000,1177000,1140000,2086000,2071000,1987000,2217000,2561000,2575000,2194000,2308000,1884000,2425000,1786000,1665000,1586000,1511000,1420000,1296000,1269000,1228000,1229000,4011000,2023000,2006000,2198000,2585000,2509000,2076000,2461000,1810000,2561000,1778000,1597000,1508000,1436000,1370000,1208000,1189000,1199000,1213000,24382000,4073000,1999000,2211000,2556000,2581000,2181000,2293000,1908000,4753000,3309000,1748000,1618000,1548000,1471000,1336000,1314000,1303000,1292000,2227000,2166000,2128000,4040000,2976000,3627000,4929000,4654000,3664000,1864000,1684000,1650000,1560000,1410000,1419000,
evaluate: 256000,270000,256000,269000,249000,239000,236000,240000,252000,228000,233000,245000,259000,377000,
onepoint: 3289000,5052000,6912000,5165000,7039000,5059000,6916000,5100000,6968000,5053000,6917000,5133000,7364000,6164000,
qnt_join: 666000,887000,861000,931000,874000,932000,849000,948000,854000,908000,872000,936000,1708000,1312000,
subproof: 4906000,1924000,4885000,3376000,4815000,
equiv_pos2: 40000,741000,558000,528000,1045000,1078000,2031000,15352000,76000,119000,80000,1040000,1049000,2101000,2152000,80000,119000,79000,488000,978000,979000,536000,1042000,1089000,2166000,2169000,79000,126000,77000,62000,781000,857000,
reordering: 959000,850000,829000,861000,693000,684000,1937000,1199000,1960000,1195000,682000,831000,916000,894000,8238000,1652000,1671000,
resolution: 395000,425000,308000,261000,276000,847000,269000,479000,299000,636000,1733000,296000,619000,1706000,289000,267000,445000,453000,735000,850000,867000,1539000,1408000,1896000,1764000,872000,877000,232000,238000,252000,392000,651000,517000,358000,197000,195000,262000,249000,221000,889000,2278000,767000,1232000,890000,550000,443000,732000,860000,852000,1434000,1414000,1901000,1788000,862000,860000,222000,227000,219000,204000,230000,271000,199000,207000,186000,254000,266000,239000,605000,1689000,648000,861000,899000,500000,422000,286000,246000,238000,732000,867000,845000,1385000,1396000,1923000,1797000,873000,864000,212000,239000,277000,223000,226000,214000,286000,269000,248000,1410000,435000,434000,430000,431000,
sko_forall: 6132000,
contraction: 770000,759000,2110000,1302000,1279000,2096000,757000,1054000,2116000,
forall_inst: 2246000,2252000,2346000,1329000,
implies_neg1: 2129000,2149000,1133000,2283000,985000,
implies_neg2: 2128000,1081000,2160000,891000,2154000,
__local_input: 380000,373000,191000,397000,225000,
qnt_rm_unused: 1111000,5814000,1053000,10328000,1094000,10057000,1067000,10219000,1056000,10222000,1064000,10290000,1990000,15876000,1728000,9878000,
equiv_simplify: 316000,315000,343000,246000,267000,212000,392000,296000,313000,321000,296000,238000,252000,206000,398000,299000,246000,249000,209000,448000,299000,625000,642000,572000,
miniscope_split: 2044000,1662000,1735000,1693000,1706000,1667000,1691000,4314000,
__normalized_input: 5954000,1949000,1274000,1141000,1144000,1116000,1109000,1093000,1036000,958000,983000,1783000,844000,
rare_rewrite_eq-refl: 141000,154000,153000,161000,150000,168000,171000,154000,268000,134000,115000,146000,164000,158000,164000,172000,172000,156000,124000,137000,117000,144000,151000,152000,169000,138000,148000,119000,341000,332000,328000,259000,
rare_rewrite_eq-symm: 224000,237000,110000,127000,111000,120000,244000,216000,161000,107000,107000,108000,122000,267000,209000,161000,109000,115000,170000,161000,279000,202000,165000,248000,213000,155000,101000,109000,103000,119000,257000,229000,167000,101000,110000,108000,120000,253000,204000,165000,272000,217000,157000,102000,112000,103000,122000,258000,233000,179000,133000,113000,110000,135000,305000,214000,190000,443000,445000,110000,112000,109000,129000,
rare_rewrite_or-not-refl: 8973000,8816000,8120000,8926000,8258000,8813000,8143000,8471000,7934000,8856000,8191000,8525000,17901000,14947000,
rare_rewrite_bool-eq-false: 6006000,11783000,
rare_rewrite_bool-impl-elim: 17955000,8389000,
rare_rewrite_bool-impl-false1: 7967000,9301000,7464000,9012000,7369000,8905000,21907000,8864000,12119000,8937000,8395000,9851000,
rare_rewrite_bool-or-de-morgan: 6354000,7794000,8011000,8482000,22234000,8047000,7924000,8402000,6115000,7886000,8017000,8309000,5982000,7702000,7914000,8283000,6109000,7737000,7880000,8329000,6059000,7904000,8042000,8326000,11685000,11607000,
rare_rewrite_bool-and-de-morgan: 5939000,6108000,6906000,7165000,7167000,7600000,7589000,7704000,19785000,8374000,12860000,10529000,9182000,5888000,5932000,6163000,6117000,6231000,6399000,6686000,7165000,6855000,6937000,7481000,8544000,8595000,9044000,9681000,5664000,5817000,6013000,6203000,6474000,6858000,6542000,6935000,7035000,7169000,7561000,8410000,8430000,8602000,9060000,18861000,10487000,5808000,5997000,6177000,6223000,6315000,6550000,6691000,6885000,7309000,8293000,8429000,18404000,13657000,5728000,5771000,6036000,6343000,6343000,6397000,6472000,6713000,6891000,7504000,7495000,8398000,8426000,8695000,9087000,5562000,5687000,5986000,6357000,6283000,6359000,6405000,6706000,6819000,6951000,7410000,8391000,8480000,8719000,9080000,11370000,11275000,12033000,12269000,29905000,16872000,13688000,13323000,13920000,14111000,9135000,11067000,11177000,6755000,7096000,7500000,7564000,7749000,8081000,8159000,
rare_rewrite_bool-double-not-elim: 252000,250000,303000,161000,171000,142000,304000,299000,170000,175000,146000,174000,304000,168000,173000,139000,167000,318000,161000,175000,135000,180000,734000,239000,297000,158000,171000,134000,167000,316000,162000,175000,137000,323000,

