1; Draft.Scratch_smt_check_7_8961; 2026-04-10 13:46:54.002;
cong: 135000,120000,56000,112000,229000,125000,200000,129000,
symm: 156000,151000,137000,
false: 19000,
trans: 192000,150000,162000,149000,216000,178000,151000,178000,172000,179000,155000,
equiv1: 145000,
implies: 188000,
parsing: 1557000,
evaluate: 440000,234000,398000,416000,580000,
and_intro: 140000,
poly_simp: 4009000,3070000,5302000,
equiv_pos2: 102000,100000,99000,102000,140000,
la_generic: 9808000,
resolution: 283000,240000,323000,269000,273000,376000,234000,262000,400000,
la_mult_neg: 376000,
poly_simp_rel: 1752000,1890000,
equiv_simplify: 315000,
__normalized_input: 813000,1028000,
rare_rewrite_arith-elim-gt: 12634000,
rare_rewrite_arith-elim-lt: 11139000,11148000,24634000,
rare_rewrite_arith-elim-leq: 11970000,11194000,
rare_rewrite_bool-double-not-elim: 174000,

