1; Draft.Scratch_smt_check_7_12247; 2026-04-10 13:43:17.877;
bind: 386000,379000,333000,432000,439000,262000,276000,214000,259000,245000,216000,195000,206000,
cong: 421000,506000,339000,226000,221000,104000,209000,357000,167000,186000,93000,470000,202000,177000,172000,159000,183000,176000,620000,337000,232000,212000,584000,110000,208000,180000,181000,244000,165000,119000,99000,67000,111000,161000,76000,114000,55000,199000,109000,201000,300000,82000,59000,252000,121000,87000,415000,208000,144000,121000,435000,197000,127000,313000,
refl: 72000,71000,67000,126000,89000,44000,152000,120000,55000,33000,33000,27000,30000,24000,48000,
symm: 187000,62000,54000,114000,
trans: 340000,343000,170000,234000,223000,109000,90000,237000,133000,95000,432000,219000,389000,231000,
choice: 35000,34000,38000,40000,70000,
equiv1: 791000,122000,79000,231000,
equiv2: 315000,262000,118000,65000,263000,132000,
or_neg: 207000,423000,321000,397000,355000,395000,233000,281000,210000,441000,410000,431000,312000,401000,194000,248000,124000,134000,105000,113000,172000,166000,209000,173000,165000,176000,
or_pos: 442000,409000,228000,
and_neg: 150000,132000,
and_pos: 507000,611000,559000,568000,551000,517000,99000,119000,101000,124000,74000,80000,82000,88000,140000,162000,177000,347000,376000,329000,
implies: 452000,362000,475000,796000,265000,204000,150000,242000,120000,118000,90000,84000,170000,176000,476000,320000,
not_and: 396000,183000,
not_not: 210000,205000,
parsing: 82822000,
aci_simp: 1877000,
evaluate: 258000,192000,252000,287000,290000,
subproof: 2915000,2108000,2508000,2280000,2577000,2928000,1524000,1078000,1143000,1050000,1138000,995000,1079000,1197000,1099000,1136000,2198000,2143000,
and_intro: 487000,92000,70000,297000,
equiv_neg1: 51000,
equiv_neg2: 48000,
equiv_pos1: 125000,200000,53000,69000,64000,47000,
equiv_pos2: 559000,782000,256000,443000,453000,232000,289000,340000,368000,807000,48000,605000,93000,181000,199000,194000,318000,95000,176000,202000,178000,178000,386000,149000,286000,522000,46000,566000,335000,
reordering: 523000,750000,340000,1624000,2047000,803000,709000,305000,161000,257000,305000,270000,278000,281000,211000,193000,202000,200000,513000,1158000,
resolution: 271000,292000,303000,268000,715000,815000,254000,277000,242000,262000,304000,413000,412000,570000,730000,716000,441000,591000,632000,474000,688000,544000,496000,385000,474000,325000,2405000,303000,373000,442000,415000,343000,344000,390000,651000,851000,812000,415000,577000,368000,293000,773000,982000,437000,453000,734000,518000,1312000,231000,304000,294000,250000,370000,1046000,905000,1520000,376000,539000,538000,483000,520000,248000,229000,290000,311000,378000,407000,234000,284000,296000,332000,263000,438000,305000,326000,215000,253000,176000,357000,451000,179000,400000,417000,374000,228000,199000,249000,273000,233000,221000,348000,138000,231000,234000,356000,139000,175000,265000,193000,205000,310000,127000,246000,195000,321000,133000,135000,167000,277000,412000,376000,253000,358000,431000,247000,205000,248000,228000,568000,141000,145000,180000,325000,389000,366000,256000,410000,234000,758000,596000,1136000,277000,463000,670000,656000,378000,
sko_forall: 3433000,1095000,1692000,
contraction: 706000,862000,623000,632000,387000,955000,887000,679000,785000,1163000,1197000,493000,452000,388000,271000,258000,186000,330000,434000,211000,194000,176000,200000,133000,144000,137000,151000,360000,310000,223000,259000,352000,652000,702000,681000,
forall_inst: 1482000,1243000,1505000,1441000,1776000,1430000,1495000,1390000,786000,787000,891000,760000,892000,863000,1481000,
implies_neg1: 592000,478000,735000,839000,1156000,212000,282000,196000,356000,170000,183000,110000,118000,320000,17486000,450000,579000,624000,
implies_neg2: 610000,486000,865000,496000,1246000,386000,274000,314000,318000,164000,172000,118000,118000,365000,168000,347000,637000,624000,
__local_input: 105000,81000,100000,44000,67000,59000,67000,54000,49000,35000,59000,40000,77000,13000,18000,13000,26000,13000,13000,13000,18000,46000,50000,21000,35000,48000,91000,42000,23000,43000,
equiv_simplify: 475000,400000,220000,192000,131000,152000,383000,279000,
implies_simplify: 970000,314000,
__normalized_input: 2771000,2510000,1860000,1751000,1530000,1273000,1441000,1224000,
rare_rewrite_eq-refl: 176000,124000,214000,241000,
rare_rewrite_eq-symm: 141000,130000,130000,158000,94000,166000,108000,112000,194000,90000,77000,199000,129000,
rare_rewrite_bool-eq-false: 6427000,11901000,11960000,
rare_rewrite_bool-impl-elim: 12095000,5957000,5891000,6073000,6127000,
rare_rewrite_bool-double-not-elim: 241000,348000,154000,277000,170000,163000,90000,135000,271000,

