1; Draft.Scratch_smt_check_7_21398; 2026-04-10 13:45:02.561;
bind: 210000,207000,206000,179000,188000,178000,209000,251000,259000,255000,258000,236000,220000,216000,
cong: 123000,127000,106000,140000,92000,77000,127000,90000,78000,121000,187000,104000,112000,152000,84000,82000,288000,136000,139000,111000,177000,114000,134000,117000,178000,171000,77000,109000,108000,71000,138000,135000,108000,144000,201000,131000,
ite1: 161000,
ite2: 184000,
refl: 33000,36000,33000,33000,36000,29000,42000,35000,29000,61000,39000,28000,64000,30000,39000,33000,
symm: 160000,144000,113000,94000,100000,
true: 66000,
trans: 210000,207000,176000,146000,211000,187000,180000,167000,245000,322000,182000,162000,102000,228000,206000,174000,
equiv1: 213000,281000,
equiv2: 146000,261000,
implies: 193000,237000,204000,
not_not: 166000,
parsing: 19839000,
not_symm: 99000,
subproof: 2107000,2046000,1972000,
equiv_pos1: 73000,
equiv_pos2: 213000,126000,137000,230000,273000,315000,184000,191000,330000,58000,73000,83000,149000,260000,
reordering: 431000,348000,
resolution: 270000,347000,330000,260000,295000,257000,231000,256000,226000,239000,318000,354000,365000,389000,238000,320000,304000,496000,342000,374000,252000,426000,346000,444000,428000,262000,369000,317000,315000,276000,383000,416000,409000,233000,383000,
contraction: 352000,375000,323000,
forall_inst: 1328000,1284000,1187000,1151000,
implies_neg1: 212000,333000,287000,
implies_neg2: 208000,336000,256000,
__local_input: 72000,132000,61000,
equiv_simplify: 270000,388000,425000,
__normalized_input: 1929000,1976000,2002000,1425000,2827000,1030000,816000,926000,
rare_rewrite_ite-eq: 11374000,
rare_rewrite_eq-refl: 253000,
rare_rewrite_eq-symm: 115000,165000,102000,151000,151000,133000,149000,217000,209000,118000,110000,132000,121000,162000,103000,123000,169000,
rare_rewrite_bool-double-not-elim: 130000,

