1; Draft.Scratch_smt_check_7_8634; 2026-04-10 13:51:05.654;
bind: 309000,286000,6836000,275000,256000,267000,275000,256000,221000,228000,208000,308000,289000,
cong: 351000,118000,69000,73000,85000,146000,80000,93000,119000,92000,99000,87000,118000,253000,77000,60000,92000,54000,68000,84000,71000,57000,98000,116000,50000,364000,149000,89000,111000,132000,69000,88000,88000,67000,67000,66000,84000,92000,100000,59000,84000,299000,96000,112000,71000,48000,50000,49000,46000,79000,108000,83000,67000,63000,75000,64000,40000,46000,59000,59000,
refl: 31000,25000,30000,34000,30000,35000,21000,45000,33000,19000,26000,28000,20000,37000,44000,20000,
symm: 157000,200000,177000,246000,147000,181000,124000,138000,
false: 14000,
trans: 245000,277000,239000,282000,201000,250000,245000,196000,199000,209000,173000,132000,287000,214000,177000,228000,188000,194000,235000,189000,147000,265000,136000,
equiv2: 313000,238000,
or_neg: 315000,320000,367000,
or_pos: 299000,303000,
implies: 349000,301000,306000,
not_not: 246000,
parsing: 9604000,
evaluate: 335000,
subproof: 1306000,1320000,1293000,
equiv_pos1: 101000,122000,
equiv_pos2: 403000,152000,134000,146000,299000,111000,111000,361000,89000,88000,65000,344000,41000,50000,161000,36000,87000,49000,
reordering: 465000,434000,417000,576000,382000,
resolution: 158000,203000,255000,289000,289000,437000,524000,502000,310000,330000,322000,330000,259000,261000,333000,382000,465000,426000,338000,331000,256000,264000,306000,302000,546000,730000,346000,265000,265000,276000,325000,269000,406000,468000,445000,285000,246000,231000,263000,300000,337000,232000,288000,284000,
contraction: 531000,430000,595000,447000,
forall_inst: 1041000,961000,1176000,1000000,864000,1133000,948000,984000,
implies_neg1: 450000,366000,402000,
implies_neg2: 524000,404000,431000,
__local_input: 95000,219000,100000,
equiv_simplify: 430000,334000,
__normalized_input: 40558000,46672000,41558000,69968000,50496000,50778000,41964000,26640000,6439000,3970000,3255000,1767000,891000,722000,610000,571000,791000,
rare_rewrite_eq-symm: 427000,165000,205000,174000,176000,190000,167000,327000,147000,128000,182000,216000,165000,323000,152000,205000,
rare_rewrite_bool-impl-elim: 6627000,7031000,
rare_rewrite_bool-double-not-elim: 239000,

