1; Draft.Scratch_smt_check_7_5240; 2026-04-10 13:50:35.485;
bind: 222000,230000,245000,227000,249000,327000,336000,198000,217000,240000,1325000,1401000,858000,893000,596000,961000,977000,636000,1009000,999000,2600000,1379000,858000,894000,616000,962000,1010000,632000,1018000,967000,
cong: 275000,140000,109000,51000,56000,52000,100000,49000,61000,58000,62000,248000,78000,78000,57000,51000,81000,87000,83000,89000,233000,105000,108000,238000,70000,34000,34000,59000,481000,486000,565000,412000,86000,426000,67000,258000,240000,217000,186000,190000,181000,186000,159000,147000,135000,482000,479000,573000,416000,82000,451000,85000,396000,232000,215000,189000,209000,177000,177000,157000,140000,148000,322000,406000,141000,138000,54000,57000,26000,25000,34000,27000,24000,26000,604000,235000,88000,88000,38000,48000,36000,
refl: 26000,28000,30000,21000,38000,67000,817000,38000,56000,41000,861000,42000,67000,819000,40000,58000,47000,868000,33000,33000,16000,34000,33000,20000,20000,132000,56000,23000,27000,
symm: 160000,144000,164000,162000,150000,155000,147000,653000,779000,700000,894000,648000,808000,702000,872000,275000,
false: 15000,
trans: 456000,406000,400000,412000,406000,387000,399000,446000,1065000,814000,811000,825000,815000,694000,650000,669000,667000,652000,542000,189000,860000,603000,630000,686000,546000,169000,740000,633000,611000,742000,545000,553000,502000,452000,408000,389000,538000,510000,484000,433000,394000,1067000,827000,839000,820000,827000,658000,655000,671000,662000,655000,558000,181000,712000,592000,630000,683000,595000,186000,764000,636000,672000,783000,549000,555000,521000,457000,403000,411000,512000,500000,470000,454000,382000,138000,147000,
choice: 53000,56000,59000,77000,59000,66000,107000,
equiv1: 140000,161000,
equiv2: 283000,344000,
or_neg: 343000,399000,316000,323000,394000,314000,314000,387000,293000,571000,645000,299000,379000,301000,
or_pos: 630000,660000,
and_pos: 170000,
implies: 268000,189000,790000,
not_not: 263000,
parsing: 119942000,
aci_simp: 1787000,1404000,1588000,1422000,1694000,1452000,1393000,1478000,1259000,1306000,1233000,1998000,1794000,1411000,1667000,7809000,1687000,1531000,1331000,1261000,1209000,1196000,1168000,1903000,
evaluate: 295000,334000,299000,315000,285000,
onepoint: 3759000,4397000,3617000,4643000,
qnt_join: 683000,755000,675000,773000,
subproof: 1277000,1147000,1856000,
equiv_pos2: 313000,108000,107000,111000,109000,281000,105000,192000,197000,303000,266000,86000,87000,129000,65000,105000,992000,988000,358000,695000,704000,264000,154000,40000,
reordering: 542000,537000,491000,331000,249000,1183000,1143000,503000,
resolution: 176000,224000,244000,346000,547000,1636000,245000,301000,221000,293000,225000,301000,230000,286000,312000,539000,1672000,217000,275000,206000,244000,247000,313000,405000,442000,412000,248000,360000,273000,489000,1607000,222000,264000,264000,312000,352000,226000,302000,220000,292000,271000,405000,504000,592000,700000,790000,2181000,608000,1113000,796000,510000,527000,599000,715000,247000,487000,1580000,314000,292000,263000,388000,
sko_forall: 12760000,
contraction: 618000,571000,413000,527000,254000,1158000,1154000,528000,
forall_inst: 811000,803000,822000,841000,787000,915000,785000,820000,1705000,1618000,
implies_neg1: 354000,217000,803000,
implies_neg2: 338000,223000,757000,
__local_input: 144000,127000,176000,
qnt_rm_unused: 1010000,5714000,1115000,7741000,1047000,5792000,1102000,7790000,
equiv_simplify: 351000,231000,244000,448000,
__normalized_input: 20415000,14091000,12526000,12287000,30505000,23737000,22277000,22199000,6933000,6409000,1868000,2125000,
rare_rewrite_eq-refl: 295000,169000,190000,175000,135000,155000,
rare_rewrite_eq-symm: 177000,172000,207000,173000,170000,158000,159000,185000,177000,183000,179000,
rare_rewrite_or-not-refl: 7841000,7616000,7686000,8476000,
rare_rewrite_bool-impl-false1: 7720000,9502000,7112000,8718000,
rare_rewrite_bool-and-de-morgan: 8048000,8074000,6716000,6917000,6969000,7300000,7445000,7718000,8015000,8214000,7037000,7655000,7522000,7699000,7219000,7421000,
rare_rewrite_bool-double-not-elim: 253000,207000,175000,589000,172000,

