1; Draft.Scratch_smt_check_7_15639; 2026-04-10 13:50:33.695;
and: 257000,282000,253000,133000,177000,181000,206000,253000,173000,150000,173000,198000,257000,138000,152000,160000,161000,141000,123000,170000,168000,193000,222000,145000,161000,128000,165000,220000,214000,263000,181000,
cong: 106000,95000,126000,108000,139000,91000,94000,267000,216000,235000,199000,76000,70000,95000,133000,77000,45000,59000,298000,381000,166000,200000,243000,111000,134000,195000,102000,134000,57000,66000,69000,76000,87000,51000,56000,59000,331000,87000,55000,60000,157000,114000,145000,122000,105000,308000,291000,168000,208000,234000,110000,133000,156000,102000,122000,57000,69000,305000,96000,135000,69000,88000,85000,65000,55000,66000,76000,58000,82000,65000,69000,
refl: 32000,19000,39000,
symm: 386000,176000,249000,270000,224000,180000,259000,
trans: 303000,341000,615000,486000,422000,216000,340000,489000,176000,204000,332000,253000,224000,565000,330000,185000,451000,
equiv1: 354000,394000,
equiv2: 359000,173000,
or_neg: 342000,396000,358000,383000,
and_neg: 619000,
and_pos: 484000,470000,507000,454000,
implies: 508000,
not_and: 328000,331000,
parsing: 12533000,
subproof: 1581000,
equiv_pos2: 99000,143000,163000,75000,107000,74000,245000,365000,62000,83000,237000,388000,74000,260000,107000,
reordering: 530000,740000,1947000,515000,
resolution: 563000,476000,454000,555000,361000,470000,525000,290000,330000,479000,550000,458000,293000,780000,638000,507000,1494000,263000,286000,217000,258000,278000,509000,547000,530000,297000,292000,329000,
contraction: 577000,683000,791000,585000,
implies_neg1: 815000,
implies_neg2: 503000,
__local_input: 99000,77000,149000,106000,
equiv_simplify: 485000,440000,272000,454000,
__normalized_input: 3572000,3147000,3004000,3027000,
rare_rewrite_eq-symm: 295000,243000,513000,164000,307000,342000,237000,356000,284000,179000,
rare_rewrite_bool-double-not-elim: 339000,356000,

