1; Draft.Scratch_smt_check_7_2795; 2026-04-10 13:50:35.121;
bind: 928000,957000,655000,645000,580000,681000,540000,551000,570000,293000,275000,324000,302000,297000,958000,1078000,673000,658000,597000,702000,558000,557000,552000,277000,268000,323000,286000,290000,529000,685000,556000,550000,570000,508000,468000,502000,483000,441000,
cong: 316000,333000,514000,237000,133000,132000,454000,357000,487000,332000,327000,433000,194000,177000,233000,85000,250000,273000,329000,185000,306000,224000,321000,230000,83000,141000,325000,262000,551000,185000,128000,140000,486000,374000,546000,345000,347000,474000,204000,175000,230000,114000,257000,264000,378000,203000,305000,249000,303000,250000,82000,131000,299000,250000,347000,815000,312000,424000,256000,175000,124000,81000,88000,678000,337000,323000,190000,306000,218000,387000,391000,135000,195000,480000,843000,
refl: 271000,186000,220000,72000,70000,88000,71000,281000,200000,235000,70000,69000,90000,69000,208000,217000,70000,73000,160000,114000,
symm: 433000,237000,464000,255000,476000,422000,
trans: 842000,802000,828000,276000,290000,298000,279000,602000,608000,594000,622000,607000,599000,625000,444000,587000,280000,480000,485000,498000,504000,454000,455000,468000,394000,402000,367000,284000,288000,250000,267000,248000,858000,817000,827000,289000,301000,292000,287000,766000,9589000,639000,626000,620000,638000,628000,466000,590000,279000,484000,486000,508000,515000,476000,485000,486000,410000,525000,358000,262000,255000,289000,261000,249000,476000,482000,481000,488000,467000,454000,492000,432000,387000,655000,642000,439000,457000,446000,421000,
choice: 69000,70000,73000,54000,62000,126000,
or_neg: 393000,447000,333000,341000,349000,472000,348000,343000,332000,396000,303000,332000,416000,321000,333000,408000,322000,623000,706000,307000,308000,399000,301000,329000,408000,316000,319000,383000,299000,347000,459000,336000,937000,816000,699000,
or_pos: 697000,749000,283000,
implies: 773000,303000,
parsing: 126658000,
aci_simp: 2117000,1129000,1559000,1485000,1493000,1068000,1109000,1490000,1431000,1251000,2213000,1174000,1810000,1730000,1451000,1101000,1094000,1667000,1793000,1282000,1500000,1242000,2459000,
qnt_join: 529000,297000,554000,299000,537000,497000,
subproof: 1853000,1708000,
equiv_pos1: 222000,220000,453000,
equiv_pos2: 382000,408000,701000,283000,313000,525000,357000,285000,708000,310000,299000,537000,331000,287000,405000,784000,786000,409000,1049000,745000,828000,
reordering: 559000,595000,491000,488000,836000,495000,1230000,477000,497000,837000,486000,1180000,546000,328000,1746000,1172000,
resolution: 354000,372000,579000,1684000,325000,307000,286000,538000,622000,259000,434000,641000,700000,616000,323000,324000,584000,1617000,339000,522000,1618000,320000,472000,421000,398000,549000,519000,1599000,818000,3273000,684000,1050000,818000,593000,622000,711000,659000,292000,295000,534000,1754000,289000,516000,1738000,254000,486000,416000,389000,560000,520000,1595000,501000,643000,384000,459000,314000,318000,477000,455000,389000,543000,1103000,4346000,
sko_forall: 7367000,7488000,4639000,15502000,
contraction: 646000,613000,554000,549000,545000,1217000,1170000,567000,548000,587000,596000,423000,1816000,
forall_inst: 1561000,1262000,1535000,1278000,2386000,1792000,
implies_neg1: 838000,578000,
implies_neg2: 813000,283000,
__local_input: 230000,364000,
connective_def: 845000,876000,
miniscope_split: 670000,391000,689000,378000,704000,654000,
__normalized_input: 8737000,3408000,1595000,
rare_rewrite_eq-symm: 217000,
rare_rewrite_bool-impl-elim: 19972000,6694000,7599000,7548000,6958000,7076000,6944000,9014000,6683000,7394000,8309000,6273000,6559000,6482000,7419000,11955000,12266000,12125000,
rare_rewrite_bool-and-de-morgan: 6475000,6829000,7354000,7564000,7763000,7802000,6820000,7155000,6648000,7032000,7961000,7647000,8266000,8520000,8602000,8397000,6648000,6936000,
rare_rewrite_bool-double-not-elim: 276000,184000,177000,187000,169000,204000,188000,187000,218000,167000,198000,174000,640000,170000,566000,

