1; Draft.Scratch_smt_check_7_31019; 2026-04-10 13:50:34.643;
bind: 278000,254000,225000,224000,250000,216000,300000,
cong: 106000,68000,122000,54000,54000,46000,70000,95000,64000,60000,54000,102000,66000,
refl: 23000,27000,35000,325000,
symm: 110000,121000,201000,254000,
trans: 253000,126000,211000,201000,229000,165000,127000,235000,207000,242000,252000,
or_pos: 330000,
parsing: 7472000,
aci_simp: 944000,1010000,
evaluate: 225000,
onepoint: 1079000,
qnt_join: 253000,
equiv_pos2: 81000,130000,140000,
reordering: 408000,
resolution: 220000,238000,305000,311000,199000,295000,
forall_inst: 863000,838000,
qnt_rm_unused: 329000,970000,
__normalized_input: 5345000,19461000,1194000,1287000,1394000,1207000,
rare_rewrite_eq-refl: 125000,
rare_rewrite_or-not-refl: 6595000,
rare_rewrite_bool-impl-elim: 6572000,6524000,

