1; Draft.Scratch_smt_check_7_2507; 2026-04-10 13:46:21.166;
bind: 249000,695000,635000,633000,291000,306000,297000,183000,192000,170000,
cong: 82000,203000,346000,63000,59000,62000,61000,69000,342000,308000,274000,208000,193000,65000,64000,67000,65000,63000,189000,187000,161000,
refl: 140000,51000,39000,139000,70000,28000,
symm: 97000,238000,161000,
trans: 159000,161000,516000,498000,413000,446000,261000,276000,275000,279000,306000,
choice: 44000,45000,89000,
equiv1: 93000,186000,
equiv2: 92000,184000,
or_neg: 179000,226000,254000,196000,192000,233000,199000,
or_pos: 409000,317000,374000,
not_not: 116000,
parsing: 65453000,
aci_simp: 1500000,
qnt_join: 306000,
equiv_pos2: 166000,236000,517000,95000,67000,209000,11616000,
reordering: 305000,681000,267000,438000,419000,
resolution: 188000,212000,252000,153000,154000,188000,185000,157000,140000,143000,163000,192000,202000,330000,386000,177000,377000,345000,399000,446000,161000,221000,238000,313000,377000,303000,
sko_forall: 5081000,
contraction: 352000,304000,
forall_inst: 704000,664000,713000,1075000,715000,1267000,
equiv_simplify: 163000,167000,306000,408000,
miniscope_split: 371000,
__normalized_input: 9390000,3541000,3518000,2581000,2538000,901000,1058000,
rare_rewrite_bool-impl-elim: 6041000,6879000,6180000,5591000,6158000,
rare_rewrite_bool-and-de-morgan: 6502000,
rare_rewrite_bool-double-not-elim: 159000,145000,

