1; Draft.Scratch_smt_check_7_11785; 2026-04-10 13:47:04.383;
bind: 303000,340000,289000,367000,366000,207000,
cong: 159000,54000,198000,189000,128000,120000,102000,119000,126000,70000,
refl: 30000,70000,402000,43000,32000,
symm: 284000,343000,136000,184000,123000,
trans: 280000,412000,290000,240000,95000,302000,260000,293000,302000,239000,263000,184000,172000,185000,159000,
choice: 74000,
equiv1: 157000,
equiv2: 169000,
or_neg: 158000,
or_pos: 292000,
and_neg: 470000,
and_pos: 176000,185000,202000,
implies: 150000,205000,
not_not: 152000,
parsing: 15953000,
aci_simp: 1035000,1125000,1185000,
evaluate: 206000,
onepoint: 1402000,
qnt_join: 322000,
subproof: 1036000,1082000,
poly_simp: 1695000,1903000,
equiv_pos2: 253000,81000,108000,138000,
reordering: 406000,311000,561000,
resolution: 217000,183000,289000,281000,285000,304000,189000,219000,187000,249000,237000,182000,188000,173000,243000,265000,258000,184000,401000,308000,282000,591000,193000,224000,363000,
sko_forall: 1129000,
contraction: 219000,277000,305000,
forall_inst: 854000,750000,679000,700000,692000,688000,844000,1286000,
implies_neg1: 183000,644000,
implies_neg2: 183000,233000,
__local_input: 35000,39000,42000,86000,
poly_simp_rel: 955000,1008000,
qnt_rm_unused: 450000,2494000,
equiv_simplify: 246000,243000,
__normalized_input: 9122000,5671000,5411000,1001000,990000,984000,
rare_rewrite_eq-refl: 90000,
rare_rewrite_eq-symm: 137000,
rare_rewrite_or-not-refl: 6132000,
rare_rewrite_bool-eq-false: 6170000,6103000,
rare_rewrite_bool-impl-elim: 6092000,5810000,
rare_rewrite_bool-and-de-morgan: 5873000,

