1; Draft.Scratch_smt_check_7_23029; 2026-04-10 13:48:55.816;
bind: 390000,381000,642000,658000,705000,396000,403000,1221000,1226000,1487000,
cong: 70000,53000,91000,1272000,170000,159000,92000,120000,1204000,152000,118000,138000,88000,91000,50000,63000,86000,49000,54000,53000,40000,99000,76000,92000,119000,57000,48000,54000,47000,68000,68000,75000,50000,47000,57000,71000,393000,364000,692000,321000,300000,278000,256000,194000,188000,164000,166000,894000,74000,261000,250000,233000,231000,178000,165000,158000,151000,70000,52000,84000,1249000,178000,149000,95000,117000,1198000,140000,117000,155000,97000,101000,53000,65000,80000,48000,60000,59000,39000,87000,85000,116000,108000,57000,49000,50000,43000,64000,67000,73000,50000,46000,61000,69000,402000,397000,1101000,653000,549000,494000,437000,389000,335000,300000,279000,1589000,108000,556000,483000,451000,414000,340000,316000,154000,148000,296000,137000,120000,
refl: 31000,52000,54000,39000,29000,36000,43000,58000,26000,29000,34000,62000,25000,29000,31000,31000,53000,53000,30000,32000,40000,21000,110000,43000,55000,57000,126000,67000,49000,55000,
symm: 131000,115000,143000,117000,
trans: 172000,245000,196000,980000,939000,149000,724000,683000,682000,617000,632000,632000,617000,588000,593000,521000,479000,355000,332000,305000,305000,621000,640000,705000,656000,631000,582000,482000,447000,425000,400000,175000,238000,271000,956000,959000,136000,708000,719000,700000,13475000,1188000,1237000,1204000,1145000,1097000,981000,919000,701000,655000,600000,564000,1359000,1307000,1414000,1302000,1153000,1110000,943000,868000,409000,410000,272000,229000,
implies: 353000,
parsing: 28576000,
aci_simp: 2085000,1534000,1516000,1589000,1851000,1474000,1438000,1324000,1286000,1213000,1242000,1292000,4149000,2979000,3265000,3511000,3129000,3052000,3081000,2960000,2378000,1252000,1208000,1295000,1015000,
evaluate: 330000,
subproof: 1747000,
equiv_pos2: 59000,100000,48000,56000,39000,71000,63000,49000,601000,77000,95000,48000,61000,41000,66000,61000,49000,598000,367000,
reordering: 1051000,1032000,
resolution: 186000,513000,210000,242000,195000,226000,198000,253000,275000,1335000,264000,357000,510000,538000,315000,517000,225000,253000,209000,213000,205000,271000,282000,1352000,297000,
contraction: 627000,
forall_inst: 981000,
implies_neg1: 520000,
implies_neg2: 505000,
__local_input: 247000,
connective_def: 737000,1493000,
miniscope_split: 967000,1872000,
__normalized_input: 22277000,7475000,1063000,1241000,824000,833000,892000,1146000,1026000,1012000,906000,923000,761000,774000,1947000,
rare_rewrite_eq-refl: 157000,317000,233000,
rare_rewrite_eq-symm: 114000,293000,182000,270000,127000,112000,286000,182000,288000,231000,
rare_rewrite_bool-and-de-morgan: 6120000,6246000,6380000,6496000,6638000,6703000,6874000,7014000,7355000,14146000,14663000,14061000,15311000,15243000,14633000,17250000,15319000,16320000,
rare_rewrite_bool-double-not-elim: 620000,111000,127000,610000,244000,258000,

