1; Draft.Scratch_smt_check_7_6647; 2026-04-10 13:46:26.991;
bind: 279000,329000,284000,292000,294000,538000,311000,346000,361000,467000,
cong: 178000,168000,143000,63000,169000,72000,208000,116000,181000,153000,186000,343000,274000,186000,163000,93000,201000,92000,
refl: 43000,34000,395000,45000,29000,29000,58000,37000,46000,63000,503000,59000,48000,
symm: 251000,294000,238000,325000,380000,
trans: 269000,282000,240000,240000,251000,248000,210000,86000,276000,241000,261000,234000,273000,272000,273000,180000,233000,194000,255000,261000,505000,297000,282000,332000,272000,152000,333000,307000,349000,339000,329000,
or_pos: 456000,
and_pos: 123000,
parsing: 21133000,
aci_simp: 1054000,1143000,1222000,1875000,2090000,2272000,
evaluate: 222000,355000,
onepoint: 1175000,2247000,
qnt_join: 301000,298000,424000,
equiv_pos2: 424000,
reordering: 210000,557000,
resolution: 195000,201000,255000,358000,
forall_inst: 1469000,
qnt_rm_unused: 387000,1526000,145000,526000,1261000,
connective_def: 853000,564000,
miniscope_split: 381000,
__normalized_input: 1159000,1042000,1610000,
miniscope_distribute: 261000,
rare_rewrite_eq-refl: 83000,137000,
rare_rewrite_eq-symm: 94000,164000,
rare_rewrite_or-not-refl: 6748000,13372000,
rare_rewrite_bool-or-de-morgan: 6695000,
rare_rewrite_bool-and-de-morgan: 6748000,26322000,12726000,
rare_rewrite_bool-double-not-elim: 231000,177000,

