1; Draft.Scratch_smt_check_7_197; 2026-04-10 13:42:48.374;
bind: 262000,254000,249000,247000,198000,150000,243000,352000,245000,252000,346000,239000,262000,341000,246000,266000,426000,488000,452000,484000,449000,341000,251000,424000,337000,148000,176000,175000,183000,175000,165000,180000,249000,256000,183000,178000,324000,302000,470000,449000,
cong: 148000,73000,71000,51000,41000,55000,164000,83000,47000,38000,158000,122000,115000,184000,108000,101000,108000,85000,114000,153000,53000,59000,105000,115000,219000,78000,170000,160000,158000,85000,209000,125000,196000,166000,160000,88000,193000,169000,161000,83000,214000,124000,139000,183000,204000,185000,338000,102000,103000,120000,165000,245000,137000,187000,288000,95000,109000,210000,196000,158000,95000,190000,173000,94000,56000,129000,79000,263000,124000,123000,112000,58000,121000,122000,122000,127000,58000,125000,137000,117000,116000,52000,117000,60000,124000,78000,50000,104000,150000,50000,62000,80000,109000,87000,108000,196000,58000,61000,122000,135000,118000,49000,118000,217000,200000,183000,82000,193000,146000,282000,101000,101000,130000,175000,141000,177000,324000,92000,119000,523000,
ite1: 82000,
ite2: 80000,83000,
refl: 21000,21000,35000,23000,15000,108000,44000,101000,109000,47000,102000,44000,21000,19000,22000,20000,38000,43000,60000,84000,61000,68000,52000,69000,61000,32000,27000,37000,30000,57000,31000,27000,106000,37000,71000,83000,62000,68000,33000,33000,27000,41000,47000,45000,51000,50000,47000,46000,16000,37000,33000,33000,21000,21000,20000,20000,38000,55000,68000,107000,77000,67000,37000,36000,35000,30000,58000,40000,65000,84000,69000,99000,
symm: 188000,181000,155000,165000,40000,155000,178000,
true: 35000,37000,
trans: 95000,207000,135000,233000,135000,99000,132000,117000,236000,191000,220000,230000,225000,241000,175000,218000,188000,184000,265000,269000,247000,212000,173000,157000,168000,151000,87000,171000,140000,92000,95000,164000,152000,116000,286000,265000,139000,169000,124000,167000,
choice: 70000,
equiv1: 133000,148000,255000,347000,121000,56000,130000,127000,263000,234000,111000,
equiv2: 124000,125000,234000,56000,221000,
or_neg: 125000,484000,382000,485000,425000,426000,262000,273000,122000,124000,124000,126000,120000,103000,93000,123000,237000,246000,268000,287000,292000,292000,128000,202000,
or_pos: 169000,282000,278000,175000,
and_neg: 311000,143000,618000,
and_pos: 358000,362000,391000,376000,335000,367000,401000,375000,61000,70000,60000,71000,216000,240000,267000,308000,229000,227000,231000,253000,225000,232000,
implies: 167000,163000,163000,215000,411000,202000,317000,397000,316000,206000,79000,83000,60000,268000,173000,185000,243000,333000,290000,
not_not: 205000,91000,194000,
parsing: 50843000,
subproof: 1132000,1053000,1052000,1949000,2183000,1932000,2271000,2254000,2183000,2096000,973000,982000,1142000,1079000,1062000,1184000,1998000,2108000,
and_intro: 410000,91000,255000,
equiv_pos2: 273000,134000,127000,121000,129000,179000,185000,239000,182000,182000,258000,377000,112000,326000,123000,281000,294000,118000,334000,139000,266000,348000,348000,542000,335000,374000,549000,310000,152000,157000,67000,149000,289000,128000,116000,126000,110000,127000,117000,75000,56000,53000,285000,178000,179000,266000,128000,125000,232000,208000,536000,362000,338000,485000,657000,
reordering: 142000,192000,446000,442000,317000,711000,1645000,442000,436000,339000,1640000,446000,253000,179000,189000,200000,112000,421000,5766000,1199000,
resolution: 246000,153000,245000,327000,300000,170000,139000,136000,207000,190000,212000,209000,125000,181000,323000,210000,193000,188000,179000,254000,275000,319000,312000,182000,282000,158000,148000,233000,250000,332000,285000,154000,234000,164000,151000,164000,171000,162000,253000,369000,425000,458000,261000,306000,262000,390000,1177000,3838000,1014000,631000,547000,1691000,266000,267000,304000,300000,285000,518000,353000,414000,494000,270000,305000,328000,389000,274000,501000,417000,635000,520000,272000,444000,362000,297000,707000,601000,1768000,238000,233000,261000,318000,249000,417000,411000,554000,509000,305000,490000,289000,345000,351000,335000,383000,494000,393000,450000,480000,265000,295000,294000,425000,156000,266000,311000,313000,267000,276000,187000,232000,314000,139000,160000,265000,258000,194000,205000,328000,131000,133000,157000,271000,298000,157000,199000,182000,186000,850000,2912000,744000,425000,373000,1335000,148000,156000,310000,310000,287000,202000,178000,163000,230000,253000,328000,296000,155000,244000,178000,164000,248000,268000,410000,364000,1314000,135000,147000,266000,18982000,456000,351000,258000,466000,575000,492000,292000,279000,241000,385000,444000,555000,487000,258000,438000,414000,
sko_forall: 1079000,1056000,1091000,1065000,2098000,
contraction: 280000,278000,278000,331000,1462000,661000,729000,377000,540000,620000,781000,536000,324000,263000,120000,129000,120000,143000,123000,958000,349000,630000,272000,285000,334000,445000,638000,551000,
forall_inst: 717000,689000,721000,1211000,1250000,1212000,1255000,1330000,1145000,1403000,1506000,1377000,826000,680000,4807000,735000,1411000,1303000,
implies_neg1: 254000,217000,233000,344000,273000,464000,473000,156000,330000,329000,87000,89000,241000,246000,512000,436000,751000,750000,
implies_neg2: 230000,215000,218000,261000,460000,279000,375000,472000,375000,256000,91000,92000,289000,214000,213000,278000,383000,416000,
__local_input: 56000,58000,53000,54000,60000,107000,118000,33000,15000,17000,21000,25000,14000,19000,21000,22000,11000,13000,12000,15000,60000,54000,106000,106000,31000,40000,29000,40000,39000,35000,38000,32000,40000,44000,
equiv_simplify: 207000,215000,394000,392000,446000,175000,122000,125000,235000,211000,362000,390000,394000,228000,
__normalized_input: 1663000,1420000,1254000,713000,773000,1053000,
rare_rewrite_ite-eq: 6234000,5730000,
rare_rewrite_eq-refl: 79000,86000,253000,200000,90000,90000,181000,162000,
rare_rewrite_eq-symm: 104000,98000,102000,99000,62000,73000,70000,110000,146000,157000,113000,118000,162000,108000,124000,109000,136000,111000,70000,88000,65000,75000,68000,68000,72000,64000,68000,114000,109000,146000,
rare_rewrite_bool-impl-elim: 5762000,5744000,20685000,11026000,11412000,11524000,12862000,7448000,6358000,6282000,6459000,5957000,11665000,
rare_rewrite_bool-double-not-elim: 78000,78000,84000,128000,143000,147000,221000,152000,77000,82000,70000,70000,74000,78000,135000,255000,

