1; Draft.Scratch_smt_check_7_8829; 2026-04-10 13:42:48.502;
and: 105000,113000,108000,85000,79000,75000,98000,107000,142000,64000,86000,100000,135000,122000,137000,155000,227000,221000,2603000,219000,236000,250000,315000,72000,94000,94000,104000,121000,138000,163000,160000,179000,192000,215000,227000,247000,274000,64000,78000,96000,114000,126000,155000,161000,163000,178000,200000,217000,227000,247000,286000,
bind: 1060000,1080000,951000,
cong: 66000,54000,70000,69000,252000,71000,71000,164000,672000,398000,331000,69000,463000,239000,209000,353000,48000,52000,770000,364000,469000,228000,221000,192000,144000,160000,634000,324000,455000,306000,66000,745000,352000,355000,631000,391000,311000,74000,629000,398000,360000,50000,67000,69000,69000,159000,103000,87000,122000,127000,423000,409000,113000,975000,1230000,1120000,1247000,599000,683000,512000,579000,706000,657000,636000,667000,546000,340000,374000,694000,326000,397000,365000,238000,147000,134000,130000,121000,94000,76000,59000,40000,23000,666000,322000,393000,322000,82000,770000,368000,237000,75000,589000,1255000,
refl: 37000,16000,18000,40000,39000,176000,205000,45000,16000,17000,37000,24000,77000,228000,47000,290000,219000,22000,17000,20000,21000,133000,43000,229000,121000,20000,134000,
symm: 85000,86000,87000,90000,44000,96000,
trans: 129000,114000,118000,944000,112000,120000,233000,445000,1008000,922000,888000,871000,794000,863000,881000,942000,993000,956000,940000,948000,812000,805000,480000,491000,1025000,301000,67000,78000,266000,
choice: 71000,109000,
equiv1: 113000,84000,82000,77000,84000,208000,531000,68000,283000,
equiv2: 105000,79000,74000,81000,83000,190000,595000,283000,
or_neg: 357000,172000,180000,168000,183000,143000,145000,137000,286000,394000,276000,560000,571000,577000,589000,284000,397000,256000,281000,416000,272000,379000,138000,151000,151000,175000,178000,167000,178000,670000,788000,536000,828000,649000,666000,894000,567000,573000,319000,402000,272000,363000,364000,309000,406000,352000,349000,458000,
or_pos: 470000,442000,
and_neg: 195000,155000,138000,135000,143000,388000,523000,665000,308000,18870000,
and_pos: 265000,124000,115000,122000,120000,120000,144000,247000,90000,162000,86000,102000,85000,99000,94000,96000,83000,88000,76000,95000,224000,243000,346000,87000,91000,90000,105000,135000,134000,124000,119000,189000,243000,553000,453000,343000,568000,341000,279000,201000,191000,310000,
implies: 171000,163000,121000,144000,480000,118000,113000,512000,480000,117000,122000,128000,132000,162000,171000,675000,638000,500000,335000,352000,
not_not: 110000,98000,96000,182000,421000,273000,
parsing: 101849000,
aci_simp: 2440000,2555000,2607000,2637000,2458000,1441000,
evaluate: 178000,
subproof: 1056000,1087000,1016000,1040000,3179000,1061000,1129000,1451000,3223000,1057000,1029000,1007000,1057000,1170000,2067000,2413000,2360000,2704000,1289000,1285000,
and_intro: 145000,108000,97000,105000,108000,144000,449000,252000,
equiv_pos2: 165000,113000,773000,812000,445000,829000,401000,799000,824000,409000,418000,781000,832000,112000,322000,1786000,1389000,802000,404000,801000,840000,2514000,542000,1319000,
not_equiv1: 963000,
not_equiv2: 565000,
reordering: 346000,277000,428000,423000,334000,199000,248000,264000,415000,234000,239000,406000,411000,246000,291000,669000,329000,357000,481000,201000,259000,256000,271000,408000,431000,1053000,1322000,1351000,1127000,407000,661000,500000,673000,693000,575000,
resolution: 235000,306000,207000,175000,475000,1394000,390000,258000,249000,529000,149000,258000,264000,592000,145000,137000,195000,160000,164000,337000,306000,295000,211000,214000,351000,148000,227000,227000,363000,138000,138000,176000,260000,232000,348000,389000,573000,608000,811000,787000,450000,149000,179000,434000,516000,245000,195000,191000,323000,128000,188000,188000,309000,140000,141000,173000,336000,345000,2355000,669000,846000,724000,879000,671000,941000,735000,493000,425000,572000,456000,539000,603000,641000,793000,806000,437000,252000,187000,187000,314000,134000,196000,192000,306000,130000,153000,335000,311000,286000,240000,209000,334000,147000,215000,219000,394000,148000,131000,174000,454000,1394000,418000,267000,243000,539000,151000,260000,254000,586000,263000,231000,347000,970000,1455000,836000,988000,835000,1130000,447000,1020000,827000,1139000,401000,469000,706000,1251000,3833000,1123000,691000,871000,605000,928000,757000,512000,151000,435000,835000,556000,789000,557000,529000,496000,623000,267000,542000,500000,666000,245000,235000,387000,737000,2217000,
sko_forall: 2443000,2789000,
contraction: 442000,267000,258000,230000,266000,271000,168000,192000,176000,198000,721000,504000,170000,184000,163000,185000,813000,804000,813000,472000,474000,705000,155000,181000,165000,184000,273000,179000,186000,179000,196000,435000,225000,268000,229000,328000,1267000,983000,981000,980000,995000,1767000,804000,770000,525000,633000,499000,488000,508000,497000,921000,
forall_inst: 1095000,1219000,
implies_neg1: 198000,206000,133000,138000,743000,119000,122000,724000,741000,116000,121000,134000,132000,420000,397000,901000,868000,729000,452000,462000,
implies_neg2: 191000,178000,132000,123000,767000,113000,107000,743000,713000,107000,112000,119000,128000,176000,196000,885000,849000,731000,473000,459000,
__local_input: 11000,13000,19000,18000,13000,16000,13000,16000,15000,18000,106000,13000,15000,12000,17000,109000,107000,13000,16000,14000,17000,13000,16000,17000,17000,22000,22000,36000,36000,25000,28000,24000,122000,122000,25000,106000,14000,77000,60000,19000,
connective_def: 1316000,605000,
equiv_simplify: 183000,177000,145000,150000,144000,160000,141000,149000,158000,159000,336000,344000,737000,737000,225000,390000,377000,
__normalized_input: 2576000,3065000,
rare_rewrite_eq-symm: 94000,88000,93000,631000,292000,60000,161000,
rare_rewrite_bool-eq-false: 14083000,
rare_rewrite_bool-or-de-morgan: 12942000,12811000,13118000,10015000,
rare_rewrite_bool-and-de-morgan: 12929000,15566000,7125000,7548000,
rare_rewrite_bool-double-not-elim: 165000,100000,94000,495000,77000,92000,98000,230000,201000,166000,505000,107000,288000,625000,197000,206000,

