1; Draft.Scratch_smt_check_7_59; 2026-04-10 13:47:09.180;
bind: 415000,423000,326000,351000,292000,382000,369000,239000,323000,348000,296000,368000,362000,222000,
cong: 174000,101000,197000,54000,197000,167000,127000,200000,60000,198000,177000,123000,271000,167000,115000,
refl: 70000,430000,46000,36000,75000,424000,49000,34000,
symm: 226000,128000,295000,360000,288000,360000,
false: 22000,
trans: 220000,216000,239000,115000,279000,281000,296000,248000,93000,303000,268000,294000,315000,245000,274000,290000,279000,297000,267000,97000,309000,274000,300000,302000,245000,306000,
choice: 76000,
equiv2: 114000,120000,
or_neg: 149000,
or_pos: 216000,268000,
implies: 349000,268000,
not_not: 134000,
parsing: 35168000,
aci_simp: 1085000,1132000,1217000,1135000,1129000,1168000,
evaluate: 214000,223000,228000,
onepoint: 1368000,1357000,
qnt_join: 320000,314000,
subproof: 2579000,1691000,
equiv_pos2: 247000,245000,209000,238000,239000,360000,103000,40000,
reordering: 270000,412000,
resolution: 210000,310000,290000,280000,355000,379000,464000,611000,580000,615000,375000,435000,178000,178000,162000,174000,291000,256000,262000,327000,352000,431000,441000,265000,328000,225000,
sko_forall: 1057000,
contraction: 558000,429000,
forall_inst: 1342000,752000,679000,719000,860000,
implies_neg1: 261000,374000,
implies_neg2: 479000,368000,
__local_input: 77000,103000,
qnt_rm_unused: 460000,2542000,457000,2737000,
equiv_simplify: 197000,197000,
__normalized_input: 24506000,8406000,8413000,3931000,3993000,918000,1060000,
rare_rewrite_eq-refl: 89000,101000,
rare_rewrite_eq-symm: 143000,111000,129000,147000,
rare_rewrite_or-not-refl: 6706000,6461000,
rare_rewrite_bool-impl-elim: 11384000,11363000,6542000,6117000,6304000,6114000,
rare_rewrite_bool-and-de-morgan: 5948000,6213000,

