1; Draft.Scratch_smt_check_7_21717; 2026-04-10 13:48:02.401;
bind: 711000,859000,769000,735000,836000,778000,380000,403000,346000,349000,279000,358000,337000,275000,274000,345000,325000,269000,372000,327000,266000,287000,380000,411000,366000,332000,279000,353000,341000,272000,281000,369000,332000,272000,373000,339000,278000,287000,361000,334000,273000,370000,318000,254000,275000,348000,327000,256000,355000,317000,256000,285000,386000,385000,
cong: 416000,468000,484000,433000,443000,475000,476000,1396000,297000,142000,80000,85000,401000,239000,112000,96000,170000,78000,72000,68000,27000,303000,269000,187000,184000,206000,281000,237000,177000,168000,190000,391000,300000,186000,170000,276000,225000,182000,160000,188000,270000,235000,186000,161000,182000,379000,304000,184000,162000,219000,198000,94000,94000,92000,84000,378000,372000,191000,115000,86000,71000,68000,29000,292000,245000,194000,171000,201000,274000,228000,189000,168000,194000,382000,312000,192000,170000,291000,239000,188000,166000,207000,308000,225000,183000,166000,203000,468000,304000,183000,162000,192000,200000,96000,95000,85000,81000,360000,170000,108000,354000,415000,291000,603000,168000,91000,165000,104000,291000,226000,182000,182000,195000,277000,219000,172000,167000,194000,388000,293000,178000,162000,278000,226000,177000,168000,194000,280000,220000,172000,162000,194000,387000,304000,181000,160000,180000,197000,93000,91000,83000,79000,369000,385000,333000,211000,161000,177000,133000,38000,1162000,299000,161000,149000,244000,350000,143000,132000,121000,45000,437000,422000,362000,738000,563000,153000,197000,121000,237000,
ite2: 280000,
refl: 85000,92000,23000,31000,29000,39000,16000,37000,37000,28000,38000,35000,29000,28000,29000,30000,22000,29000,29000,23000,27000,29000,29000,26000,28000,29000,23000,30000,26000,29000,91000,27000,38000,16000,21000,41000,26000,33000,42000,31000,25000,29000,34000,24000,38000,40000,27000,29000,36000,48000,23000,41000,36000,25000,30000,25000,26000,93000,42000,35000,25000,28000,30000,33000,23000,29000,29000,22000,32000,35000,25000,30000,30000,37000,25000,29000,31000,24000,29000,22000,28000,92000,45000,68000,28000,33000,188000,167000,93000,63000,44000,108000,125000,26000,38000,46000,49000,151000,29000,
symm: 158000,226000,264000,382000,226000,605000,290000,187000,230000,
true: 122000,
trans: 652000,644000,665000,799000,809000,732000,605000,615000,710000,714000,783000,876000,789000,667000,365000,345000,370000,340000,85000,307000,307000,333000,242000,247000,266000,378000,309000,354000,247000,225000,200000,304000,305000,320000,217000,234000,195000,310000,290000,317000,220000,228000,193000,339000,338000,349000,337000,89000,311000,326000,335000,235000,233000,227000,309000,303000,319000,305000,235000,211000,311000,309000,335000,256000,246000,232000,311000,327000,345000,226000,250000,216000,253000,254000,256000,581000,562000,562000,166000,501000,549000,267000,317000,318000,338000,217000,236000,203000,305000,295000,320000,213000,224000,238000,300000,305000,327000,222000,228000,206000,309000,297000,322000,216000,228000,209000,341000,332000,356000,650000,147000,352000,179000,757000,676000,753000,273000,655000,302000,314000,303000,120000,
choice: 83000,
equiv1: 89000,784000,373000,89000,114000,111000,170000,488000,887000,182000,245000,797000,491000,130000,
equiv2: 454000,
or_neg: 296000,327000,440000,432000,421000,442000,437000,314000,333000,308000,326000,643000,465000,472000,442000,439000,
or_pos: 347000,398000,338000,367000,493000,359000,619000,
and_pos: 535000,518000,459000,569000,539000,514000,465000,522000,542000,281000,320000,662000,549000,671000,595000,621000,338000,340000,
implies: 532000,357000,283000,316000,264000,311000,354000,363000,197000,332000,267000,322000,271000,850000,278000,372000,282000,316000,260000,317000,361000,546000,636000,543000,308000,412000,257000,
not_and: 438000,441000,407000,
parsing: 121870000,
aci_simp: 1312000,1425000,1265000,1269000,1302000,1315000,1334000,1435000,1317000,1290000,1282000,1285000,
evaluate: 328000,325000,198000,237000,345000,291000,333000,562000,326000,426000,515000,568000,315000,166000,228000,232000,363000,
subproof: 1567000,1308000,1372000,1965000,1242000,1858000,1463000,1224000,1322000,1878000,1271000,2074000,1866000,1296000,1353000,1224000,1957000,1223000,1867000,1330000,2525000,2331000,2267000,1171000,1409000,1284000,
and_intro: 244000,145000,203000,531000,278000,412000,397000,223000,285000,
poly_simp: 3261000,3713000,2140000,1829000,3296000,6341000,2237000,1839000,1992000,2059000,8615000,2147000,2799000,1911000,2639000,1697000,1876000,2440000,1727000,2446000,1649000,1996000,2036000,1984000,2513000,1965000,2052000,2622000,1785000,2582000,1745000,2010000,2960000,1929000,3079000,1871000,2038000,2630000,4043000,1805000,8518000,2304000,2729000,1695000,2528000,1659000,1861000,2481000,1655000,2463000,1673000,1938000,1984000,2039000,2899000,3890000,5694000,3999000,6060000,3596000,2592000,
equiv_pos2: 413000,395000,536000,247000,228000,417000,292000,251000,252000,476000,247000,254000,473000,165000,322000,352000,218000,225000,414000,83000,257000,264000,472000,247000,257000,479000,177000,369000,360000,193000,392000,222000,309000,290000,248000,250000,480000,247000,252000,474000,167000,357000,341000,228000,222000,849000,1294000,528000,95000,622000,295000,430000,589000,142000,164000,267000,
la_generic: 14019000,14029000,5816000,
reordering: 457000,516000,741000,1943000,515000,474000,3055000,678000,480000,470000,419000,739000,1730000,1087000,604000,1079000,804000,
resolution: 189000,283000,367000,431000,514000,668000,603000,327000,484000,252000,190000,342000,258000,357000,488000,537000,479000,264000,412000,204000,244000,329000,417000,404000,234000,168000,262000,350000,398000,389000,479000,580000,643000,383000,412000,432000,473000,351000,447000,443000,299000,355000,367000,361000,466000,577000,615000,376000,361000,934000,3019000,473000,464000,643000,518000,1489000,150000,286000,367000,326000,247000,666000,266000,247000,364000,431000,552000,485000,289000,362000,164000,184000,227000,231000,241000,246000,274000,248000,358000,405000,368000,466000,590000,629000,376000,362000,438000,483000,373000,459000,457000,302000,353000,378000,383000,496000,603000,641000,379000,396000,209000,427000,1160000,1073000,2243000,276000,278000,340000,433000,409000,264000,519000,463000,594000,219000,341000,398000,411000,253000,274000,348000,377000,400000,447000,558000,621000,353000,369000,425000,473000,353000,453000,458000,291000,332000,358000,355000,492000,554000,595000,360000,371000,203000,253000,359000,437000,549000,483000,261000,404000,335000,620000,518000,526000,879000,1079000,591000,699000,597000,1463000,350000,731000,408000,430000,468000,410000,653000,851000,711000,530000,318000,423000,363000,652000,725000,576000,553000,665000,528000,947000,257000,392000,484000,374000,209000,328000,310000,238000,206000,590000,514000,632000,214000,387000,418000,
sko_forall: 1865000,1467000,1502000,
contraction: 715000,516000,412000,498000,411000,377000,499000,1201000,641000,801000,404000,509000,533000,414000,396000,503000,1173000,1350000,395000,494000,493000,429000,490000,405000,392000,487000,507000,1013000,831000,856000,762000,755000,671000,682000,476000,591000,566000,385000,
forall_inst: 1109000,1047000,768000,932000,909000,1010000,976000,712000,908000,946000,933000,897000,923000,901000,755000,997000,1857000,
la_mult_neg: 458000,307000,389000,869000,780000,432000,
implies_neg1: 666000,515000,386000,436000,464000,353000,515000,453000,458000,355000,405000,815000,395000,382000,541000,431000,449000,367000,554000,2332000,776000,1110000,254000,426000,348000,608000,
implies_neg2: 798000,492000,392000,443000,354000,434000,500000,266000,526000,436000,350000,446000,1197000,403000,533000,384000,434000,350000,437000,490000,564000,677000,516000,348000,609000,383000,
__local_input: 127000,104000,58000,115000,124000,76000,152000,119000,123000,86000,94000,53000,49000,44000,75000,69000,58000,37000,69000,122000,132000,83000,131000,486000,78000,47000,90000,95000,113000,74000,42000,106000,45000,52000,63000,41000,43000,87000,
poly_simp_rel: 1240000,1300000,1594000,1323000,1397000,1730000,1278000,1294000,1445000,1201000,1136000,1139000,1098000,1285000,1260000,1276000,1050000,1150000,1178000,1221000,1190000,1185000,1553000,1113000,1095000,1080000,1088000,1245000,1223000,1301000,2392000,2390000,
equiv_simplify: 187000,311000,189000,186000,358000,651000,363000,378000,193000,
implies_simplify: 920000,467000,1155000,974000,637000,
__normalized_input: 1913000,2325000,1335000,1718000,1284000,671000,745000,
rare_rewrite_ite-eq: 13090000,
rare_rewrite_eq-refl: 256000,6002000,97000,85000,153000,338000,177000,
rare_rewrite_eq-symm: 693000,731000,
rare_rewrite_eq-ite-lift: 8345000,17392000,
rare_rewrite_ite-not-cond: 7542000,14078000,6974000,6433000,6474000,6452000,6585000,6709000,7485000,7059000,6019000,6143000,6097000,6052000,
rare_rewrite_arith-elim-gt: 7284000,
rare_rewrite_arith-elim-lt: 14120000,6896000,7437000,6355000,6490000,6413000,6634000,6701000,7148000,7103000,9662000,7325000,6101000,5989000,6076000,12195000,15360000,6645000,7332000,
rare_rewrite_ite-then-true: 7349000,13499000,
rare_rewrite_arith-elim-leq: 6938000,7328000,7635000,6439000,6303000,6248000,7068000,6922000,6637000,6667000,21258000,6854000,6967000,12389000,6045000,6057000,6189000,6568000,6555000,
rare_rewrite_bool-impl-elim: 7681000,6623000,6637000,6543000,7054000,6838000,7210000,7345000,7478000,6299000,6396000,6508000,
rare_rewrite_bool-and-de-morgan: 6883000,6523000,6546000,6465000,9496000,6539000,7241000,7499000,7069000,6136000,6282000,6313000,
rare_rewrite_bool-double-not-elim: 269000,255000,306000,458000,229000,277000,

