1; Draft.Scratch_smt_check_7_26203; 2026-04-10 13:45:02.216;
bind: 241000,264000,201000,282000,418000,454000,353000,478000,
cong: 153000,69000,132000,113000,250000,118000,200000,252000,
refl: 18000,28000,434000,22000,193000,29000,39000,722000,39000,357000,
symm: 223000,246000,345000,449000,
trans: 173000,178000,187000,147000,89000,224000,182000,212000,213000,137000,143000,122000,139000,321000,328000,340000,266000,142000,431000,329000,373000,367000,248000,245000,213000,240000,
or_pos: 324000,
implies: 275000,
parsing: 27243000,
aci_simp: 951000,1182000,1001000,971000,1878000,2129000,1852000,1733000,
evaluate: 199000,278000,
onepoint: 1339000,2416000,
qnt_join: 266000,422000,
subproof: 2774000,
equiv_pos2: 358000,332000,
reordering: 404000,
resolution: 246000,252000,417000,527000,624000,439000,425000,
contraction: 431000,
forall_inst: 1209000,
implies_neg1: 390000,
implies_neg2: 327000,
__local_input: 94000,
qnt_rm_unused: 356000,1388000,618000,2318000,
__normalized_input: 1128000,689000,759000,4152000,
rare_rewrite_eq-refl: 83000,133000,
rare_rewrite_or-not-refl: 6479000,12069000,
rare_rewrite_bool-impl-elim: 11593000,23786000,
rare_rewrite_bool-and-de-morgan: 5930000,19423000,11387000,17012000,

