1; Draft.Scratch_smt_check_7_28826; 2026-04-10 13:45:03.225;
bind: 408000,365000,694000,403000,364000,217000,269000,266000,
cong: 281000,134000,344000,230000,133000,402000,231000,415000,385000,184000,379000,212000,164000,156000,202000,223000,124000,344000,253000,149000,137000,64000,193000,124000,85000,118000,215000,110000,80000,117000,148000,143000,253000,242000,173000,184000,69000,309000,128000,344000,
refl: 59000,101000,86000,68000,108000,26000,55000,34000,87000,111000,
symm: 202000,71000,105000,74000,223000,
trans: 363000,211000,161000,198000,127000,97000,113000,101000,204000,
choice: 29000,31000,40000,84000,
equiv1: 213000,145000,324000,
equiv2: 217000,106000,284000,
or_neg: 139000,337000,390000,276000,263000,209000,235000,255000,274000,332000,333000,409000,198000,229000,144000,186000,116000,147000,170000,387000,360000,338000,
or_pos: 233000,384000,375000,209000,189000,212000,198000,391000,
and_neg: 372000,227000,216000,278000,404000,
and_pos: 354000,302000,327000,339000,326000,327000,315000,174000,158000,179000,173000,190000,162000,155000,321000,221000,107000,124000,113000,133000,347000,306000,356000,351000,
implies: 254000,177000,328000,319000,221000,269000,308000,189000,299000,322000,232000,347000,235000,179000,131000,179000,169000,114000,188000,136000,186000,181000,195000,145000,115000,149000,117000,146000,344000,344000,
not_not: 211000,222000,
parsing: 82080000,
subproof: 1853000,1491000,2719000,2076000,1971000,2440000,2122000,1910000,2193000,2217000,2093000,2078000,1109000,1245000,1092000,1466000,1229000,1112000,1129000,1038000,1098000,1243000,1183000,1003000,995000,1016000,1118000,1111000,3819000,2055000,
and_intro: 325000,358000,166000,115000,291000,
equiv_pos2: 369000,488000,558000,292000,405000,201000,418000,236000,494000,287000,136000,213000,223000,389000,292000,157000,145000,144000,146000,229000,99000,199000,107000,60000,104000,123000,158000,287000,294000,209000,222000,427000,416000,
not_equiv1: 187000,
not_equiv2: 368000,
reordering: 291000,326000,565000,461000,699000,677000,1178000,576000,239000,231000,195000,254000,533000,526000,260000,196000,256000,267000,451000,728000,823000,
resolution: 168000,162000,194000,240000,356000,455000,438000,294000,191000,231000,234000,345000,360000,282000,255000,357000,361000,529000,626000,623000,396000,334000,270000,520000,622000,538000,301000,271000,380000,440000,432000,271000,237000,369000,385000,244000,358000,3342000,547000,522000,554000,354000,563000,585000,643000,516000,469000,417000,451000,446000,495000,468000,429000,408000,411000,385000,469000,558000,379000,687000,789000,622000,540000,464000,929000,286000,515000,498000,782000,266000,249000,378000,303000,313000,438000,538000,493000,332000,798000,562000,505000,1086000,271000,277000,251000,250000,260000,259000,182000,297000,290000,606000,155000,238000,262000,264000,184000,211000,217000,300000,288000,335000,365000,226000,281000,323000,336000,361000,329000,294000,232000,262000,251000,244000,212000,266000,263000,220000,400000,292000,271000,594000,147000,148000,235000,255000,250000,172000,158000,290000,390000,336000,190000,297000,269000,589000,168000,347000,371000,2071000,180000,201000,149000,253000,278000,255000,164000,274000,218000,223000,338000,134000,150000,257000,286000,262000,166000,217000,202000,344000,135000,150000,148000,251000,287000,276000,239000,4628000,788000,651000,543000,519000,848000,339000,521000,538000,874000,286000,259000,387000,
sko_forall: 1939000,1609000,1118000,925000,
contraction: 423000,259000,576000,678000,351000,443000,551000,606000,396000,361000,306000,655000,460000,484000,463000,468000,378000,497000,586000,236000,254000,308000,205000,299000,292000,282000,221000,204000,181000,300000,293000,210000,324000,255000,307000,340000,273000,167000,180000,305000,174000,178000,254000,657000,506000,595000,4559000,484000,
forall_inst: 948000,828000,1499000,1333000,1259000,1294000,1236000,1518000,1355000,1401000,1269000,1378000,712000,682000,756000,767000,687000,856000,740000,669000,768000,691000,838000,
implies_neg1: 362000,11002000,459000,502000,299000,376000,408000,246000,492000,540000,334000,177000,175000,266000,268000,235000,219000,139000,180000,288000,272000,263000,265000,211000,207000,18870000,338000,312000,477000,482000,
implies_neg2: 361000,231000,432000,440000,293000,460000,411000,239000,404000,451000,307000,426000,179000,222000,190000,236000,220000,152000,217000,181000,418000,222000,253000,178000,134000,184000,132000,195000,480000,391000,
__local_input: 120000,59000,101000,121000,52000,103000,80000,55000,71000,46000,55000,54000,58000,39000,35000,21000,15000,27000,19000,22000,27000,65000,50000,34000,34000,76000,66000,17000,21000,27000,23000,19000,29000,62000,61000,100000,37000,54000,29000,54000,55000,4004000,47000,61000,
connective_def: 350000,
equiv_simplify: 376000,352000,182000,289000,343000,450000,
__normalized_input: 10461000,9357000,2668000,2628000,2213000,2235000,4023000,1118000,
rare_rewrite_eq-symm: 167000,238000,309000,214000,168000,159000,234000,126000,125000,128000,87000,131000,143000,160000,120000,117000,207000,
rare_rewrite_bool-impl-elim: 11556000,11636000,11895000,12259000,6533000,6625000,
rare_rewrite_bool-double-not-elim: 367000,153000,279000,243000,252000,186000,85000,114000,144000,263000,

