1; Draft.Scratch_smt_check_7_26968; 2026-04-10 13:48:30.011;
bind: 175000,222000,299000,282000,335000,421000,
cong: 127000,154000,129000,
refl: 80000,50000,80000,
symm: 101000,100000,
trans: 168000,181000,170000,182000,182000,242000,173000,190000,172000,12634000,
or_pos: 275000,
implies: 175000,
parsing: 8150000,
aci_simp: 1269000,970000,1100000,1078000,1929000,
subproof: 1152000,
equiv_pos1: 43000,
equiv_pos2: 35000,107000,196000,109000,36000,176000,
reordering: 204000,377000,
resolution: 169000,238000,242000,419000,307000,333000,174000,177000,235000,195000,287000,310000,199000,243000,241000,
contraction: 246000,
forall_inst: 876000,670000,657000,1302000,
implies_neg1: 406000,
implies_neg2: 223000,
__local_input: 189000,
miniscope_split: 363000,479000,
__normalized_input: 6169000,3282000,3143000,3232000,3107000,3047000,
rare_rewrite_eq-symm: 181000,
rare_rewrite_bool-eq-false: 5982000,6128000,
rare_rewrite_bool-impl-elim: 6305000,6244000,11575000,
rare_rewrite_bool-and-de-morgan: 6072000,

