1; Draft.Scratch_smt_check_7_30395; 2026-04-10 13:51:54.922;
bind: 319000,287000,349000,358000,530000,518000,502000,278000,
cong: 201000,127000,64000,86000,47000,53000,187000,117000,110000,161000,109000,225000,101000,102000,58000,65000,68000,102000,148000,140000,69000,81000,119000,283000,313000,250000,106000,107000,98000,233000,131000,54000,59000,94000,
ite1: 166000,329000,
ite2: 178000,
refl: 20000,28000,34000,29000,42000,28000,29000,40000,45000,29000,40000,58000,61000,35000,26000,
symm: 343000,298000,
true: 119000,261000,
trans: 239000,279000,251000,244000,226000,182000,196000,469000,359000,352000,437000,312000,180000,
equiv1: 239000,449000,499000,224000,
equiv2: 291000,430000,
and_neg: 696000,439000,
and_pos: 581000,588000,544000,599000,585000,604000,572000,615000,724000,721000,671000,632000,689000,618000,780000,650000,636000,667000,
implies: 281000,254000,723000,630000,858000,481000,722000,267000,
parsing: 9057000,
aci_simp: 1086000,
subproof: 1307000,1399000,2587000,2484000,2613000,2383000,2564000,1213000,
and_intro: 568000,688000,
equiv_pos2: 145000,149000,203000,235000,151000,146000,186000,182000,279000,63000,98000,244000,242000,265000,269000,385000,407000,247000,150000,204000,228000,
reordering: 243000,295000,962000,2036000,1984000,1145000,2856000,2860000,
resolution: 333000,225000,234000,313000,306000,348000,392000,382000,242000,370000,223000,466000,304000,289000,322000,233000,377000,356000,425000,419000,251000,367000,239000,451000,286000,369000,1211000,803000,773000,1867000,432000,414000,502000,872000,777000,1878000,551000,458000,525000,490000,522000,550000,1359000,957000,820000,2605000,485000,470000,493000,486000,567000,556000,600000,703000,642000,407000,572000,490000,937000,869000,2448000,415000,517000,325000,347000,367000,365000,230000,345000,261000,245000,271000,
contraction: 367000,476000,844000,1063000,868000,1043000,993000,1219000,665000,957000,1195000,398000,
forall_inst: 902000,924000,963000,15180000,1373000,2139000,1696000,1434000,1335000,1528000,1603000,844000,846000,938000,
implies_neg1: 310000,353000,962000,912000,619000,311000,594000,701000,
implies_neg2: 303000,345000,754000,741000,835000,543000,901000,302000,
__local_input: 405000,270000,62000,82000,70000,147000,71000,88000,123000,243000,311000,278000,41000,61000,51000,62000,91000,46000,50000,52000,51000,189000,
equiv_simplify: 383000,684000,583000,300000,
__normalized_input: 3622000,3334000,2890000,3037000,2084000,
rare_rewrite_ite-eq: 7130000,12120000,
rare_rewrite_eq-refl: 147000,185000,345000,390000,172000,
rare_rewrite_eq-symm: 233000,220000,223000,194000,281000,262000,143000,238000,275000,141000,238000,210000,372000,397000,441000,499000,440000,490000,220000,208000,

