1; Draft.Scratch_smt_check_7_3404; 2026-04-10 13:51:55.296;
bind: 431000,444000,416000,445000,436000,413000,511000,462000,
cong: 186000,156000,151000,164000,69000,72000,157000,144000,124000,122000,143000,112000,132000,114000,140000,115000,111000,296000,125000,144000,159000,61000,68000,
refl: 47000,35000,48000,33000,45000,
symm: 134000,
trans: 602000,407000,442000,389000,316000,408000,546000,352000,320000,476000,161000,206000,
and_neg: 419000,207000,205000,264000,
and_pos: 342000,353000,330000,411000,164000,170000,168000,162000,173000,192000,169000,176000,
implies: 377000,338000,170000,202000,181000,
parsing: 3476000,
subproof: 2173000,1117000,1219000,1253000,1159000,
and_intro: 157000,189000,
equiv_pos1: 69000,74000,46000,
equiv_pos2: 76000,195000,85000,231000,213000,292000,242000,74000,
not_equiv1: 387000,
not_equiv2: 378000,
reordering: 500000,479000,557000,608000,434000,448000,482000,542000,508000,304000,312000,271000,244000,286000,260000,314000,388000,
resolution: 430000,395000,439000,435000,402000,421000,481000,683000,10326000,581000,557000,413000,537000,535000,625000,576000,479000,539000,433000,622000,639000,549000,571000,410000,218000,294000,305000,561000,365000,289000,281000,434000,237000,294000,310000,501000,
contraction: 588000,485000,463000,234000,248000,232000,249000,227000,257000,
forall_inst: 1401000,1420000,1500000,
implies_neg1: 478000,205000,223000,226000,242000,
implies_neg2: 427000,405000,213000,217000,232000,
__local_input: 299000,53000,76000,81000,153000,48000,40000,39000,201000,
__normalized_input: 15394000,6780000,5649000,3374000,2901000,857000,
rare_rewrite_eq-symm: 338000,271000,355000,338000,271000,267000,333000,334000,272000,331000,313000,

