1; Draft.Scratch_smt_check_7_13982; 2026-04-10 13:51:57.398;
bind: 376000,459000,380000,388000,376000,392000,388000,380000,265000,273000,251000,265000,273000,255000,205000,213000,277000,281000,260000,274000,284000,261000,206000,212000,216000,246000,279000,268000,248000,273000,271000,287000,320000,244000,279000,280000,267000,301000,286000,301000,396000,282000,338000,365000,335000,386000,384000,278000,277000,321000,429000,365000,388000,334000,426000,273000,292000,262000,340000,312000,269000,350000,321000,260000,318000,307000,248000,330000,321000,250000,407000,310000,249000,324000,308000,266000,
cong: 140000,136000,77000,147000,141000,63000,142000,134000,74000,147000,136000,57000,251000,122000,104000,90000,58000,79000,99000,101000,91000,60000,79000,100000,177000,102000,57000,61000,97000,102000,106000,88000,104000,104000,95000,68000,87000,99000,184000,105000,55000,61000,62000,65000,55000,103000,89000,58000,78000,99000,109000,89000,61000,81000,101000,179000,102000,55000,208000,107000,110000,184000,137000,96000,283000,166000,128000,90000,69000,207000,193000,187000,203000,48000,181000,188000,149000,83000,70000,82000,73000,260000,8614000,125000,129000,178000,214000,86000,123000,125000,216000,92000,122000,147000,115000,144000,122000,55000,149000,126000,101000,89000,133000,118000,78000,69000,86000,58000,573000,144000,78000,108000,85000,116000,168000,135000,59000,158000,117000,141000,59000,74000,54000,59000,79000,127000,78000,113000,127000,113000,130000,109000,128000,164000,90000,140000,147000,66000,82000,59000,117000,124000,117000,127000,93000,127000,161000,115000,123000,143000,132000,91000,131000,151000,567000,98000,71000,225000,119000,200000,116000,89000,66000,188000,
refl: 62000,61000,41000,65000,61000,61000,65000,21000,64000,58000,17000,27000,17000,27000,19000,28000,19000,30000,17000,26000,18000,28000,36000,50000,19000,44000,68000,27000,85000,77000,87000,79000,54000,71000,35000,36000,31000,379000,49000,39000,31000,20000,23000,46000,55000,38000,54000,40000,33000,435000,57000,17000,38000,40000,38000,24000,39000,36000,56000,69000,19000,41000,64000,52000,20000,39000,52000,
symm: 143000,139000,149000,155000,147000,148000,162000,165000,148000,146000,148000,145000,246000,243000,309000,365000,189000,183000,192000,194000,232000,165000,208000,337000,391000,210000,177000,203000,190000,202000,182000,181000,220000,180000,253000,212000,194000,202000,
trans: 348000,352000,339000,288000,353000,370000,344000,289000,247000,257000,210000,189000,198000,261000,254000,208000,187000,194000,203000,199000,199000,253000,251000,212000,184000,203000,241000,251000,215000,199000,202000,211000,201000,192000,188000,202000,166000,247000,254000,211000,186000,196000,246000,257000,219000,192000,213000,202000,204000,224000,299000,189000,424000,249000,253000,186000,258000,259000,200000,476000,229000,223000,294000,304000,326000,263000,164000,344000,290000,298000,344000,243000,269000,259000,262000,210000,225000,258000,252000,215000,213000,296000,299000,330000,349000,272000,167000,356000,312000,344000,358000,283000,298000,288000,278000,220000,242000,304000,280000,332000,277000,232000,220000,240000,303000,271000,300000,264000,351000,273000,301000,277000,206000,191000,
choice: 36000,34000,35000,36000,34000,77000,
equiv1: 173000,217000,328000,161000,212000,276000,228000,685000,202000,199000,
equiv2: 164000,239000,212000,162000,262000,199000,296000,251000,199000,277000,219000,180000,
or_neg: 202000,246000,240000,246000,252000,210000,225000,204000,267000,288000,256000,258000,248000,266000,301000,277000,294000,237000,263000,238000,240000,202000,226000,404000,416000,410000,392000,399000,407000,416000,236000,271000,378000,387000,372000,373000,388000,390000,234000,264000,230000,261000,271000,281000,297000,269000,282000,220000,238000,201000,245000,261000,272000,
or_pos: 303000,335000,306000,355000,357000,276000,339000,284000,271000,330000,308000,308000,313000,300000,304000,300000,320000,258000,
and_neg: 266000,262000,410000,510000,439000,480000,301000,287000,
and_pos: 186000,198000,190000,193000,206000,196000,248000,232000,221000,262000,239000,263000,267000,253000,264000,245000,356000,416000,361000,352000,391000,362000,445000,457000,397000,402000,393000,427000,417000,386000,431000,399000,8743000,409000,417000,398000,416000,411000,402000,436000,440000,391000,419000,378000,385000,456000,522000,571000,420000,395000,414000,390000,450000,440000,459000,413000,436000,434000,461000,480000,444000,439000,490000,460000,274000,274000,284000,273000,227000,216000,223000,221000,
implies: 239000,325000,224000,219000,218000,216000,225000,223000,265000,255000,339000,306000,334000,255000,338000,348000,293000,211000,465000,446000,429000,428000,446000,438000,219000,212000,713000,211000,265000,272000,231000,229000,233000,
not_and: 255000,426000,
not_not: 177000,231000,197000,210000,236000,185000,
parsing: 64731000,
aci_simp: 1077000,1085000,1110000,1157000,1087000,1158000,1172000,
evaluate: 262000,252000,270000,326000,
ite_neg1: 305000,
ite_neg2: 243000,
ite_pos1: 274000,
ite_pos2: 289000,
onepoint: 1174000,1319000,
qnt_join: 354000,386000,
subproof: 1393000,1256000,1156000,1168000,1220000,1175000,1205000,1155000,1219000,1261000,1700000,1198000,1297000,1953000,1152000,1238000,1276000,1205000,1119000,1409000,1412000,1322000,1317000,1433000,1477000,1237000,1454000,1200000,1963000,1171000,1217000,1224000,1176000,1112000,1137000,
and_intro: 212000,217000,236000,348000,463000,397000,461000,559000,240000,210000,
equiv_pos1: 92000,108000,95000,
equiv_pos2: 211000,210000,315000,131000,131000,185000,82000,126000,149000,181000,77000,82000,129000,128000,193000,136000,107000,85000,160000,194000,334000,78000,29000,173000,216000,134000,136000,304000,109000,189000,192000,3326000,68000,109000,198000,74000,118000,126000,106000,232000,107000,78000,200000,456000,135000,159000,231000,217000,136000,133000,121000,79000,181000,177000,71000,151000,139000,181000,179000,74000,122000,134000,34000,178000,183000,74000,149000,137000,425000,216000,95000,198000,101000,176000,
not_equiv1: 278000,
not_equiv2: 292000,
reordering: 432000,363000,319000,448000,453000,252000,413000,422000,351000,447000,477000,474000,370000,312000,570000,676000,385000,491000,482000,507000,895000,920000,524000,347000,264000,466000,324000,400000,506000,2170000,2159000,579000,1087000,1079000,354000,523000,292000,402000,427000,727000,2086000,2073000,399000,360000,371000,2241000,356000,359000,2722000,359000,373000,485000,485000,443000,263000,313000,406000,404000,
resolution: 259000,237000,243000,255000,274000,306000,378000,410000,289000,218000,275000,311000,291000,271000,288000,350000,380000,406000,477000,471000,298000,370000,3043000,284000,230000,305000,320000,363000,351000,242000,328000,232000,295000,547000,1563000,490000,323000,326000,666000,242000,243000,343000,320000,374000,385000,247000,344000,228000,281000,322000,329000,620000,229000,243000,262000,309000,254000,236000,328000,324000,375000,407000,255000,341000,301000,364000,402000,406000,418000,374000,360000,286000,347000,323000,384000,340000,334000,475000,232000,656000,357000,472000,231000,259000,324000,415000,478000,509000,354000,245000,477000,460000,291000,288000,333000,306000,632000,228000,240000,289000,238000,438000,430000,707000,5412000,401000,364000,357000,313000,411000,481000,505000,339000,329000,402000,402000,353000,444000,408000,329000,273000,253000,520000,450000,383000,780000,248000,275000,256000,471000,402000,783000,233000,253000,274000,331000,506000,285000,8053000,470000,421000,448000,410000,372000,345000,351000,308000,354000,345000,309000,317000,337000,284000,290000,295000,376000,249000,278000,329000,336000,1186000,4305000,944000,563000,481000,1933000,280000,590000,496000,1946000,247000,228000,291000,265000,281000,553000,539000,460000,852000,266000,279000,266000,531000,465000,882000,252000,268000,271000,274000,312000,310000,311000,288000,373000,376000,388000,335000,376000,288000,251000,332000,914000,560000,527000,1880000,262000,277000,263000,354000,583000,503000,1860000,266000,282000,293000,261000,357000,229000,288000,375000,387000,234000,355000,379000,305000,374000,400000,303000,305000,343000,396000,280000,284000,1019000,3425000,413000,433000,528000,465000,1928000,242000,236000,287000,231000,343000,331000,369000,262000,343000,338000,299000,357000,353000,285000,303000,328000,372000,256000,296000,297000,1215000,843000,2307000,332000,277000,348000,371000,441000,235000,350000,390000,300000,354000,350000,288000,294000,332000,354000,248000,493000,530000,441000,424000,363000,555000,251000,413000,398000,547000,247000,252000,312000,402000,402000,423000,389000,370000,304000,328000,448000,494000,410000,350000,345000,498000,243000,250000,351000,339000,488000,227000,226000,272000,282000,
sko_forall: 1071000,1220000,1170000,1003000,1020000,1041000,1066000,1149000,
contraction: 319000,463000,341000,467000,270000,303000,334000,272000,304000,341000,275000,344000,328000,334000,340000,336000,371000,449000,389000,281000,332000,400000,439000,447000,392000,353000,433000,487000,452000,499000,488000,418000,365000,304000,290000,296000,1547000,597000,776000,592000,787000,550000,610000,547000,610000,624000,767000,577000,796000,313000,300000,1248000,554000,774000,323000,292000,1145000,1203000,318000,299000,454000,338000,360000,342000,360000,362000,342000,282000,404000,303000,333000,295000,310000,
forall_inst: 814000,821000,957000,933000,806000,770000,812000,730000,775000,811000,888000,960000,942000,826000,916000,938000,860000,801000,874000,814000,839000,993000,839000,926000,771000,832000,871000,1000000,844000,835000,847000,844000,865000,868000,880000,951000,798000,937000,948000,950000,896000,955000,856000,956000,863000,850000,766000,860000,762000,952000,849000,787000,843000,742000,949000,1007000,822000,735000,856000,764000,813000,860000,
implies_neg1: 324000,414000,295000,292000,321000,270000,271000,259000,320000,336000,403000,331000,419000,392000,329000,589000,538000,310000,244000,686000,696000,641000,655000,672000,668000,241000,234000,695000,238000,949000,372000,378000,288000,285000,301000,
implies_neg2: 292000,400000,271000,247000,286000,236000,281000,264000,299000,301000,441000,239000,423000,454000,330000,369000,370000,310000,224000,520000,504000,518000,507000,527000,477000,247000,439000,235000,972000,238000,318000,326000,288000,277000,279000,
__local_input: 197000,203000,207000,205000,213000,49000,51000,68000,71000,81000,106000,146000,54000,86000,86000,115000,195000,48000,81000,90000,59000,81000,104000,190000,148000,61000,86000,106000,93000,134000,137000,139000,138000,52000,38000,54000,38000,48000,56000,58000,68000,47000,75000,72000,122000,58000,52000,59000,58000,101000,126000,47000,40000,49000,42000,48000,42000,56000,66000,52000,51000,96000,125000,151000,115000,67000,73000,99000,91000,112000,127000,77000,63000,61000,68000,71000,99000,141000,75000,101000,84000,119000,127000,44000,46000,50000,114000,
qnt_rm_unused: 532000,1746000,494000,1938000,
connective_def: 295000,
equiv_simplify: 233000,264000,310000,323000,293000,226000,319000,258000,271000,288000,375000,359000,346000,314000,287000,345000,284000,277000,265000,276000,
implies_simplify: 402000,773000,
__normalized_input: 41058000,38976000,34200000,33994000,33787000,33878000,36269000,33211000,32373000,32485000,27648000,26396000,19651000,53759000,29179000,28486000,18674000,14528000,11966000,8489000,7491000,3099000,
rare_rewrite_eq-refl: 147000,144000,155000,155000,153000,
rare_rewrite_eq-symm: 165000,181000,170000,149000,248000,168000,144000,204000,205000,160000,136000,189000,164000,147000,198000,190000,162000,152000,194000,182000,172000,160000,144000,194000,186000,170000,144000,195000,176000,158000,219000,226000,161000,139000,209000,190000,179000,171000,153000,230000,185000,164000,137000,191000,171000,151000,202000,191000,172000,152000,202000,183000,182000,202000,297000,173000,156000,214000,188000,208000,297000,166000,222000,245000,213000,260000,
rare_rewrite_or-not-refl: 6666000,7108000,
rare_rewrite_bool-eq-true: 6270000,6219000,6526000,
rare_rewrite_bool-eq-false: 6314000,6144000,16290000,
rare_rewrite_bool-impl-elim: 6638000,6471000,6590000,6305000,6346000,6528000,6474000,6769000,6796000,6948000,
rare_rewrite_bool-impl-false1: 5594000,5887000,6230000,6502000,6739000,6644000,6771000,6211000,6570000,6352000,6849000,6313000,6634000,6392000,6836000,
rare_rewrite_bool-and-de-morgan: 6275000,5753000,6480000,6395000,8984000,6967000,6275000,6480000,7176000,6478000,
rare_rewrite_bool-double-not-elim: 159000,161000,164000,187000,234000,237000,265000,268000,197000,205000,179000,163000,176000,183000,214000,188000,226000,191000,233000,207000,239000,243000,175000,204000,

