1; Draft.Scratch_smt_check_7_11153; 2026-04-10 13:47:14.540;
bind: 482000,514000,484000,519000,534000,409000,597000,602000,537000,661000,625000,314000,315000,320000,319000,457000,482000,262000,272000,
cong: 192000,219000,158000,57000,89000,133000,58000,61000,49000,46000,71000,66000,57000,76000,299000,283000,322000,223000,135000,115000,94000,122000,189000,106000,106000,388000,136000,223000,236000,148000,184000,208000,104000,232000,97000,245000,243000,167000,102000,82000,78000,152000,100000,83000,73000,149000,294000,182000,224000,176000,162000,252000,112000,145000,124000,96000,163000,65000,301000,241000,76000,86000,69000,44000,43000,56000,54000,48000,74000,238000,58000,57000,47000,43000,81000,
refl: 21000,36000,734000,93000,59000,707000,79000,55000,59000,29000,52000,53000,41000,
symm: 264000,441000,594000,499000,681000,203000,410000,74000,126000,
trans: 397000,402000,6097000,615000,417000,436000,460000,446000,411000,328000,191000,460000,400000,450000,500000,378000,214000,525000,434000,542000,517000,354000,377000,293000,240000,289000,245000,340000,390000,287000,306000,303000,300000,322000,180000,212000,142000,164000,177000,167000,171000,109000,392000,394000,125000,91000,
equiv1: 368000,128000,
equiv2: 596000,139000,
or_pos: 300000,372000,
implies: 326000,252000,
not_not: 402000,
parsing: 41673000,
aci_simp: 1977000,1910000,1895000,2003000,2373000,1871000,1909000,1001000,1011000,
evaluate: 310000,310000,
onepoint: 2095000,2584000,
qnt_join: 488000,567000,
subproof: 2132000,1802000,
equiv_pos2: 318000,381000,398000,207000,233000,395000,171000,175000,340000,84000,57000,62000,245000,58000,
reordering: 412000,283000,599000,
resolution: 220000,326000,388000,252000,409000,420000,598000,605000,339000,471000,341000,314000,423000,468000,557000,529000,318000,466000,417000,539000,463000,351000,429000,515000,303000,303000,218000,262000,161000,157000,230000,238000,
contraction: 517000,385000,
forall_inst: 1105000,1431000,1362000,868000,794000,
implies_neg1: 412000,319000,
implies_neg2: 449000,369000,
__local_input: 142000,92000,
qnt_rm_unused: 696000,1987000,845000,3096000,
equiv_simplify: 781000,457000,206000,207000,
__normalized_input: 10511000,5459000,5610000,5403000,4372000,21975000,7077000,3503000,1064000,1170000,1000000,1386000,
rare_rewrite_eq-refl: 178000,173000,
rare_rewrite_eq-symm: 258000,649000,271000,182000,155000,214000,239000,227000,214000,335000,166000,103000,122000,378000,
rare_rewrite_or-not-refl: 12022000,12239000,
rare_rewrite_bool-eq-false: 6913000,7061000,
rare_rewrite_bool-impl-elim: 6534000,11867000,
rare_rewrite_bool-impl-false1: 11697000,11824000,7910000,5982000,6032000,6435000,
rare_rewrite_bool-and-de-morgan: 11812000,11881000,12213000,6088000,6396000,
rare_rewrite_bool-double-not-elim: 185000,176000,100000,99000,

