1; Draft.Scratch_smt_check_7_5647; 2026-04-10 13:46:05.758;
bind: 157000,171000,146000,168000,172000,148000,161000,182000,147000,163000,179000,161000,152000,165000,234000,300000,277000,226000,286000,308000,221000,155000,171000,142000,163000,169000,150000,288000,290000,237000,
cong: 101000,105000,104000,104000,87000,157000,88000,54000,102000,105000,104000,90000,106000,87000,157000,91000,53000,96000,167000,101000,238000,123000,66000,47000,100000,103000,90000,100000,79000,160000,88000,49000,98000,100000,111000,115000,106000,86000,156000,90000,52000,103000,211000,97000,239000,129000,70000,49000,108000,145000,76000,100000,104000,92000,104000,82000,165000,131000,75000,135000,162000,165000,137000,162000,146000,255000,134000,82000,134000,317000,173000,359000,221000,132000,79000,439000,165000,82000,72000,175000,284000,191000,173000,145000,168000,131000,240000,137000,47000,95000,104000,110000,95000,103000,85000,152000,89000,52000,96000,157000,97000,229000,159000,66000,44000,66000,104000,137000,149000,292000,97000,104000,89000,99000,81000,159000,91000,51000,100000,161000,165000,153000,161000,126000,219000,139000,86000,136000,301000,183000,395000,202000,116000,79000,116000,364000,
ite1: 139000,
ite2: 73000,
refl: 26000,22000,19000,23000,20000,21000,35000,23000,20000,19000,27000,22000,21000,40000,23000,22000,20000,39000,30000,28000,66000,68000,45000,36000,28000,60000,71000,44000,54000,29000,25000,21000,20000,36000,36000,43000,19000,22000,18000,41000,22000,19000,17000,24000,38000,35000,52000,36000,62000,64000,75000,101000,
symm: 117000,117000,128000,107000,107000,
true: 123000,
trans: 128000,139000,128000,109000,109000,124000,86000,136000,145000,138000,102000,105000,121000,91000,176000,101000,140000,136000,130000,99000,112000,115000,76000,141000,147000,138000,120000,125000,123000,83000,181000,111000,128000,130000,133000,80000,127000,136000,169000,127000,109000,139000,115000,121000,244000,263000,259000,187000,191000,189000,127000,313000,189000,168000,271000,325000,239000,191000,216000,213000,73000,130000,136000,134000,106000,119000,121000,79000,172000,97000,105000,131000,139000,134000,75000,130000,137000,138000,126000,99000,104000,115000,82000,252000,248000,279000,189000,212000,196000,134000,413000,180000,279000,
equiv1: 182000,129000,64000,230000,373000,224000,130000,60000,246000,
equiv2: 225000,
or_neg: 183000,176000,168000,176000,319000,303000,307000,
and_pos: 129000,126000,109000,124000,135000,124000,110000,119000,257000,236000,292000,128000,131000,120000,
implies: 133000,88000,134000,181000,230000,134000,130000,169000,126000,
not_and: 189000,301000,
parsing: 71740000,
evaluate: 239000,227000,216000,260000,261000,124000,152000,191000,209000,339000,359000,208000,228000,208000,130000,143000,196000,209000,238000,327000,
subproof: 1109000,1007000,1007000,1111000,1107000,2007000,1932000,1841000,1120000,1114000,2156000,
and_intro: 75000,135000,81000,129000,
poly_simp: 1596000,1626000,1647000,1626000,2271000,3174000,2253000,6107000,2807000,4130000,3651000,3091000,2835000,1550000,2300000,2454000,1706000,2295000,1606000,2841000,4609000,
equiv_pos1: 39000,
equiv_pos2: 82000,102000,81000,104000,262000,247000,34000,91000,102000,83000,106000,258000,388000,74000,101000,74000,136000,194000,134000,193000,566000,482000,316000,274000,291000,70000,137000,102000,78000,108000,264000,241000,65000,97000,76000,80000,102000,162000,192000,580000,447000,314000,
la_generic: 4116000,6130000,7774000,6618000,
reordering: 512000,605000,763000,481000,
resolution: 176000,175000,215000,160000,231000,260000,253000,295000,381000,352000,197000,253000,268000,458000,1457000,202000,212000,262000,240000,825000,106000,166000,197000,202000,152000,244000,140000,126000,199000,205000,156000,136000,182000,170000,247000,247000,269000,293000,364000,352000,197000,238000,270000,217000,390000,373000,876000,167000,231000,256000,439000,477000,627000,694000,321000,381000,411000,378000,410000,368000,333000,616000,811000,365000,342000,430000,379000,1034000,190000,294000,324000,312000,262000,406000,225000,337000,347000,300000,406000,425000,254000,283000,368000,370000,198000,226000,266000,214000,164000,145000,195000,361000,357000,687000,166000,238000,251000,250000,285000,374000,20144000,352000,396000,397000,348000,
contraction: 271000,374000,179000,240000,147000,277000,268000,364000,497000,545000,342000,496000,223000,271000,293000,290000,284000,
forall_inst: 729000,734000,1282000,764000,1405000,
la_mult_neg: 176000,196000,
implies_neg1: 240000,244000,128000,188000,421000,483000,228000,119000,178000,469000,506000,
implies_neg2: 253000,137000,100000,291000,263000,483000,239000,179000,266000,256000,289000,
__local_input: 49000,52000,37000,20000,21000,20000,20000,95000,37000,40000,31000,31000,48000,32000,23000,22000,30000,135000,49000,50000,71000,
comp_simplify: 1314000,1292000,
poly_simp_rel: 968000,1724000,1667000,1794000,919000,1202000,1848000,
equiv_simplify: 137000,413000,207000,128000,493000,
la_disequality: 36000,
implies_simplify: 259000,190000,473000,317000,
__normalized_input: 1616000,876000,995000,
rare_rewrite_ite-eq: 11960000,
rare_rewrite_eq-refl: 98000,106000,206000,163000,93000,95000,194000,169000,
rare_rewrite_eq-symm: 97000,129000,112000,80000,110000,126000,110000,73000,141000,96000,125000,103000,91000,97000,130000,111000,78000,135000,101000,127000,110000,135000,185000,252000,188000,133000,261000,192000,247000,197000,77000,110000,147000,108000,75000,133000,95000,124000,109000,79000,222000,229000,190000,164000,278000,
rare_rewrite_bool-eq-true: 5975000,6020000,11374000,5741000,12194000,
rare_rewrite_ite-not-cond: 6978000,5761000,5713000,5816000,5694000,10960000,18268000,5691000,5795000,11230000,
rare_rewrite_arith-elim-lt: 5816000,5885000,5673000,6160000,6150000,6267000,10944000,10890000,10938000,17501000,5655000,5859000,6131000,6106000,10869000,
rare_rewrite_arith-leq-norm: 5854000,5802000,6007000,6312000,11027000,11053000,5750000,5758000,6016000,11103000,
rare_rewrite_bool-double-not-elim: 105000,107000,149000,115000,186000,195000,134000,102000,110000,108000,213000,190000,160000,

