1; Draft.Scratch_smt_check_7_2069; 2026-04-10 13:46:09.442;
bind: 301000,308000,252000,222000,244000,257000,439000,266000,212000,279000,
cong: 121000,129000,128000,89000,146000,140000,90000,143000,203000,127000,260000,187000,107000,184000,175000,116000,94000,167000,158000,123000,267000,154000,76000,92000,57000,97000,70000,119000,66000,48000,71000,64000,48000,76000,60000,37000,63000,39000,50000,63000,52000,74000,103000,62000,87000,104000,68000,147000,83000,152000,162000,104000,111000,77000,171000,126000,126000,111000,68000,74000,100000,92000,431000,
refl: 23000,38000,54000,36000,47000,22000,29000,59000,27000,20000,20000,20000,16000,24000,48000,34000,46000,36000,24000,41000,65000,95000,
symm: 138000,80000,62000,157000,193000,112000,156000,115000,
trans: 226000,247000,166000,194000,221000,238000,202000,185000,216000,348000,242000,263000,327000,163000,177000,187000,135000,153000,162000,140000,160000,230000,105000,124000,112000,108000,115000,181000,149000,210000,212000,
equiv1: 103000,294000,
equiv2: 138000,160000,251000,
or_neg: 130000,188000,197000,204000,213000,211000,
or_pos: 251000,
and_neg: 143000,
and_pos: 124000,100000,92000,118000,377000,358000,356000,355000,357000,329000,444000,402000,347000,361000,
implies: 213000,152000,204000,113000,120000,634000,
not_and: 231000,
not_not: 182000,
parsing: 32011000,
aci_simp: 1877000,1029000,983000,1055000,
evaluate: 334000,
subproof: 2031000,1237000,1110000,1071000,1066000,2154000,2413000,
and_intro: 101000,400000,
equiv_pos2: 82000,178000,160000,243000,138000,150000,192000,296000,73000,79000,54000,55000,50000,41000,39000,157000,106000,139000,49000,141000,103000,74000,460000,
reordering: 191000,333000,249000,257000,243000,163000,327000,941000,2042000,
resolution: 420000,335000,304000,274000,392000,442000,445000,443000,329000,378000,381000,392000,433000,259000,298000,347000,224000,281000,170000,225000,192000,299000,342000,374000,232000,153000,139000,149000,210000,178000,275000,222000,217000,338000,138000,176000,226000,233000,354000,180000,203000,646000,2023000,228000,241000,333000,299000,16860000,268000,260000,405000,307000,317000,280000,526000,811000,791000,2169000,330000,329000,395000,
contraction: 348000,240000,295000,163000,187000,187000,195000,623000,256000,345000,831000,1046000,
forall_inst: 1197000,713000,778000,
implies_neg1: 264000,224000,264000,162000,156000,553000,835000,
implies_neg2: 267000,209000,290000,156000,149000,191000,805000,
__local_input: 61000,57000,47000,16000,23000,20000,28000,48000,27000,41000,43000,77000,25000,42000,56000,38000,80000,
equiv_simplify: 206000,181000,361000,385000,
implies_simplify: 395000,
__normalized_input: 6700000,6490000,5650000,5011000,3830000,2959000,2058000,823000,914000,
rare_rewrite_eq-symm: 194000,189000,202000,482000,209000,175000,128000,188000,120000,226000,85000,211000,107000,104000,100000,98000,233000,187000,
rare_rewrite_bool-impl-false1: 6469000,6677000,6898000,5846000,5841000,6337000,
rare_rewrite_bool-and-de-morgan: 7399000,7050000,5783000,5869000,
rare_rewrite_bool-double-not-elim: 167000,171000,164000,71000,73000,82000,183000,

