1; Draft.Scratch_smt_check_7_25059; 2026-04-10 13:46:45.601;
bind: 363000,368000,315000,336000,242000,263000,481000,511000,540000,487000,596000,574000,559000,618000,243000,265000,257000,301000,323000,299000,360000,368000,
cong: 146000,168000,254000,248000,185000,156000,167000,173000,184000,173000,56000,268000,87000,297000,80000,288000,116000,214000,189000,182000,145000,134000,128000,224000,267000,255000,261000,295000,317000,138000,60000,156000,57000,150000,54000,176000,64000,140000,135000,146000,85000,84000,78000,145000,140000,68000,158000,
refl: 104000,23000,120000,77000,83000,28000,27000,34000,727000,49000,39000,46000,45000,48000,41000,47000,45000,871000,52000,44000,49000,39000,46000,146000,85000,28000,25000,32000,613000,28000,23000,26000,25000,27000,23000,26000,27000,535000,30000,25000,28000,31000,30000,
symm: 110000,421000,470000,499000,574000,239000,277000,278000,334000,
trans: 344000,376000,339000,348000,356000,317000,322000,315000,327000,333000,255000,225000,294000,257000,252000,245000,234000,234000,217000,209000,212000,93000,254000,243000,264000,393000,530000,420000,166000,543000,465000,496000,469000,515000,403000,400000,465000,370000,399000,394000,347000,295000,597000,454000,400000,522000,446000,461000,484000,469000,421000,398000,221000,223000,96000,272000,246000,263000,228000,256000,235000,89000,305000,270000,282000,259000,301000,239000,231000,217000,213000,221000,223000,223000,
choice: 64000,
equiv1: 130000,
equiv2: 120000,
or_neg: 185000,205000,163000,329000,440000,272000,180000,204000,169000,
or_pos: 619000,413000,382000,
and_neg: 213000,
and_pos: 241000,524000,336000,276000,278000,
implies: 157000,324000,152000,
parsing: 57921000,
aci_simp: 1210000,1273000,1220000,1141000,1017000,1908000,1945000,2144000,1948000,1806000,1822000,1809000,1032000,1060000,1080000,1167000,1123000,1003000,993000,1021000,
evaluate: 209000,302000,223000,207000,
onepoint: 1517000,3508000,1957000,1886000,
qnt_join: 465000,541000,280000,316000,
subproof: 1059000,2082000,1077000,
equiv_pos2: 145000,166000,34000,235000,527000,263000,310000,278000,156000,144000,173000,
reordering: 240000,356000,1108000,728000,489000,560000,564000,699000,581000,387000,252000,
resolution: 189000,179000,284000,322000,162000,245000,278000,267000,182000,203000,243000,198000,186000,341000,218000,172000,306000,216000,278000,317000,357000,506000,678000,513000,455000,436000,647000,262000,270000,313000,506000,378000,544000,574000,528000,304000,341000,164000,258000,277000,283000,250000,
sko_forall: 2235000,1314000,
contraction: 274000,234000,520000,463000,465000,282000,234000,
forall_inst: 712000,842000,1704000,1015000,847000,
implies_neg1: 210000,206000,222000,
implies_neg2: 193000,333000,191000,
__local_input: 52000,53000,23000,38000,
qnt_rm_unused: 619000,1656000,742000,2821000,350000,1051000,412000,1620000,
equiv_simplify: 199000,213000,
miniscope_split: 492000,321000,329000,
__normalized_input: 3116000,1813000,683000,832000,637000,
rare_rewrite_eq-refl: 87000,149000,87000,93000,
rare_rewrite_eq-symm: 136000,150000,153000,98000,108000,143000,
rare_rewrite_or-not-refl: 13827000,11645000,6655000,6489000,
rare_rewrite_bool-eq-false: 5705000,
rare_rewrite_bool-impl-elim: 6538000,
rare_rewrite_bool-impl-false1: 11148000,11921000,6451000,6996000,
rare_rewrite_bool-or-de-morgan: 6004000,11625000,
rare_rewrite_bool-and-de-morgan: 6071000,6503000,6211000,11125000,11507000,11934000,11420000,11840000,6349000,6406000,6493000,6752000,
rare_rewrite_bool-double-not-elim: 129000,129000,282000,235000,134000,

