1; Draft.Scratch_smt_check_7_1474; 2026-04-10 13:46:46.178;
and: 99000,163000,156000,
bind: 215000,328000,309000,230000,246000,187000,226000,189000,251000,206000,136000,153000,163000,233000,229000,211000,187000,389000,345000,215000,324000,288000,421000,365000,404000,351000,228000,289000,297000,452000,358000,112000,224000,218000,
cong: 365000,371000,126000,89000,293000,229000,86000,182000,161000,165000,214000,88000,89000,168000,87000,53000,127000,133000,82000,436000,144000,282000,136000,73000,231000,212000,101000,151000,276000,151000,80000,235000,206000,70000,260000,405000,491000,283000,125000,92000,128000,100000,369000,375000,120000,289000,
refl: 73000,32000,131000,34000,29000,305000,68000,79000,40000,53000,47000,520000,113000,133000,71000,50000,556000,123000,130000,60000,32000,65000,141000,33000,33000,75000,
symm: 131000,172000,93000,237000,290000,214000,251000,293000,61000,146000,
trans: 137000,156000,128000,298000,278000,296000,121000,204000,213000,215000,227000,208000,183000,193000,181000,186000,209000,131000,107000,76000,154000,145000,148000,146000,230000,152000,93000,329000,437000,349000,398000,248000,180000,114000,245000,224000,238000,266000,462000,301000,209000,175000,330000,366000,348000,450000,253000,194000,126000,247000,323000,272000,284000,508000,291000,155000,140000,158000,130000,134000,164000,131000,
choice: 97000,
equiv1: 206000,96000,365000,
equiv2: 119000,115000,147000,211000,209000,
or_neg: 203000,251000,322000,226000,157000,164000,167000,360000,350000,349000,369000,394000,418000,229000,331000,227000,224000,203000,231000,202000,
or_pos: 384000,302000,210000,207000,406000,218000,195000,669000,228000,398000,
and_neg: 233000,
and_pos: 149000,145000,167000,273000,288000,391000,339000,292000,330000,306000,376000,295000,254000,214000,272000,
implies: 344000,255000,151000,219000,350000,363000,379000,342000,
not_and: 169000,232000,
not_not: 121000,280000,171000,
parsing: 79349000,
aci_simp: 1052000,1325000,1056000,1027000,930000,947000,1649000,1732000,1664000,1777000,1120000,1238000,
evaluate: 178000,180000,256000,342000,275000,
onepoint: 912000,1651000,1768000,
qnt_join: 173000,323000,336000,
subproof: 1814000,1514000,1383000,1134000,2132000,2102000,2216000,1371000,1275000,1842000,
and_intro: 269000,340000,
equiv_pos1: 169000,160000,
equiv_pos2: 451000,166000,140000,339000,258000,132000,139000,163000,26000,276000,135000,129000,268000,309000,266000,168000,72000,199000,269000,511000,303000,150000,147000,510000,116000,32000,275000,
reordering: 632000,655000,495000,578000,397000,242000,287000,440000,1092000,528000,1003000,590000,1012000,328000,232000,816000,367000,277000,351000,818000,616000,673000,494000,
resolution: 180000,200000,234000,269000,338000,434000,537000,597000,383000,265000,351000,296000,225000,290000,425000,469000,297000,230000,282000,282000,181000,223000,248000,412000,485000,305000,355000,236000,191000,307000,415000,443000,341000,193000,219000,263000,225000,205000,257000,292000,182000,263000,176000,164000,362000,366000,209000,196000,234000,221000,539000,145000,177000,151000,176000,199000,353000,394000,1039000,285000,234000,298000,843000,2663000,819000,515000,510000,1141000,275000,250000,323000,341000,378000,436000,252000,408000,510000,496000,1241000,256000,251000,302000,352000,383000,477000,250000,427000,153000,227000,560000,656000,724000,571000,460000,435000,467000,449000,497000,265000,327000,306000,665000,149000,181000,248000,263000,270000,362000,286000,452000,561000,629000,385000,289000,213000,369000,345000,183000,289000,
sko_forall: 2556000,
contraction: 542000,376000,453000,237000,291000,191000,238000,305000,8810000,940000,483000,565000,477000,556000,640000,601000,416000,473000,358000,432000,535000,
forall_inst: 873000,1024000,1084000,850000,754000,741000,1046000,753000,747000,630000,694000,676000,1197000,1206000,1138000,1391000,1251000,1426000,657000,750000,1102000,1251000,1067000,
implies_neg1: 413000,347000,224000,211000,579000,259000,341000,531000,442000,406000,
implies_neg2: 572000,426000,217000,152000,306000,381000,388000,536000,246000,570000,
__local_input: 61000,54000,48000,20000,20000,25000,26000,46000,48000,20000,25000,26000,28000,19000,34000,120000,59000,36000,20000,52000,
qnt_rm_unused: 234000,1115000,427000,1644000,425000,1680000,
connective_def: 310000,
equiv_simplify: 191000,200000,278000,178000,358000,307000,
implies_simplify: 285000,511000,
__normalized_input: 4463000,24798000,8678000,6790000,5254000,3522000,2870000,2399000,1479000,1169000,1294000,1192000,1258000,
miniscope_distribute: 355000,671000,679000,
rare_rewrite_eq-refl: 68000,106000,135000,
rare_rewrite_eq-symm: 202000,95000,103000,150000,161000,211000,214000,92000,233000,
rare_rewrite_or-not-refl: 6495000,11282000,13292000,
rare_rewrite_bool-impl-elim: 6965000,7204000,6678000,6785000,6524000,6563000,11919000,12477000,12177000,6937000,7665000,7885000,
rare_rewrite_bool-or-de-morgan: 6249000,11782000,9313000,
rare_rewrite_bool-and-de-morgan: 6527000,6722000,6606000,7125000,7090000,7820000,
rare_rewrite_bool-or-and-distrib: 6370000,11817000,12182000,
rare_rewrite_bool-double-not-elim: 95000,191000,106000,214000,93000,375000,110000,109000,119000,263000,

