1; Draft.Scratch_smt_check_7_12057; 2026-04-10 13:46:45.833;
bind: 330000,448000,432000,412000,464000,424000,433000,
cong: 265000,120000,245000,97000,132000,207000,211000,166000,176000,266000,118000,242000,93000,126000,209000,212000,167000,171000,781000,524000,153000,
refl: 45000,167000,45000,269000,
trans: 395000,407000,374000,359000,409000,310000,311000,310000,387000,392000,352000,361000,356000,305000,308000,302000,894000,296000,
or_pos: 621000,504000,
implies: 403000,
parsing: 54221000,
aci_simp: 1201000,1209000,2358000,
evaluate: 309000,
subproof: 2049000,
equiv_pos2: 171000,450000,532000,1076000,
reordering: 1023000,809000,
resolution: 201000,257000,317000,269000,358000,391000,457000,656000,782000,454000,420000,
contraction: 705000,
forall_inst: 897000,1994000,
implies_neg1: 1242000,
implies_neg2: 742000,
__local_input: 229000,
connective_def: 483000,911000,
__normalized_input: 1323000,1250000,1190000,960000,1531000,1578000,
rare_rewrite_eq-refl: 308000,
rare_rewrite_eq-symm: 220000,226000,
rare_rewrite_bool-impl-elim: 6301000,
rare_rewrite_bool-and-de-morgan: 6369000,7973000,6665000,6305000,6582000,27174000,
rare_rewrite_bool-double-not-elim: 347000,349000,

