1; Draft.Scratch_smt_check_7_27556; 2026-04-10 13:51:44.976;
bind: 739000,641000,322000,339000,
cong: 218000,227000,267000,121000,148000,152000,165000,98000,91000,225000,214000,187000,102000,96000,133000,96000,94000,133000,75000,116000,90000,62000,68000,
refl: 35000,29000,48000,29000,29000,18000,
symm: 250000,315000,148000,194000,134000,
trans: 588000,549000,493000,302000,
and_neg: 475000,
and_pos: 803000,755000,715000,750000,831000,
implies: 354000,911000,347000,
parsing: 3628000,
subproof: 2112000,2592000,1117000,
equiv_pos2: 260000,259000,407000,142000,179000,
reordering: 1328000,3496000,
resolution: 659000,618000,390000,510000,579000,558000,445000,419000,416000,577000,1365000,1063000,902000,2687000,462000,402000,521000,342000,298000,261000,231000,361000,
contraction: 529000,1147000,1409000,502000,
forall_inst: 1330000,1516000,1556000,1626000,793000,981000,
implies_neg1: 503000,324000,679000,
implies_neg2: 414000,1073000,228000,
__local_input: 182000,142000,56000,59000,123000,42000,145000,
__normalized_input: 4459000,849000,612000,605000,612000,810000,
rare_rewrite_eq-symm: 558000,331000,462000,172000,262000,

