1; Draft.Scratch_smt_check_7_11281; 2026-04-10 13:45:55.064;
bind: 354000,424000,315000,400000,392000,227000,286000,
cong: 234000,65000,206000,192000,126000,93000,150000,118000,
refl: 79000,435000,48000,42000,57000,
symm: 118000,157000,306000,370000,112000,127000,
false: 12000,
trans: 146000,121000,295000,309000,308000,277000,95000,360000,305000,327000,329000,282000,273000,145000,118000,211000,217000,
choice: 87000,
equiv1: 150000,
equiv2: 130000,105000,138000,
or_neg: 147000,
or_pos: 286000,290000,
not_not: 121000,155000,
parsing: 22916000,
aci_simp: 1515000,1218000,1210000,1175000,
evaluate: 250000,262000,
not_symm: 88000,
onepoint: 1767000,
qnt_join: 351000,
equiv_pos2: 258000,172000,105000,47000,
reordering: 336000,390000,
resolution: 135000,167000,177000,191000,207000,183000,261000,295000,269000,296000,344000,181000,159000,199000,261000,242000,319000,299000,240000,
sko_forall: 1181000,
forall_inst: 746000,896000,876000,801000,819000,
qnt_rm_unused: 485000,2925000,
equiv_simplify: 204000,190000,243000,223000,
__normalized_input: 27237000,7511000,6131000,5835000,5849000,5556000,5513000,1004000,1066000,
rare_rewrite_eq-refl: 104000,
rare_rewrite_eq-symm: 141000,
rare_rewrite_or-not-refl: 7129000,
rare_rewrite_bool-impl-elim: 7069000,6903000,7070000,
rare_rewrite_bool-and-de-morgan: 6765000,6560000,

