1; Draft.Scratch_smt_check_7_31544; 2026-04-10 13:45:55.806;
bind: 575000,589000,531000,650000,621000,328000,548000,586000,516000,728000,377000,215000,187000,353000,305000,315000,322000,196000,181000,343000,304000,320000,333000,195000,198000,
cong: 290000,82000,346000,334000,240000,284000,88000,326000,190000,159000,297000,192000,119000,96000,98000,136000,148000,110000,86000,263000,165000,186000,171000,169000,149000,197000,132000,109000,74000,134000,144000,107000,90000,165000,164000,184000,172000,171000,141000,184000,128000,118000,74000,324000,115000,121000,116000,104000,192000,
refl: 63000,130000,1069000,88000,65000,64000,129000,983000,84000,42000,30000,37000,38000,26000,75000,43000,38000,34000,36000,27000,74000,50000,41000,35000,42000,
symm: 161000,225000,509000,626000,553000,614000,143000,72000,240000,78000,251000,161000,
false: 17000,
trans: 194000,153000,500000,516000,530000,434000,135000,562000,506000,518000,559000,420000,516000,482000,510000,523000,419000,126000,552000,481000,480000,565000,426000,471000,128000,325000,292000,306000,272000,254000,336000,283000,266000,250000,181000,157000,315000,303000,282000,287000,256000,239000,276000,270000,252000,167000,147000,175000,109000,148000,148000,
choice: 78000,
equiv1: 259000,
equiv2: 207000,101000,231000,
or_neg: 212000,
or_pos: 257000,487000,
implies: 495000,272000,
not_not: 110000,190000,
parsing: 65331000,
aci_simp: 2300000,2175000,2435000,2108000,2169000,2201000,993000,
evaluate: 305000,296000,329000,
not_symm: 75000,
onepoint: 2758000,2648000,
qnt_join: 589000,643000,305000,315000,
subproof: 3197000,1743000,
equiv_pos2: 485000,249000,389000,255000,250000,372000,159000,220000,66000,
reordering: 227000,725000,
resolution: 174000,244000,328000,266000,272000,292000,268000,491000,473000,463000,494000,621000,798000,819000,432000,507000,169000,179000,143000,187000,162000,207000,342000,325000,449000,453000,245000,350000,360000,
sko_forall: 2065000,
contraction: 811000,424000,
forall_inst: 1252000,1306000,906000,914000,
or_simplify: 465000,
implies_neg1: 367000,397000,
implies_neg2: 676000,376000,
__local_input: 85000,82000,
qnt_rm_unused: 896000,4356000,838000,4181000,181000,174000,
equiv_simplify: 319000,196000,398000,354000,
miniscope_split: 438000,383000,
__normalized_input: 6848000,2273000,1762000,1388000,1390000,1169000,1013000,
miniscope_distribute: 314000,318000,
rare_rewrite_eq-refl: 128000,162000,82000,
rare_rewrite_eq-symm: 130000,79000,121000,117000,108000,110000,102000,148000,
rare_rewrite_or-not-refl: 13042000,12281000,
rare_rewrite_bool-eq-false: 6337000,28114000,
rare_rewrite_bool-impl-elim: 12240000,11847000,9222000,6359000,6992000,6450000,
rare_rewrite_bool-impl-false1: 6426000,6871000,6717000,6750000,
rare_rewrite_bool-and-de-morgan: 12606000,11826000,6691000,6644000,
rare_rewrite_bool-double-not-elim: 238000,109000,241000,108000,

