1; Draft.Scratch_smt_check_7_30049; 2026-04-10 13:50:55.813;
cong: 80000,77000,36000,70000,88000,81000,126000,88000,
symm: 110000,106000,116000,
false: 13000,
trans: 122000,121000,121000,122000,118000,132000,123000,130000,132000,134000,123000,
equiv1: 106000,
implies: 139000,
parsing: 1782000,
evaluate: 295000,158000,251000,276000,384000,
and_intro: 106000,
poly_simp: 2243000,1688000,2263000,
equiv_pos2: 57000,61000,55000,55000,81000,
la_generic: 5441000,
resolution: 128000,176000,214000,181000,195000,250000,175000,189000,252000,
la_mult_neg: 230000,
poly_simp_rel: 953000,969000,
equiv_simplify: 179000,
__normalized_input: 458000,609000,
rare_rewrite_arith-elim-gt: 5610000,
rare_rewrite_arith-elim-lt: 5534000,5431000,5905000,
rare_rewrite_arith-elim-leq: 5402000,5605000,
rare_rewrite_bool-double-not-elim: 126000,

