1; Draft.Scratch_smt_check_7_31163; 2026-04-10 13:50:54.439;
bind: 183000,252000,257000,256000,256000,261000,232000,259000,190000,406000,528000,477000,484000,269000,258000,264000,263000,200000,
cong: 95000,116000,67000,95000,170000,128000,61000,105000,118000,66000,110000,168000,129000,60000,99000,246000,140000,157000,81000,128000,83000,157000,180000,71000,215000,286000,176000,207000,118000,204000,115000,151000,309000,234000,94000,153000,110000,63000,97000,170000,133000,59000,104000,287000,149000,85000,79000,116000,101000,228000,
refl: 28000,51000,29000,44000,47000,49000,106000,27000,45000,46000,51000,43000,
symm: 130000,161000,258000,271000,345000,356000,339000,252000,130000,162000,
trans: 162000,237000,239000,214000,172000,226000,230000,218000,153000,177000,182000,215000,323000,270000,276000,254000,423000,416000,414000,350000,496000,301000,330000,300000,461000,437000,435000,319000,225000,227000,226000,164000,141000,169000,214000,165000,
equiv1: 494000,282000,263000,
or_neg: 9704000,470000,462000,
or_pos: 273000,385000,248000,289000,
and_pos: 401000,407000,399000,
implies: 316000,335000,242000,
not_and: 414000,
parsing: 28259000,
evaluate: 610000,450000,539000,896000,854000,
subproof: 1353000,2433000,2386000,1262000,
and_intro: 272000,
poly_simp: 3055000,2189000,2930000,2952000,2595000,4780000,3803000,5117000,6783000,9875000,4712000,2855000,2232000,3082000,
equiv_pos2: 65000,93000,145000,145000,320000,53000,69000,104000,108000,110000,167000,137000,173000,227000,123000,156000,140000,145000,302000,54000,73000,108000,77000,210000,
la_generic: 17572000,
reordering: 372000,352000,1076000,307000,347000,
resolution: 243000,304000,195000,261000,286000,319000,391000,416000,465000,471000,294000,376000,291000,232000,244000,289000,314000,264000,498000,676000,501000,613000,576000,1343000,294000,562000,411000,400000,420000,503000,386000,576000,392000,439000,493000,405000,447000,390000,556000,450000,540000,397000,451000,562000,704000,367000,426000,470000,282000,332000,307000,230000,237000,283000,303000,235000,
contraction: 452000,469000,573000,609000,383000,361000,
forall_inst: 796000,902000,862000,812000,1479000,865000,776000,718000,
la_mult_neg: 569000,
implies_neg1: 341000,293000,314000,280000,
implies_neg2: 343000,373000,256000,315000,
__local_input: 234000,173000,242000,59000,96000,115000,
poly_simp_rel: 1148000,1224000,1128000,1101000,1335000,2212000,2102000,2112000,2137000,2010000,1227000,1208000,1133000,
equiv_simplify: 406000,
implies_simplify: 671000,438000,
__normalized_input: 8423000,7962000,1137000,895000,764000,597000,571000,803000,
rare_rewrite_eq-symm: 130000,122000,175000,148000,266000,122000,159000,150000,
rare_rewrite_arith-elim-gt: 13453000,14909000,
rare_rewrite_arith-elim-lt: 7282000,7425000,8060000,12777000,13968000,9691000,7741000,
rare_rewrite_arith-elim-leq: 12991000,7000000,
rare_rewrite_bool-impl-elim: 7892000,7239000,7233000,13603000,6972000,7516000,
rare_rewrite_bool-double-not-elim: 191000,185000,149000,389000,200000,178000,174000,

