1; Draft.Scratch_smt_check_7_26455; 2026-04-10 13:51:03.148;
bind: 401000,405000,230000,219000,404000,398000,378000,472000,222000,246000,252000,448000,518000,
cong: 92000,69000,166000,71000,74000,124000,109000,650000,905000,344000,2347000,375000,106000,75000,92000,66000,171000,69000,76000,130000,115000,156000,67000,73000,117000,71000,132000,63000,70000,82000,62000,93000,103000,4945000,224000,243000,223000,238000,353000,359000,368000,360000,273000,222000,238000,515000,358000,364000,1135000,283000,226000,111000,87000,223000,111000,81000,446000,215000,363000,120000,92000,164000,169000,155000,78000,167000,65000,71000,125000,123000,168000,639000,757000,477000,3017000,433000,391000,261000,110000,78000,210000,68000,206000,113000,106000,132000,213000,174000,287000,180000,68000,76000,84000,79000,173000,275000,105000,90000,240000,111000,88000,499000,221000,332000,121000,93000,237000,109000,87000,236000,107000,83000,461000,217000,286000,122000,93000,287000,114000,79000,82000,78000,65000,177000,89000,118000,5001000,376000,233000,186000,178000,169000,175000,117000,209000,190000,276000,630000,402000,267000,293000,
refl: 60000,30000,58000,46000,67000,86000,37000,43000,60000,22000,20000,149000,125000,205000,222000,123000,54000,25000,45000,77000,29000,34000,34000,84000,72000,49000,58000,69000,20000,55000,55000,21000,25000,162000,43000,80000,70000,
symm: 239000,605000,286000,136000,428000,238000,612000,588000,174000,276000,142000,216000,186000,328000,233000,185000,244000,574000,565000,694000,616000,228000,554000,238000,621000,278000,151000,430000,240000,556000,579000,579000,609000,178000,293000,167000,241000,182000,349000,218000,163000,166000,281000,269000,308000,
trans: 608000,328000,227000,152000,1110000,972000,990000,185000,951000,843000,594000,193000,409000,230000,172000,371000,183000,166000,412000,432000,179000,174000,359000,406000,393000,377000,393000,549000,658000,626000,564000,616000,585000,390000,364000,389000,550000,563000,582000,403000,440000,327000,248000,272000,325000,244000,337000,407000,635000,321000,226000,154000,1011000,959000,1014000,173000,950000,692000,570000,567000,618000,588000,614000,591000,270000,521000,244000,197000,450000,486000,459000,190000,178000,337000,251000,279000,334000,254000,300000,429000,537000,322000,251000,276000,315000,255000,268000,541000,482000,410000,441000,178000,161000,151000,444000,447000,288000,299000,
equiv1: 1521000,589000,124000,1453000,575000,534000,1598000,554000,132000,
equiv2: 420000,411000,
or_neg: 1105000,1141000,1051000,1021000,1087000,1051000,1023000,1025000,1028000,999000,1056000,1004000,994000,1055000,1098000,794000,812000,795000,789000,1119000,1226000,1054000,1042000,1157000,1071000,1077000,1047000,1043000,1020000,1028000,1027000,1107000,1069000,1100000,196000,383000,
and_neg: 1502000,
and_pos: 998000,841000,953000,1012000,953000,1456000,1553000,1459000,1338000,1381000,1421000,1356000,1386000,1330000,1348000,1372000,1320000,1345000,1369000,1491000,309000,326000,338000,553000,510000,991000,974000,992000,998000,1005000,889000,944000,1053000,852000,946000,1061000,873000,1479000,1557000,1372000,1409000,1385000,1433000,1574000,1378000,1375000,1334000,1351000,1334000,1359000,1459000,1490000,339000,332000,339000,557000,517000,632000,710000,683000,577000,597000,627000,
implies: 288000,644000,311000,2070000,340000,704000,1582000,375000,186000,191000,183000,470000,603000,2156000,385000,204000,198000,371000,698000,401000,186000,317000,188000,740000,402000,622000,370000,
not_and: 1145000,759000,1180000,
not_not: 337000,334000,
parsing: 89156000,
evaluate: 335000,193000,275000,501000,397000,390000,202000,303000,382000,352000,
subproof: 2222000,1377000,3414000,1409000,1743000,1940000,2531000,1389000,1117000,1237000,1987000,1408000,1227000,3673000,1421000,1432000,1369000,1605000,1746000,1386000,1138000,1359000,1330000,1997000,2204000,2424000,2155000,
and_intro: 224000,409000,207000,1069000,306000,511000,864000,334000,410000,1071000,325000,518000,
poly_simp: 2525000,4274000,4132000,2602000,2567000,4414000,1499000,1585000,1646000,1684000,1816000,15562000,2755000,2805000,2258000,2537000,2587000,2111000,5800000,5100000,4842000,11669000,2475000,2632000,2022000,4797000,5373000,2398000,2596000,2061000,15142000,2786000,2743000,2024000,1975000,4558000,2480000,2509000,1756000,1853000,5295000,2593000,2156000,1927000,2932000,4995000,4502000,1925000,2972000,2884000,4416000,1572000,1691000,1694000,1660000,2028000,17353000,4794000,2180000,3160000,2822000,2297000,2219000,4590000,3456000,3101000,2247000,2131000,4170000,2639000,2759000,2135000,2067000,16406000,3074000,4475000,2834000,2520000,1904000,2105000,4080000,2556000,2503000,1909000,1837000,4778000,2880000,2539000,2574000,2089000,2133000,2274000,2079000,2059000,2293000,3471000,3583000,3441000,3485000,3367000,
equiv_pos1: 413000,130000,250000,
equiv_pos2: 118000,425000,272000,116000,767000,424000,406000,401000,336000,2036000,262000,420000,253000,385000,419000,468000,410000,261000,394000,1277000,317000,242000,253000,503000,157000,172000,114000,122000,426000,171000,271000,125000,732000,404000,420000,410000,206000,335000,112000,169000,240000,251000,502000,237000,251000,513000,330000,119000,170000,2041000,453000,117000,117000,185000,311000,865000,220000,219000,335000,
la_generic: 44855000,28855000,
reordering: 4814000,40165000,935000,1279000,2899000,4884000,4961000,42249000,943000,1278000,237000,510000,1143000,4168000,511000,1101000,
resolution: 366000,215000,277000,324000,2728000,3684000,27211000,1117000,810000,1193000,842000,3130000,172000,437000,434000,400000,513000,413000,329000,981000,251000,366000,421000,532000,401000,315000,238000,327000,261000,290000,213000,514000,2790000,2410000,15521000,242000,570000,439000,886000,350000,245000,357000,464000,953000,940000,1003000,522000,292000,429000,1550000,3462000,841000,907000,1186000,1017000,2027000,204000,479000,505000,687000,492000,10978000,545000,471000,402000,450000,498000,7503000,2230000,1899000,3187000,359000,420000,318000,437000,490000,421000,320000,382000,495000,625000,582000,315000,450000,209000,195000,291000,332000,352000,239000,198000,281000,305000,332000,261000,244000,217000,249000,232000,197000,291000,301000,3874000,29409000,1097000,995000,1198000,962000,3244000,191000,435000,441000,402000,523000,433000,529000,977000,517000,527000,334000,374000,335000,222000,211000,199000,307000,371000,318000,250000,341000,297000,420000,240000,552000,3332000,2343000,15651000,260000,229000,266000,508000,460000,866000,262000,260000,377000,254000,239000,211000,304000,351000,413000,254000,313000,432000,431000,301000,244000,213000,258000,271000,339000,339000,330000,275000,252000,311000,427000,558000,653000,794000,370000,418000,966000,905000,1014000,309000,382000,512000,642000,588000,333000,415000,425000,296000,250000,207000,276000,211000,285000,306000,322000,258000,300000,311000,314000,480000,601000,567000,385000,226000,229000,244000,300000,282000,313000,345000,205000,308000,1225000,1058000,872000,3091000,375000,447000,423000,401000,555000,634000,598000,481000,644000,520000,820000,1092000,1000000,706000,437000,393000,365000,500000,598000,588000,578000,372000,513000,580000,
contraction: 13119000,1186000,1626000,529000,3087000,6252000,473000,519000,967000,927000,1734000,1149000,1393000,2483000,2405000,575000,281000,263000,13565000,1254000,1741000,577000,289000,3079000,6330000,489000,570000,294000,317000,602000,957000,2242000,583000,255000,517000,275000,1062000,1498000,552000,1032000,520000,
forall_inst: 720000,790000,935000,875000,774000,900000,982000,832000,922000,904000,1009000,735000,744000,803000,686000,779000,781000,830000,710000,932000,974000,883000,731000,914000,897000,807000,960000,793000,856000,1001000,786000,727000,874000,1008000,947000,817000,959000,1006000,889000,1052000,1024000,924000,877000,813000,776000,925000,999000,770000,778000,1180000,1555000,1398000,1378000,1765000,1436000,1386000,1649000,
la_mult_neg: 424000,754000,439000,586000,719000,
implies_neg1: 588000,1625000,529000,1041000,3555000,1540000,2458000,543000,233000,234000,234000,592000,1668000,540000,237000,254000,559000,556000,241000,1031000,3633000,485000,250000,456000,879000,474000,2447000,
implies_neg2: 922000,379000,2964000,424000,945000,877000,2279000,598000,224000,295000,958000,381000,223000,2997000,433000,233000,243000,627000,954000,577000,208000,527000,312000,972000,437000,1051000,447000,
__local_input: 239000,126000,48000,80000,193000,186000,68000,107000,174000,100000,79000,122000,191000,50000,40000,51000,74000,56000,53000,49000,52000,56000,70000,93000,203000,276000,115000,126000,216000,224000,216000,138000,331000,437000,288000,351000,202000,252000,136000,70000,122000,141000,183000,81000,114000,189000,313000,274000,259000,340000,216000,185000,90000,86000,129000,62000,39000,50000,69000,47000,70000,40000,54000,42000,46000,58000,79000,247000,249000,268000,272000,369000,251000,124000,170000,138000,133000,73000,171000,
comp_simplify: 2058000,2003000,
poly_simp_rel: 1116000,1448000,1488000,1268000,1133000,1591000,1525000,1535000,1660000,1406000,1530000,1347000,1250000,1293000,1075000,1451000,1182000,1798000,1504000,1184000,3198000,1121000,1762000,1204000,1194000,1527000,1289000,1318000,1269000,1440000,1235000,1090000,1117000,1178000,1099000,1119000,2070000,1995000,1919000,1936000,1922000,
equiv_simplify: 204000,524000,633000,542000,696000,271000,
la_disequality: 327000,
implies_simplify: 1711000,662000,1673000,1747000,702000,
__normalized_input: 38371000,18676000,13950000,13905000,6898000,5983000,4782000,4551000,1167000,1239000,1150000,
rare_rewrite_eq-symm: 163000,181000,168000,
rare_rewrite_arith-elim-gt: 27574000,7848000,
rare_rewrite_arith-elim-lt: 11972000,8272000,12902000,
rare_rewrite_bool-eq-false: 8141000,8088000,7812000,8166000,
rare_rewrite_arith-elim-leq: 7814000,7908000,
rare_rewrite_bool-double-not-elim: 585000,426000,629000,

