1; Draft.Scratch_smt_check_7_13414; 2026-04-10 13:42:28.936;
bind: 194000,359000,184000,
cong: 115000,128000,102000,184000,110000,195000,
refl: 39000,27000,35000,39000,59000,34000,39000,
symm: 89000,100000,
trans: 98000,101000,
equiv1: 200000,173000,
equiv2: 117000,105000,103000,107000,
or_neg: 186000,190000,207000,195000,234000,206000,
or_pos: 249000,255000,
and_pos: 150000,130000,134000,132000,137000,136000,148000,137000,138000,133000,136000,137000,
implies: 170000,191000,129000,
not_and: 229000,204000,
not_not: 138000,139000,
parsing: 5024000,
evaluate: 246000,261000,
subproof: 1809000,1943000,1980000,1821000,1826000,
and_intro: 161000,153000,
equiv_pos2: 124000,289000,96000,60000,136000,101000,45000,144000,141000,
reordering: 454000,464000,472000,287000,400000,421000,481000,259000,
resolution: 218000,399000,248000,291000,250000,251000,320000,249000,349000,263000,512000,455000,253000,258000,301000,278000,815000,223000,198000,243000,236000,360000,339000,813000,263000,517000,476000,315000,249000,316000,300000,786000,247000,198000,250000,210000,423000,421000,830000,319000,334000,232000,314000,
contraction: 385000,193000,267000,260000,331000,379000,199000,249000,261000,321000,232000,
forall_inst: 1236000,1250000,1026000,
implies_neg1: 169000,233000,176000,224000,190000,
implies_neg2: 140000,256000,140000,225000,158000,
__local_input: 16000,17000,23000,19000,17000,23000,23000,21000,24000,19000,18000,23000,44000,
equiv_simplify: 220000,229000,223000,225000,
implies_simplify: 334000,301000,
__normalized_input: 1275000,1337000,729000,714000,774000,804000,
rare_rewrite_eq-symm: 108000,
rare_rewrite_bool-eq-false: 11655000,10694000,
rare_rewrite_bool-double-not-elim: 119000,

