1; Draft.Scratch_smt_check_7_15193; 2026-04-10 13:47:26.206;
cong: 513000,223000,140000,163000,98000,144000,452000,443000,117000,477000,592000,298000,301000,81000,88000,79000,70000,95000,335000,431000,520000,294000,296000,397000,204000,473000,461000,135000,463000,586000,474000,1241000,
refl: 31000,302000,21000,278000,
symm: 149000,328000,346000,684000,
trans: 651000,256000,242000,705000,634000,660000,363000,137000,128000,429000,399000,403000,341000,144000,340000,340000,350000,392000,363000,755000,648000,661000,
equiv1: 688000,332000,74000,
or_neg: 497000,423000,541000,
and_pos: 491000,399000,503000,
implies: 370000,
not_and: 430000,
parsing: 21348000,
evaluate: 2071000,1793000,225000,149000,167000,1064000,1128000,2103000,3203000,
subproof: 1291000,1137000,
and_intro: 224000,
poly_simp: 3883000,2202000,2723000,3383000,
equiv_pos2: 628000,139000,327000,322000,74000,90000,376000,416000,604000,616000,616000,1467000,
la_generic: 5014000,7838000,10870000,
reordering: 1516000,
resolution: 371000,611000,412000,636000,692000,1056000,481000,698000,509000,1226000,129000,328000,327000,302000,410000,331000,213000,519000,302000,397000,154000,495000,250000,322000,482000,580000,646000,
contraction: 1063000,623000,725000,343000,
la_mult_neg: 437000,
implies_neg1: 362000,5489000,
implies_neg2: 436000,275000,
__local_input: 111000,173000,67000,200000,
poly_simp_rel: 1753000,924000,
equiv_simplify: 149000,
implies_simplify: 845000,451000,
__normalized_input: 9670000,2000000,6132000,1790000,
rare_rewrite_arith-elim-gt: 26671000,
rare_rewrite_arith-elim-lt: 12163000,10970000,6534000,5528000,5767000,7440000,12493000,
rare_rewrite_arith-elim-leq: 6396000,
rare_rewrite_arith-leq-norm: 8621000,6243000,12574000,
rare_rewrite_bool-double-not-elim: 654000,336000,634000,338000,

