1; Draft.Scratch_smt_check_7_22715; 2026-04-10 13:49:15.753;
bind: 350000,370000,315000,399000,400000,232000,229000,418000,643000,466000,395000,640000,643000,564000,716000,719000,355000,217000,212000,387000,234000,214000,
cong: 211000,60000,213000,187000,134000,173000,207000,185000,136000,190000,104000,170000,339000,314000,212000,205000,106000,153000,187000,344000,86000,416000,301000,198000,162000,186000,179000,127000,116000,58000,98000,208000,191000,129000,114000,65000,90000,112000,74000,186000,
refl: 76000,445000,57000,43000,69000,20000,51000,75000,53000,44000,82000,72000,121000,720000,74000,64000,70000,19000,45000,38000,30000,29000,46000,46000,42000,45000,
symm: 302000,367000,105000,235000,361000,588000,683000,91000,126000,190000,108000,
trans: 304000,346000,315000,299000,109000,335000,298000,343000,332000,261000,292000,167000,271000,297000,206000,193000,578000,549000,391000,354000,333000,331000,1024000,552000,641000,587000,484000,180000,638000,522000,565000,594000,517000,524000,297000,270000,284000,192000,180000,287000,286000,203000,183000,171000,173000,
choice: 60000,
equiv1: 342000,164000,146000,
equiv2: 183000,253000,177000,133000,123000,
or_neg: 270000,378000,347000,357000,145000,
or_pos: 590000,284000,
and_neg: 219000,
and_pos: 207000,385000,298000,315000,203000,200000,
implies: 417000,
not_and: 218000,193000,
not_not: 372000,130000,134000,
parsing: 42963000,
aci_simp: 1140000,1197000,1352000,2078000,2117000,2363000,
evaluate: 231000,343000,
onepoint: 1465000,2601000,
qnt_join: 361000,704000,
subproof: 2256000,
equiv_pos2: 251000,32000,334000,460000,194000,158000,212000,495000,30000,164000,257000,100000,82000,105000,164000,
reordering: 314000,770000,546000,796000,793000,304000,384000,289000,402000,
resolution: 191000,184000,291000,258000,282000,339000,184000,208000,171000,178000,186000,231000,328000,245000,381000,306000,436000,436000,592000,312000,400000,694000,806000,638000,527000,520000,788000,341000,313000,323000,590000,454000,503000,550000,328000,387000,306000,339000,336000,206000,297000,219000,205000,176000,240000,233000,367000,213000,211000,
sko_forall: 2057000,1097000,
contraction: 721000,537000,569000,
forall_inst: 885000,1702000,1236000,1323000,1601000,847000,683000,
implies_neg1: 229000,
implies_neg2: 414000,
__local_input: 29000,64000,
qnt_rm_unused: 486000,2654000,897000,4154000,
equiv_simplify: 415000,466000,205000,232000,196000,217000,
__normalized_input: 3248000,1346000,969000,1110000,915000,511000,587000,
rare_rewrite_eq-refl: 113000,190000,
rare_rewrite_eq-symm: 131000,126000,226000,540000,256000,209000,561000,401000,246000,129000,111000,264000,139000,104000,336000,156000,
rare_rewrite_or-not-refl: 6687000,12002000,
rare_rewrite_bool-eq-false: 6370000,11737000,11536000,5542000,5628000,5879000,
rare_rewrite_bool-impl-elim: 6455000,6246000,24278000,11917000,11669000,10853000,6346000,5893000,
rare_rewrite_bool-impl-false1: 6332000,6336000,
rare_rewrite_bool-and-de-morgan: 6184000,11281000,
rare_rewrite_bool-double-not-elim: 131000,260000,118000,119000,134000,

