1; Draft.Scratch_smt_check_7_30614; 2026-04-10 13:49:17.650;
bind: 226000,229000,151000,165000,212000,215000,204000,217000,219000,214000,257000,284000,289000,218000,216000,202000,220000,201000,217000,234000,224000,161000,146000,157000,140000,222000,219000,283000,294000,260000,220000,220000,215000,227000,216000,221000,222000,208000,154000,139000,235000,238000,202000,226000,250000,206000,164000,153000,430000,436000,595000,508000,545000,452000,389000,437000,439000,434000,428000,427000,387000,439000,278000,404000,426000,408000,469000,463000,385000,
cong: 114000,110000,202000,123000,55000,46000,56000,88000,72000,81000,96000,100000,73000,81000,83000,168000,94000,55000,64000,98000,72000,58000,49000,49000,59000,70000,79000,49000,58000,81000,72000,80000,113000,84000,78000,84000,106000,173000,61000,54000,82000,42000,39000,74000,160000,52000,51000,45000,53000,64000,59000,117000,106000,192000,97000,60000,93000,73000,58000,50000,51000,60000,70000,76000,82000,50000,52000,88000,76000,84000,105000,84000,76000,83000,144000,172000,65000,59000,81000,48000,45000,74000,221000,60000,52000,44000,51000,86000,79000,84000,45000,42000,80000,86000,79000,93000,46000,42000,79000,173000,94000,51000,64000,61000,71000,189000,213000,360000,185000,102000,173000,134000,332000,114000,101000,92000,121000,142000,162000,85000,85000,146000,123000,142000,179000,136000,124000,130000,175000,313000,164000,94000,122000,78000,68000,116000,279000,93000,84000,73000,83000,137000,125000,127000,82000,72000,147000,138000,132000,133000,74000,74000,131000,287000,149000,87000,124000,546000,
refl: 42000,44000,26000,27000,19000,26000,33000,28000,33000,25000,44000,43000,19000,27000,30000,28000,32000,28000,35000,26000,242000,85000,29000,43000,56000,42000,53000,44000,45000,67000,56000,100000,103000,56000,76000,
symm: 89000,83000,82000,125000,87000,151000,146000,174000,92000,96000,88000,82000,85000,81000,87000,81000,331000,315000,164000,237000,197000,169000,201000,241000,243000,159000,
trans: 165000,160000,176000,150000,188000,194000,154000,198000,207000,155000,234000,207000,187000,200000,151000,195000,208000,153000,145000,131000,149000,167000,152000,187000,160000,162000,175000,172000,250000,177000,200000,193000,206000,146000,199000,217000,153000,127000,151000,140000,199000,205000,161000,203000,206000,146000,161000,347000,319000,334000,373000,325000,467000,350000,372000,431000,402000,307000,374000,402000,324000,278000,399000,305000,401000,424000,301000,380000,439000,307000,
equiv1: 164000,261000,
equiv2: 118000,98000,211000,
or_neg: 175000,181000,206000,261000,273000,269000,260000,257000,264000,182000,176000,212000,343000,349000,418000,
or_pos: 197000,236000,252000,235000,262000,228000,446000,454000,432000,
and_pos: 116000,134000,146000,122000,267000,297000,295000,257000,290000,267000,259000,
implies: 188000,200000,187000,196000,181000,195000,360000,377000,378000,410000,
not_and: 294000,
not_not: 121000,239000,
parsing: 65826000,
evaluate: 210000,
subproof: 1141000,1169000,1272000,1161000,1178000,1159000,1251000,1545000,2296000,2270000,2190000,
and_intro: 221000,
equiv_pos1: 50000,48000,83000,
equiv_pos2: 132000,140000,431000,53000,81000,130000,164000,207000,46000,51000,188000,182000,128000,124000,131000,221000,36000,51000,137000,44000,41000,83000,82000,132000,136000,218000,60000,158000,182000,125000,122000,127000,229000,39000,52000,142000,51000,80000,38000,130000,40000,137000,204000,44000,50000,33000,107000,270000,277000,508000,105000,304000,486000,295000,245000,249000,399000,66000,98000,270000,110000,161000,71000,247000,75000,251000,430000,86000,98000,654000,
reordering: 167000,261000,235000,278000,286000,225000,213000,335000,333000,183000,258000,280000,234000,222000,349000,222000,251000,1654000,355000,578000,556000,425000,468000,692000,460000,514000,
resolution: 277000,207000,199000,267000,285000,343000,320000,193000,296000,196000,153000,226000,187000,181000,264000,285000,315000,339000,190000,304000,198000,216000,231000,221000,227000,297000,219000,254000,299000,178000,173000,255000,180000,197000,291000,274000,306000,309000,183000,313000,216000,181000,369000,399000,158000,202000,238000,911000,2997000,289000,195000,220000,218000,425000,161000,165000,169000,233000,156000,204000,186000,244000,290000,362000,312000,190000,284000,195000,214000,222000,238000,303000,217000,259000,274000,182000,178000,250000,184000,181000,274000,283000,316000,299000,186000,294000,260000,219000,371000,409000,164000,222000,187000,212000,254000,198000,285000,328000,322000,202000,268000,229000,191000,218000,218000,447000,393000,1663000,170000,279000,359000,316000,392000,342000,437000,584000,662000,615000,340000,488000,384000,419000,401000,448000,587000,392000,493000,539000,333000,337000,491000,361000,348000,518000,516000,612000,563000,386000,491000,429000,393000,703000,774000,297000,403000,385000,362000,504000,479000,535000,574000,528000,355000,502000,387000,381000,408000,527000,
contraction: 287000,305000,280000,306000,1071000,229000,239000,288000,276000,303000,295000,484000,631000,621000,566000,623000,692000,
forall_inst: 794000,844000,746000,766000,800000,822000,771000,781000,728000,768000,802000,941000,900000,757000,870000,822000,801000,798000,15694000,1543000,1552000,1623000,1522000,1498000,1468000,1377000,1401000,
implies_neg1: 244000,246000,237000,251000,244000,256000,181000,475000,487000,458000,972000,
implies_neg2: 268000,243000,228000,143000,261000,240000,254000,382000,504000,484000,476000,
__local_input: 166000,113000,161000,238000,145000,108000,28000,90000,227000,180000,161000,45000,68000,60000,46000,118000,108000,
equiv_simplify: 208000,192000,578000,448000,
implies_simplify: 240000,
__normalized_input: 20898000,18640000,15897000,5412000,4642000,3590000,3446000,3218000,2886000,2216000,693000,449000,447000,575000,
rare_rewrite_eq-symm: 148000,99000,148000,91000,161000,250000,113000,123000,115000,157000,118000,104000,155000,135000,158000,118000,136000,120000,133000,144000,112000,152000,113000,111000,116000,115000,152000,98000,146000,93000,159000,108000,148000,135000,135000,123000,125000,155000,135000,169000,131000,112000,121000,126000,101000,152000,129000,106000,152000,139000,137000,311000,210000,309000,202000,368000,203000,297000,298000,612000,249000,248000,293000,228000,316000,240000,236000,252000,251000,225000,322000,268000,229000,314000,266000,
rare_rewrite_bool-impl-elim: 6171000,6400000,6500000,6293000,12266000,12647000,
rare_rewrite_bool-double-not-elim: 108000,122000,212000,221000,

