1; Draft.Scratch_smt_check_7_8860; 2026-04-10 13:51:19.978;
bind: 740000,761000,310000,732000,764000,299000,318000,
cong: 268000,209000,304000,226000,256000,271000,230000,297000,163000,246000,489000,296000,
refl: 50000,38000,52000,51000,43000,50000,63000,65000,
symm: 191000,227000,216000,
false: 13000,
trans: 207000,252000,593000,445000,464000,387000,422000,251000,388000,571000,438000,480000,401000,416000,250000,370000,
equiv1: 227000,
equiv2: 239000,218000,291000,
or_pos: 447000,
implies: 528000,
not_not: 243000,
parsing: 10976000,
aci_simp: 1458000,1260000,1254000,1448000,1405000,1510000,
evaluate: 305000,
subproof: 2352000,
poly_simp: 3190000,2059000,2769000,1963000,2145000,
equiv_pos2: 486000,488000,682000,106000,56000,
reordering: 642000,
resolution: 191000,238000,268000,271000,407000,520000,576000,609000,786000,813000,534000,520000,242000,287000,378000,273000,272000,342000,
contraction: 879000,
forall_inst: 878000,1267000,897000,
implies_neg1: 710000,
implies_neg2: 653000,
__local_input: 352000,
poly_simp_rel: 1180000,1175000,1139000,
equiv_simplify: 297000,330000,
__normalized_input: 54932000,65519000,61471000,12330000,10650000,10556000,
rare_rewrite_bool-impl-elim: 7557000,7271000,7825000,6940000,7041000,
rare_rewrite_bool-and-de-morgan: 7068000,7518000,7304000,7211000,

