1; Draft.Scratch_smt_check_7_8567; 2026-04-10 13:52:09.097;
bind: 245000,262000,236000,237000,235000,246000,
cong: 150000,158000,140000,142000,162000,62000,47000,98000,103000,65000,76000,52000,70000,137000,210000,202000,273000,176000,160000,186000,114000,98000,82000,79000,83000,94000,80000,88000,84000,157000,204000,206000,286000,69000,67000,150000,156000,137000,140000,168000,64000,50000,95000,99000,61000,78000,55000,72000,135000,169000,157000,182000,105000,78000,83000,83000,85000,449000,527000,603000,1839000,113000,65000,80000,58000,87000,73000,84000,74000,146000,98000,63000,83000,62000,173000,160000,188000,123000,150000,162000,144000,139000,162000,62000,49000,98000,95000,57000,80000,53000,69000,130000,71000,59000,82000,70000,89000,71000,139000,200000,193000,281000,79000,81000,81000,83000,977000,
refl: 29000,25000,18000,21000,31000,27000,63000,39000,17000,17000,30000,28000,23000,25000,24000,30000,29000,33000,25000,20000,19000,31000,31000,26000,55000,35000,42000,45000,18000,17000,26000,20000,27000,21000,41000,29000,24000,17000,21000,25000,20000,25000,20000,33000,25000,59000,17000,18000,28000,38000,95000,127000,
symm: 160000,154000,235000,172000,170000,281000,295000,163000,336000,151000,405000,150000,159000,219000,322000,227000,154000,158000,154000,142000,
trans: 318000,357000,308000,283000,391000,437000,403000,407000,406000,432000,437000,407000,288000,302000,317000,382000,310000,364000,415000,830000,777000,817000,259000,754000,647000,253000,247000,355000,414000,313000,360000,295000,266000,396000,428000,390000,
equiv1: 1202000,347000,190000,
or_neg: 544000,582000,580000,592000,562000,569000,
and_pos: 728000,783000,735000,714000,736000,810000,659000,724000,767000,714000,714000,694000,
implies: 247000,440000,374000,210000,1234000,222000,
not_and: 594000,
parsing: 14116000,
evaluate: 363000,247000,368000,8080000,376000,
subproof: 1260000,1703000,1290000,1178000,2159000,1092000,
and_intro: 326000,274000,764000,
poly_simp: 1899000,1895000,1929000,2619000,2997000,1893000,2840000,2633000,2800000,1892000,1976000,2555000,1832000,1906000,1792000,2610000,2840000,5410000,1628000,1680000,1795000,13084000,2742000,1724000,2561000,1799000,1807000,1757000,2560000,2723000,
equiv_pos2: 141000,107000,201000,173000,94000,100000,169000,193000,109000,127000,127000,164000,160000,165000,186000,518000,109000,96000,162000,146000,181000,137000,93000,94000,161000,108000,193000,810000,
la_generic: 18071000,
reordering: 1021000,4415000,4633000,
resolution: 396000,390000,349000,399000,374000,244000,325000,394000,374000,408000,255000,359000,1444000,4268000,626000,645000,904000,724000,3181000,214000,327000,365000,344000,350000,834000,356000,397000,310000,353000,326000,336000,377000,350000,389000,321000,266000,332000,234000,288000,319000,348000,341000,233000,339000,1554000,1344000,3138000,352000,376000,255000,283000,311000,335000,325000,232000,291000,316000,375000,
contraction: 333000,2586000,977000,1385000,379000,290000,1637000,1926000,292000,
forall_inst: 890000,776000,765000,
la_mult_neg: 542000,486000,
implies_neg1: 276000,352000,263000,1234000,253000,1740000,
implies_neg2: 276000,746000,260000,257000,1777000,249000,
__local_input: 280000,174000,181000,58000,67000,78000,54000,59000,166000,214000,51000,100000,83000,85000,66000,160000,
poly_simp_rel: 1254000,1198000,1284000,1323000,1582000,1219000,1189000,1131000,1229000,1224000,1251000,1206000,1199000,1156000,1140000,1228000,
equiv_simplify: 243000,
implies_simplify: 1370000,424000,
__normalized_input: 71043000,26121000,25594000,22409000,22596000,16354000,15524000,15466000,
rare_rewrite_eq-symm: 220000,198000,202000,
rare_rewrite_arith-elim-lt: 6612000,10039000,
rare_rewrite_arith-elim-leq: 6564000,6381000,16693000,6813000,6455000,6482000,6275000,5949000,5858000,6350000,
rare_rewrite_bool-double-not-elim: 340000,

