1; Draft.Scratch_smt_check_7_29527; 2026-04-10 13:45:03.904;
and: 347000,134000,
bind: 340000,611000,328000,189000,231000,390000,233000,200000,231000,256000,264000,419000,298000,379000,
cong: 227000,323000,253000,193000,170000,351000,92000,187000,339000,155000,48000,129000,52000,128000,94000,226000,51000,173000,93000,172000,104000,94000,110000,168000,159000,
refl: 71000,54000,35000,64000,109000,69000,61000,99000,55000,26000,407000,21000,20000,20000,24000,28000,67000,41000,569000,33000,24000,24000,24000,34000,37000,110000,57000,
symm: 208000,240000,279000,
trans: 282000,296000,529000,471000,486000,525000,419000,215000,396000,380000,229000,230000,213000,368000,383000,153000,159000,164000,154000,73000,179000,187000,166000,147000,166000,130000,135000,225000,223000,236000,225000,221000,226000,80000,260000,240000,250000,233000,251000,212000,221000,163000,168000,186000,256000,
choice: 69000,
or_neg: 206000,11352000,262000,245000,
or_pos: 210000,302000,281000,478000,394000,
and_pos: 184000,171000,
parsing: 52260000,
aci_simp: 1938000,2160000,1882000,983000,870000,997000,1006000,891000,1020000,959000,1155000,1146000,935000,1237000,
evaluate: 170000,180000,
onepoint: 1123000,1434000,
qnt_join: 252000,266000,
equiv_pos2: 222000,255000,348000,104000,185000,267000,
reordering: 264000,227000,417000,168000,325000,619000,285000,516000,
resolution: 397000,258000,455000,389000,233000,230000,433000,571000,269000,429000,545000,624000,664000,202000,256000,351000,227000,318000,294000,297000,431000,
sko_forall: 1040000,
contraction: 216000,
forall_inst: 1243000,1367000,822000,670000,1303000,
qnt_rm_unused: 344000,1435000,
miniscope_split: 344000,339000,
__normalized_input: 2692000,2568000,1990000,2190000,2546000,1877000,
miniscope_distribute: 517000,
rare_rewrite_eq-refl: 67000,70000,
rare_rewrite_eq-symm: 84000,76000,
rare_rewrite_or-not-refl: 5690000,5914000,
rare_rewrite_bool-impl-elim: 11198000,11715000,5998000,5643000,6000000,10777000,
rare_rewrite_bool-and-de-morgan: 12033000,11344000,11708000,5379000,5468000,5361000,5425000,5505000,
rare_rewrite_bool-double-not-elim: 169000,163000,

