1; Draft.Scratch_smt_check_7_2192; 2026-04-10 13:43:35.361;
bind: 476000,327000,230000,411000,321000,209000,
cong: 239000,170000,128000,152000,154000,156000,173000,170000,128000,256000,177000,134000,112000,141000,494000,
refl: 75000,27000,69000,49000,84000,27000,44000,
symm: 184000,163000,
trans: 334000,384000,4429000,138000,163000,306000,249000,286000,310000,343000,149000,4117000,
implies: 506000,
parsing: 23167000,
subproof: 6583000,
equiv_pos2: 238000,197000,172000,237000,649000,
reordering: 677000,
resolution: 439000,444000,477000,417000,592000,748000,740000,351000,515000,
contraction: 704000,
forall_inst: 5732000,
implies_neg1: 584000,
implies_neg2: 637000,
__local_input: 91000,
__normalized_input: 1418000,1048000,948000,964000,
rare_rewrite_eq-symm: 203000,351000,166000,101000,174000,262000,203000,240000,4090000,182000,103000,276000,550000,

