1; Draft.Scratch_smt_check_7_3302; 2026-04-10 13:50:29.222;
cong: 308000,234000,361000,381000,274000,247000,128000,
refl: 42000,45000,36000,63000,
false: 13000,
trans: 231000,273000,394000,467000,504000,456000,220000,252000,
parsing: 1409000,
evaluate: 558000,658000,
poly_simp: 3201000,4827000,4629000,3295000,3337000,3757000,
equiv_pos2: 304000,317000,188000,
resolution: 117000,171000,313000,589000,
poly_simp_rel: 1159000,2107000,
__normalized_input: 1525000,1590000,
rare_rewrite_arith-elim-leq: 22382000,
rare_rewrite_bool-double-not-elim: 486000,

