1; Draft.Scratch_smt_check_7_26069; 2026-04-10 13:44:05.158;
cong: 402000,389000,217000,249000,276000,4919000,375000,616000,193000,207000,113000,58000,69000,113000,
refl: 105000,52000,39000,92000,70000,
false: 20000,
trans: 492000,525000,355000,353000,395000,320000,386000,
parsing: 10232000,
evaluate: 287000,414000,
poly_simp: 14437000,8632000,3548000,6570000,9861000,
equiv_pos2: 448000,284000,
resolution: 202000,347000,598000,
poly_simp_rel: 2619000,
__normalized_input: 1029000,1467000,
rare_rewrite_arith-elim-leq: 28768000,

