1; Draft.Scratch_smt_check_7_13591; 2026-04-10 13:44:05.783;
bind: 158000,161000,182000,200000,172000,162000,272000,257000,268000,277000,171000,184000,304000,393000,
cong: 223000,185000,133000,142000,290000,185000,69000,67000,273000,128000,128000,145000,125000,73000,135000,114000,112000,459000,219000,207000,165000,191000,129000,126000,114000,114000,455000,229000,185000,163000,204000,187000,124000,125000,172000,119000,113000,127000,71000,310000,73000,72000,276000,142000,120000,106000,127000,71000,81000,129000,227000,123000,115000,187000,467000,215000,185000,165000,191000,114000,126000,321000,
refl: 57000,33000,29000,31000,48000,48000,28000,66000,32000,29000,52000,
symm: 265000,118000,143000,142000,83000,151000,
trans: 114000,101000,111000,94000,266000,133000,123000,212000,100000,72000,98000,254000,217000,359000,148000,117000,160000,220000,233000,300000,150000,124000,158000,145000,149000,152000,90000,114000,132000,143000,129000,143000,134000,179000,235000,94000,73000,104000,154000,150000,155000,100000,229000,221000,327000,151000,119000,163000,
equiv1: 210000,133000,197000,125000,78000,
or_neg: 314000,342000,179000,183000,
and_pos: 144000,159000,277000,275000,
implies: 161000,181000,182000,233000,321000,236000,341000,273000,186000,175000,197000,329000,366000,
not_and: 166000,
parsing: 51783000,
evaluate: 463000,571000,578000,398000,122000,212000,199000,287000,374000,287000,131000,201000,207000,366000,568000,
subproof: 1057000,1156000,1080000,2146000,2082000,2028000,1912000,2134000,1093000,1069000,1139000,2241000,2161000,2104000,
and_intro: 183000,104000,251000,
poly_simp: 1778000,1858000,3002000,2155000,1581000,1805000,3966000,3011000,3216000,4093000,3015000,4998000,2369000,1973000,2461000,1633000,1797000,2736000,4040000,3149000,3422000,
equiv_pos1: 200000,219000,200000,108000,209000,
equiv_pos2: 124000,125000,265000,142000,140000,306000,116000,117000,307000,123000,213000,223000,682000,221000,211000,254000,613000,227000,306000,118000,102000,100000,194000,102000,84000,114000,119000,308000,119000,99000,120000,241000,215000,656000,243000,356000,
la_generic: 6748000,5837000,
reordering: 3871000,372000,621000,667000,300000,272000,194000,329000,352000,454000,673000,
resolution: 136000,177000,177000,197000,325000,343000,329000,185000,215000,174000,205000,251000,343000,386000,373000,195000,256000,160000,209000,213000,259000,326000,431000,372000,209000,247000,290000,482000,567000,512000,489000,301000,339000,368000,393000,648000,683000,641000,335000,382000,486000,488000,481000,307000,306000,295000,337000,363000,258000,399000,318000,366000,357000,414000,528000,674000,606000,342000,411000,444000,297000,336000,289000,302000,212000,206000,268000,236000,423000,116000,172000,195000,201000,143000,232000,197000,210000,215000,264000,323000,381000,386000,211000,279000,305000,183000,163000,419000,396000,670000,375000,352000,397000,636000,662000,639000,355000,396000,460000,284000,498000,606000,
contraction: 259000,293000,286000,435000,386000,568000,471000,254000,584000,230000,196000,216000,142000,304000,301000,321000,586000,401000,
forall_inst: 715000,768000,720000,1377000,1377000,780000,1334000,
la_mult_neg: 432000,264000,
implies_neg1: 210000,257000,258000,447000,440000,122000,171000,188000,242000,116000,202000,501000,301000,551000,
implies_neg2: 240000,283000,284000,348000,541000,361000,261000,569000,147000,106000,294000,299000,510000,304000,
__local_input: 39000,50000,37000,64000,150000,30000,25000,30000,37000,25000,25000,29000,76000,51000,47000,55000,
poly_simp_rel: 989000,1001000,991000,1079000,
equiv_simplify: 288000,154000,
implies_simplify: 370000,273000,190000,
__normalized_input: 2155000,1402000,1281000,1092000,
rare_rewrite_eq-symm: 110000,113000,121000,120000,190000,116000,115000,213000,217000,213000,493000,232000,212000,441000,126000,119000,227000,226000,216000,407000,
rare_rewrite_arith-elim-gt: 6698000,
rare_rewrite_arith-elim-lt: 11732000,7076000,6730000,6951000,
rare_rewrite_arith-elim-leq: 6082000,6044000,5854000,5647000,5714000,5811000,5950000,11488000,11393000,11168000,11880000,11716000,11674000,11463000,12282000,12252000,11863000,6356000,6356000,7483000,7037000,6422000,6520000,11875000,11839000,11426000,11776000,12100000,
rare_rewrite_bool-double-not-elim: 161000,235000,

