1; Draft.Scratch_smt_check_7_26595; 2026-04-10 13:50:05.002;
bind: 535000,220000,228000,529000,
cong: 236000,181000,228000,
refl: 74000,72000,
trans: 385000,341000,320000,344000,
or_pos: 403000,
and_pos: 109000,104000,
implies: 151000,201000,160000,452000,
parsing: 13806000,
aci_simp: 1327000,1414000,
subproof: 1267000,2169000,
equiv_pos2: 362000,129000,136000,202000,67000,375000,
reordering: 163000,227000,225000,151000,197000,659000,
resolution: 320000,463000,421000,194000,177000,204000,166000,195000,191000,259000,320000,347000,333000,209000,335000,712000,738000,418000,455000,
contraction: 320000,704000,
forall_inst: 792000,1214000,
implies_neg1: 243000,631000,
implies_neg2: 236000,709000,
__local_input: 264000,190000,
__normalized_input: 2736000,2527000,2494000,2655000,1724000,1893000,
rare_rewrite_eq-symm: 172000,178000,179000,
rare_rewrite_bool-impl-elim: 7664000,6765000,
rare_rewrite_bool-and-de-morgan: 7087000,6895000,

