1; Draft.Scratch_smt_check_7_344; 2026-04-10 13:50:04.432;
bind: 647000,571000,585000,1299000,565000,247000,196000,
cong: 302000,81000,86000,126000,
refl: 58000,
symm: 130000,
trans: 505000,221000,204000,
choice: 29000,78000,
equiv1: 150000,
equiv2: 141000,
or_neg: 178000,
or_pos: 457000,214000,235000,344000,
implies: 157000,
not_not: 146000,
parsing: 4202000,
subproof: 1172000,
equiv_pos1: 53000,
equiv_pos2: 372000,408000,136000,103000,120000,
reordering: 569000,231000,343000,428000,271000,
resolution: 335000,406000,392000,458000,584000,346000,558000,503000,525000,569000,437000,433000,539000,196000,191000,240000,202000,239000,305000,270000,272000,254000,
sko_forall: 1793000,
contraction: 240000,
forall_inst: 1652000,1756000,892000,782000,764000,
implies_neg1: 216000,
implies_neg2: 173000,
__local_input: 116000,
equiv_simplify: 219000,234000,
__normalized_input: 17856000,6505000,2749000,1471000,1221000,1289000,1260000,
rare_rewrite_eq-symm: 141000,
rare_rewrite_bool-impl-elim: 12450000,13217000,12988000,12458000,8031000,

