1; Draft.Scratch_smt_check_7_27438; 2026-04-10 13:52:14.421;
bind: 186000,190000,183000,267000,265000,272000,278000,268000,268000,286000,267000,257000,267000,270000,271000,270000,260000,159000,163000,221000,226000,204000,229000,237000,235000,165000,153000,315000,308000,299000,315000,310000,313000,300000,313000,274000,250000,232000,261000,259000,227000,289000,286000,282000,298000,293000,294000,283000,285000,157000,161000,164000,168000,273000,171000,246000,240000,173000,176000,313000,316000,305000,330000,311000,340000,311000,313000,260000,257000,229000,258000,256000,226000,300000,295000,281000,313000,287000,291000,285000,290000,157000,170000,164000,166000,7594000,161000,245000,243000,240000,245000,175000,159000,315000,329000,314000,338000,316000,316000,317000,319000,251000,250000,225000,263000,258000,231000,306000,297000,291000,300000,297000,299000,292000,292000,172000,168000,165000,172000,267000,171000,263000,266000,269000,264000,243000,242000,275000,267000,169000,317000,273000,168000,164000,
cong: 170000,92000,594000,670000,592000,2029000,1837000,1707000,91000,59000,253000,303000,195000,554000,207000,205000,124000,653000,241000,284000,91000,556000,193000,189000,206000,214000,940000,94000,81000,208000,115000,210000,115000,85000,206000,115000,82000,169000,231000,131000,82000,87000,90000,83000,87000,91000,614000,673000,583000,2096000,150000,157000,96000,231000,133000,95000,94000,79000,52000,231000,131000,86000,62000,84000,3932000,246000,233000,132000,91000,100000,83000,54000,232000,130000,95000,67000,80000,1812000,84000,96000,72000,84000,102000,72000,593000,660000,559000,2025000,1767000,1672000,166000,245000,143000,131000,85000,139000,105000,86000,119000,90000,79000,82000,87000,1444000,257000,295000,110000,194000,234000,235000,161000,557000,219000,216000,249000,303000,99000,874000,865000,135000,314000,340000,65000,58000,165000,146000,75000,161000,148000,115000,56000,165000,153000,80000,153000,153000,116000,55000,362000,252000,68000,54000,69000,51000,70000,82000,56000,97000,108000,87000,91000,72000,84000,104000,89000,104000,132000,91000,95000,69000,109000,108000,83000,281000,159000,107000,135000,115000,76000,118000,122000,100000,57000,129000,119000,80000,124000,117000,105000,54000,332000,239000,206000,64000,54000,80000,64000,59000,83000,116000,73000,131000,96000,205000,128000,90000,101000,113000,59000,95000,63000,65000,69000,45000,74000,85000,54000,62000,93000,53000,54000,93000,341000,265000,321000,210000,581000,152000,158000,100000,335000,84000,62000,60000,86000,85000,164000,157000,76000,158000,144000,110000,54000,174000,154000,79000,157000,148000,113000,54000,368000,250000,72000,72000,71000,50000,70000,85000,55000,99000,107000,93000,94000,88000,81000,108000,88000,97000,108000,92000,92000,74000,94000,109000,85000,283000,169000,106000,134000,123000,80000,124000,124000,104000,55000,137000,120000,81000,126000,118000,110000,55000,329000,234000,202000,66000,54000,86000,64000,56000,86000,142000,77000,971000,98000,204000,134000,102000,106000,587000,56000,96000,66000,68000,72000,48000,75000,83000,54000,55000,90000,50000,51000,85000,320000,316000,85000,63000,60000,84000,83000,184000,157000,76000,158000,182000,189000,58000,163000,149000,77000,155000,151000,119000,56000,364000,255000,73000,59000,97000,51000,68000,91000,58000,99000,107000,91000,96000,71000,86000,110000,86000,104000,113000,92000,95000,72000,79000,105000,84000,285000,161000,114000,135000,119000,86000,126000,122000,104000,58000,133000,121000,82000,130000,117000,105000,70000,338000,239000,207000,69000,61000,90000,67000,54000,84000,133000,88000,136000,98000,221000,128000,92000,105000,113000,61000,94000,64000,71000,75000,45000,74000,84000,55000,59000,87000,50000,58000,88000,1585000,224000,208000,240000,194000,193000,224000,177000,199000,201000,220000,191000,148000,72000,61000,64000,170000,196000,94000,58000,91000,91000,61000,288000,164000,136000,102000,122000,89000,299000,175000,143000,141000,296000,156000,138000,102000,83000,106000,73000,93000,90000,309000,182000,154000,145000,615000,683000,548000,2122000,1782000,1598000,155000,161000,173000,180000,173000,181000,489000,
refl: 54000,40000,74000,87000,105000,70000,125000,44000,39000,55000,73000,22000,27000,67000,57000,24000,73000,20000,22000,51000,39000,74000,87000,76000,88000,76000,83000,21000,30000,121000,142000,73000,65000,20000,70000,69000,68000,21000,70000,120000,17000,21000,19000,20000,49000,44000,19000,48000,31000,48000,45000,21000,49000,34000,77000,21000,22000,26000,26000,24000,70000,69000,96000,20000,72000,70000,67000,20000,72000,120000,18000,38000,18000,20000,49000,64000,19000,49000,33000,48000,46000,21000,50000,35000,75000,22000,21000,23000,25000,22000,70000,65000,21000,73000,70000,65000,20000,71000,121000,19000,22000,19000,39000,50000,45000,20000,50000,33000,48000,48000,21000,50000,34000,95000,22000,24000,22000,23000,23000,70000,62000,97000,38000,27000,66000,35000,26000,24000,22000,22000,24000,29000,37000,56000,76000,75000,141000,86000,76000,118000,41000,
symm: 417000,196000,241000,408000,247000,224000,253000,229000,1445000,245000,244000,278000,291000,285000,291000,187000,245000,245000,264000,290000,292000,175000,175000,123000,119000,128000,122000,163000,202000,137000,290000,167000,215000,171000,407000,224000,244000,244000,405000,251000,248000,273000,259000,265000,101000,188000,104000,239000,170000,404000,401000,107000,203000,107000,237000,145000,158000,249000,239000,410000,240000,151000,155000,250000,409000,269000,1400000,208000,9849000,196000,113000,167000,253000,210000,177000,199000,133000,295000,159000,211000,398000,127000,407000,386000,401000,114000,181000,388000,385000,265000,974000,112000,191000,213000,208000,155000,126000,121000,112000,108000,193000,115000,381000,271000,259000,265000,261000,111000,164000,228000,113000,190000,203000,206000,152000,131000,123000,111000,107000,141000,302000,167000,230000,114000,193000,211000,216000,154000,130000,125000,117000,104000,109000,104000,191000,111000,124000,181000,429000,196000,250000,411000,156000,161000,253000,227000,238000,1389000,260000,251000,112000,262000,
trans: 268000,271000,230000,903000,864000,872000,188000,825000,603000,1466000,243000,388000,401000,384000,149000,366000,304000,276000,283000,309000,306000,311000,281000,191000,237000,366000,365000,378000,133000,330000,316000,288000,313000,297000,234000,202000,185000,161000,178000,160000,174000,175000,203000,227000,204000,222000,257000,305000,210000,246000,413000,207000,941000,880000,876000,199000,835000,607000,250000,263000,285000,281000,293000,267000,173000,268000,202000,203000,261000,198000,409000,173000,270000,211000,170000,282000,205000,167000,245000,204000,167000,422000,917000,867000,881000,194000,813000,606000,1437000,281000,208000,218000,206000,170000,188000,144000,198000,208000,213000,212000,249000,315000,221000,259000,399000,435000,446000,429000,134000,405000,272000,385000,395000,405000,412000,406000,257000,410000,413000,285000,430000,418000,433000,140000,432000,1033000,387000,161000,289000,296000,285000,245000,307000,285000,322000,241000,126000,125000,132000,286000,124000,226000,232000,167000,171000,227000,231000,161000,171000,310000,163000,253000,259000,244000,187000,169000,174000,250000,254000,255000,195000,164000,172000,328000,264000,151000,153000,208000,196000,149000,151000,138000,157000,144000,127000,136000,265000,398000,457000,453000,451000,148000,451000,265000,251000,284000,275000,279000,266000,270000,230000,163000,285000,292000,278000,253000,287000,288000,284000,251000,127000,128000,146000,294000,134000,244000,229000,163000,170000,235000,236000,163000,171000,297000,164000,255000,254000,250000,192000,168000,175000,255000,246000,249000,197000,169000,172000,331000,265000,180000,162000,214000,225000,141000,154000,143000,159000,164000,119000,129000,234000,303000,314000,227000,171000,298000,290000,293000,250000,292000,294000,287000,284000,138000,153000,139000,301000,131000,230000,234000,159000,169000,235000,235000,173000,169000,299000,170000,259000,264000,252000,204000,162000,170000,253000,251000,252000,199000,165000,173000,339000,270000,156000,158000,211000,209000,140000,152000,143000,171000,155000,120000,136000,522000,392000,250000,216000,496000,398000,199000,279000,177000,176000,279000,276000,212000,172000,177000,179000,275000,960000,887000,896000,220000,836000,620000,1435000,276000,262000,209000,272000,279000,269000,
equiv1: 1403000,121000,600000,274000,124000,784000,262000,119000,299000,127000,1394000,256000,136000,664000,1378000,122000,681000,680000,391000,125000,973000,119000,132000,698000,246000,125000,126000,131000,271000,1370000,130000,1145000,262000,
equiv2: 133000,260000,272000,130000,132000,126000,135000,251000,251000,129000,136000,130000,244000,
or_neg: 698000,714000,668000,666000,836000,678000,675000,435000,363000,396000,409000,493000,474000,422000,458000,466000,7909000,936000,984000,959000,970000,924000,953000,957000,939000,993000,972000,914000,931000,923000,919000,948000,604000,645000,578000,586000,629000,620000,564000,591000,587000,685000,673000,677000,699000,665000,672000,712000,570000,539000,564000,575000,577000,537000,530000,531000,422000,411000,350000,477000,468000,511000,525000,572000,571000,604000,614000,606000,558000,545000,545000,662000,693000,661000,654000,697000,682000,664000,390000,418000,383000,417000,
or_pos: 313000,256000,260000,261000,284000,284000,288000,251000,279000,480000,379000,293000,364000,293000,371000,323000,
and_neg: 271000,258000,266000,546000,355000,283000,
and_pos: 816000,874000,804000,786000,870000,793000,788000,189000,225000,429000,394000,416000,444000,355000,401000,409000,232000,190000,516000,543000,491000,504000,513000,486000,420000,469000,478000,292000,297000,236000,189000,200000,215000,434000,423000,494000,413000,404000,279000,380000,257000,331000,841000,796000,877000,790000,800000,785000,883000,1133000,1086000,1115000,1122000,1274000,1069000,1119000,1114000,1088000,1195000,1167000,1052000,1106000,1093000,1088000,1112000,198000,208000,447000,444000,416000,423000,411000,398000,455000,191000,236000,398000,356000,231000,189000,501000,516000,711000,785000,699000,690000,712000,763000,715000,704000,688000,192000,214000,435000,442000,417000,432000,390000,394000,453000,194000,209000,401000,361000,812000,781000,798000,862000,771000,788000,871000,325000,340000,336000,331000,448000,498000,434000,400000,656000,646000,667000,708000,709000,633000,612000,617000,285000,381000,263000,361000,516000,522000,526000,529000,417000,615000,583000,658000,658000,470000,523000,458000,692000,676000,718000,769000,765000,659000,644000,652000,290000,388000,261000,341000,239000,273000,263000,221000,206000,269000,769000,837000,782000,769000,816000,756000,774000,364000,397000,400000,379000,444000,348000,398000,238000,200000,
implies: 451000,293000,264000,125000,282000,311000,598000,250000,259000,777000,333000,252000,213000,198000,212000,192000,229000,145000,231000,518000,368000,352000,232000,453000,269000,279000,299000,1799000,246000,535000,245000,441000,249000,1010000,234000,528000,233000,448000,258000,284000,452000,335000,334000,254000,958000,395000,360000,442000,701000,270000,303000,316000,366000,244000,291000,154000,233000,316000,448000,301000,1052000,321000,366000,245000,289000,176000,256000,300000,370000,302000,355000,364000,255000,297000,161000,237000,2324000,282000,256000,243000,233000,447000,303000,248000,287000,230000,273000,568000,257000,
not_and: 709000,401000,468000,1066000,642000,714000,591000,374000,480000,614000,694000,4337000,
not_not: 235000,210000,164000,157000,160000,237000,
parsing: 215351000,
aci_simp: 1060000,1028000,
evaluate: 280000,180000,254000,405000,301000,276000,177000,225000,272000,298000,266000,176000,226000,266000,306000,285000,184000,239000,421000,301000,278000,182000,237000,404000,313000,206000,267000,191000,232000,265000,283000,269000,174000,247000,273000,316000,279000,176000,235000,289000,303000,284000,193000,262000,437000,317000,
subproof: 1730000,1026000,1275000,1094000,1495000,1175000,1361000,1092000,1666000,1243000,1128000,1071000,1071000,1074000,1032000,1069000,1004000,1501000,1417000,1259000,1229000,1101000,1749000,1126000,2840000,1492000,1471000,1494000,1325000,1134000,1308000,1949000,1495000,1436000,1491000,1318000,1715000,1251000,1236000,1130000,1330000,1893000,1299000,1246000,1281000,1159000,1631000,1456000,1166000,1193000,1286000,1217000,8672000,1036000,1113000,1297000,1082000,1219000,1962000,1231000,1266000,1254000,1293000,1045000,1174000,1195000,1295000,1236000,1261000,1286000,1233000,1322000,1056000,1156000,1162000,1155000,1120000,1161000,1165000,1777000,1155000,1176000,1272000,1492000,1186000,
and_intro: 294000,219000,194000,205000,212000,381000,187000,184000,485000,261000,181000,293000,260000,289000,188000,206000,212000,903000,373000,526000,189000,491000,376000,538000,185000,213000,296000,266000,488000,297000,271000,287000,402000,186000,284000,211000,499000,308000,291000,213000,295000,198000,207000,195000,364000,201000,
poly_simp: 2434000,2300000,2535000,2294000,2343000,1901000,2967000,1431000,1457000,1488000,1433000,1454000,1550000,11102000,2354000,2387000,2307000,1461000,1476000,1464000,6126000,2011000,2370000,2623000,2304000,1445000,1459000,1485000,5960000,1869000,2472000,2775000,2100000,1485000,1615000,1576000,2110000,1496000,1552000,2100000,1467000,2548000,1788000,1706000,2462000,2489000,2328000,2371000,2355000,2570000,2359000,2974000,1452000,1487000,1495000,1491000,1501000,1543000,11612000,1778000,1817000,1790000,2815000,1768000,1732000,1741000,2299000,2392000,2460000,2324000,1574000,2362000,2654000,2968000,1438000,1454000,1464000,1472000,1459000,1573000,11262000,2386000,2628000,1809000,1708000,2478000,2310000,1471000,1509000,3305000,1923000,1840000,2360000,1779000,3319000,4492000,1638000,1768000,2360000,2667000,2738000,2537000,2715000,2732000,2466000,2354000,1863000,3122000,1862000,1858000,2538000,2855000,2841000,2619000,2858000,2805000,2618000,1755000,2472000,2372000,2445000,2306000,2767000,2761000,2909000,2216000,2738000,2009000,2764000,2026000,3015000,2339000,2983000,2923000,10428000,2847000,2797000,2903000,2186000,2454000,2733000,1738000,2457000,2718000,2078000,2729000,2029000,3003000,2297000,2566000,3173000,1507000,1538000,1590000,1544000,1640000,1667000,11491000,1981000,1974000,2584000,2623000,1831000,1730000,2603000,2705000,
equiv_pos1: 185000,262000,122000,121000,117000,144000,
equiv_pos2: 261000,165000,265000,147000,145000,164000,683000,1317000,1165000,51000,145000,145000,275000,180000,183000,207000,541000,149000,152000,254000,181000,180000,210000,190000,652000,83000,95000,229000,231000,95000,237000,95000,101000,183000,154000,157000,280000,198000,171000,257000,143000,145000,147000,278000,150000,712000,139000,145000,156000,152000,155000,277000,81000,150000,156000,275000,79000,1733000,157000,272000,274000,168000,148000,154000,267000,81000,148000,152000,303000,85000,159000,974000,75000,164000,143000,264000,144000,74000,148000,278000,149000,688000,1149000,1128000,142000,147000,137000,27000,195000,171000,883000,248000,259000,253000,276000,253000,527000,251000,253000,158000,268000,731000,727000,348000,133000,131000,388000,92000,205000,205000,454000,48000,147000,151000,319000,181000,186000,406000,77000,79000,128000,237000,160000,81000,71000,54000,59000,46000,137000,138000,388000,255000,299000,146000,145000,154000,385000,87000,202000,202000,451000,46000,180000,146000,321000,181000,185000,397000,85000,75000,127000,238000,160000,78000,65000,53000,51000,46000,136000,133000,367000,138000,138000,369000,194000,190000,86000,196000,203000,449000,47000,151000,152000,361000,185000,184000,402000,77000,80000,130000,242000,163000,83000,65000,55000,50000,44000,944000,231000,217000,55000,50000,163000,165000,324000,166000,166000,343000,136000,263000,267000,169000,170000,335000,150000,274000,76000,149000,167000,170000,356000,145000,150000,703000,1104000,1113000,165000,147000,133000,100000,82000,169000,507000,
la_generic: 18553000,10755000,10391000,20012000,18569000,6740000,6230000,7207000,18456000,
not_equiv1: 257000,
not_equiv2: 258000,
reordering: 1151000,6190000,265000,298000,1151000,1826000,462000,1977000,2757000,656000,461000,177000,299000,392000,412000,317000,396000,757000,2169000,707000,651000,6144000,22764000,274000,280000,319000,3047000,279000,282000,318000,832000,473000,375000,877000,7259000,373000,266000,282000,318000,3069000,270000,320000,321000,364000,848000,1124000,6091000,470000,669000,669000,779000,1055000,1654000,5913000,707000,655000,8477000,1711000,718000,2424000,523000,411000,477000,1315000,6358000,544000,407000,484000,729000,661000,530000,416000,486000,344000,351000,358000,409000,521000,520000,1127000,6049000,1653000,1723000,491000,
resolution: 256000,434000,1623000,1549000,6051000,747000,7928000,781000,4240000,310000,951000,344000,285000,327000,365000,267000,285000,281000,248000,291000,198000,381000,457000,224000,260000,209000,216000,232000,206000,263000,246000,344000,7008000,253000,255000,217000,741000,2014000,424000,423000,576000,447000,1014000,158000,297000,291000,266000,315000,294000,231000,469000,276000,264000,284000,276000,216000,336000,994000,863000,1558000,228000,241000,442000,393000,513000,957000,2946000,511000,650000,741000,544000,1617000,153000,284000,286000,268000,324000,302000,246000,449000,243000,266000,221000,275000,269000,377000,310000,345000,1280000,1091000,2265000,291000,566000,525000,650000,284000,243000,330000,233000,229000,239000,433000,401000,515000,227000,219000,198000,250000,215000,328000,363000,347000,232000,354000,346000,1363000,453000,179000,193000,216000,324000,359000,350000,233000,193000,249000,326000,302000,217000,216000,579000,371000,375000,233000,200000,254000,263000,266000,365000,299000,266000,283000,333000,401000,421000,263000,284000,794000,660000,529000,1696000,220000,231000,264000,541000,472000,629000,470000,398000,563000,279000,300000,381000,353000,216000,3615000,28053000,982000,737000,1111000,772000,4323000,160000,267000,273000,248000,303000,272000,329000,985000,314000,345000,268000,287000,277000,268000,284000,362000,304000,254000,202000,338000,2474000,2028000,12579000,302000,266000,232000,261000,286000,341000,410000,416000,262000,286000,341000,234000,686000,572000,2522000,231000,264000,285000,342000,408000,412000,264000,283000,340000,237000,656000,570000,700000,243000,189000,437000,413000,516000,197000,203000,220000,180000,272000,188000,243000,278000,284000,216000,2143000,8068000,616000,415000,567000,440000,723000,169000,385000,360000,1326000,1086000,4658000,298000,275000,258000,219000,244000,276000,282000,196000,211000,234000,282000,524000,341000,410000,419000,271000,282000,346000,228000,180000,196000,687000,553000,2530000,191000,533000,263000,281000,346000,400000,423000,263000,283000,334000,241000,209000,190000,246000,283000,280000,193000,221000,663000,572000,709000,284000,214000,235000,233000,214000,1808000,1549000,5987000,731000,1095000,774000,11245000,309000,956000,288000,255000,272000,345000,283000,265000,279000,219000,233000,233000,224000,331000,361000,198000,303000,453000,513000,425000,592000,222000,233000,501000,430000,592000,280000,244000,298000,390000,370000,575000,289000,1942000,6464000,595000,413000,552000,429000,1301000,188000,238000,226000,305000,1235000,1015000,3897000,238000,258000,539000,473000,610000,463000,403000,564000,269000,313000,301000,629000,895000,418000,410000,561000,438000,732000,158000,330000,338000,337000,299000,375000,328000,222000,427000,331000,308000,201000,973000,839000,1231000,924000,863000,2369000,530000,748000,575000,1714000,231000,468000,239000,185000,428000,346000,366000,287000,269000,391000,476000,441000,280000,276000,271000,414000,531000,475000,286000,272000,198000,219000,236000,235000,300000,316000,308000,444000,555000,542000,312000,327000,186000,196000,230000,230000,220000,275000,347000,481000,466000,269000,288000,267000,280000,306000,396000,556000,560000,317000,314000,194000,236000,261000,281000,290000,195000,232000,249000,239000,342000,364000,361000,241000,241000,242000,276000,215000,241000,229000,221000,241000,246000,237000,2009000,6753000,604000,428000,570000,444000,1013000,158000,265000,257000,244000,284000,270000,267000,485000,303000,327000,285000,272000,415000,496000,497000,290000,280000,209000,265000,207000,307000,1325000,1089000,4227000,284000,444000,493000,483000,295000,199000,228000,213000,243000,235000,317000,308000,302000,456000,572000,540000,316000,304000,189000,192000,236000,233000,235000,283000,349000,491000,470000,275000,285000,258000,281000,305000,395000,560000,552000,322000,309000,200000,237000,263000,290000,330000,230000,246000,254000,272000,375000,691000,385000,263000,239000,247000,284000,208000,233000,223000,221000,227000,227000,235000,267000,272000,276000,396000,493000,456000,270000,296000,542000,480000,620000,275000,273000,397000,475000,460000,272000,292000,464000,405000,566000,263000,316000,218000,239000,240000,299000,325000,334000,449000,559000,543000,310000,332000,197000,193000,247000,238000,235000,296000,359000,495000,469000,277000,307000,302000,289000,330000,410000,585000,590000,348000,338000,203000,233000,261000,296000,296000,204000,237000,255000,243000,325000,374000,381000,247000,247000,281000,276000,214000,243000,241000,236000,245000,230000,240000,412000,353000,441000,423000,405000,509000,216000,227000,220000,424000,384000,510000,225000,395000,375000,242000,287000,365000,457000,448000,260000,296000,237000,286000,401000,489000,470000,275000,308000,294000,306000,1670000,1559000,6063000,745000,1076000,787000,4216000,326000,1006000,323000,339000,300000,301000,298000,267000,276000,247000,295000,374000,453000,424000,250000,310000,370000,281000,224000,240000,246000,231000,254000,262000,237000,316000,375000,491000,461000,265000,300000,199000,318000,738000,2025000,803000,760000,1033000,810000,999000,170000,309000,364000,304000,327000,944000,820000,1560000,258000,183000,239000,456000,454000,559000,305000,284000,249000,345000,196000,266000,
contraction: 2540000,1113000,1776000,178000,820000,498000,574000,265000,856000,937000,344000,347000,1136000,642000,806000,266000,1120000,1276000,472000,483000,366000,353000,304000,275000,291000,308000,259000,307000,196000,333000,692000,885000,498000,499000,468000,474000,312000,13984000,1098000,1754000,295000,2550000,5427000,344000,716000,1006000,343000,609000,606000,350000,355000,3357000,524000,548000,1387000,2140000,336000,705000,1016000,354000,628000,609000,2505000,1079000,1741000,461000,466000,461000,467000,359000,2670000,538000,668000,1353000,1867000,499000,506000,485000,482000,715000,544000,577000,352000,970000,1028000,1080000,744000,976000,420000,458000,507000,427000,530000,219000,339000,2773000,559000,639000,257000,457000,1411000,2025000,453000,508000,438000,516000,218000,349000,439000,531000,516000,432000,461000,478000,518000,440000,548000,219000,324000,375000,385000,419000,392000,341000,396000,405000,2488000,1094000,1732000,391000,405000,765000,964000,1151000,811000,895000,358000,369000,
forall_inst: 689000,719000,732000,661000,711000,675000,794000,779000,683000,762000,764000,618000,642000,683000,724000,610000,821000,626000,776000,683000,828000,723000,790000,629000,709000,776000,607000,649000,628000,737000,694000,623000,804000,627000,726000,837000,670000,722000,758000,663000,719000,724000,1009000,823000,847000,653000,732000,942000,845000,919000,675000,806000,778000,772000,852000,743000,774000,880000,664000,853000,636000,717000,914000,849000,942000,662000,864000,4247000,753000,820000,710000,758000,858000,908000,760000,957000,863000,938000,664000,821000,774000,794000,851000,760000,818000,814000,823000,932000,921000,828000,677000,760000,730000,869000,682000,685000,
la_mult_neg: 520000,371000,344000,343000,377000,329000,523000,339000,358000,380000,347000,353000,540000,505000,361000,488000,381000,518000,393000,394000,366000,
or_simplify: 492000,504000,523000,
implies_neg1: 1470000,326000,285000,619000,345000,921000,278000,831000,510000,351000,1195000,275000,279000,282000,258000,179000,288000,304000,551000,455000,320000,779000,252000,1461000,310000,311000,819000,672000,360000,2844000,695000,338000,312000,792000,665000,1581000,1457000,513000,330000,526000,699000,545000,458000,1494000,397000,709000,1052000,1016000,380000,395000,466000,379000,452000,175000,279000,398000,260000,725000,400000,470000,379000,457000,185000,276000,379000,379000,559000,468000,383000,468000,188000,286000,457000,1563000,393000,341000,426000,342000,350000,339000,349000,1417000,583000,389000,869000,
implies_neg2: 854000,149000,412000,209000,917000,368000,511000,208000,1235000,465000,358000,277000,249000,270000,248000,276000,180000,315000,568000,499000,394000,310000,857000,195000,2572000,319000,580000,322000,633000,345000,447000,1328000,315000,581000,311000,635000,877000,458000,442000,346000,430000,1251000,494000,391000,439000,274000,1067000,596000,442000,482000,529000,438000,570000,180000,334000,438000,197000,488000,1334000,483000,520000,488000,551000,183000,378000,448000,496000,472000,391000,534000,438000,561000,183000,335000,376000,368000,345000,389000,389000,819000,365000,406000,749000,868000,363000,
__local_input: 77000,80000,58000,55000,80000,64000,128000,170000,112000,81000,63000,131000,58000,39000,81000,37000,57000,130000,136000,77000,74000,57000,130000,66000,60000,57000,38000,75000,68000,36000,57000,122000,168000,168000,137000,57000,43000,43000,122000,171000,46000,109000,45000,71000,62000,53000,48000,76000,51000,108000,121000,73000,65000,88000,61000,67000,68000,150000,175000,132000,48000,53000,45000,47000,37000,37000,64000,75000,63000,57000,37000,54000,36000,52000,47000,70000,37000,69000,55000,46000,81000,79000,37000,55000,50000,47000,133000,93000,150000,173000,171000,50000,54000,45000,52000,41000,37000,66000,75000,60000,52000,85000,36000,46000,57000,75000,37000,51000,115000,63000,61000,64000,82000,56000,57000,158000,60000,59000,58000,57000,127000,63000,73000,56000,103000,44000,114000,44000,69000,52000,48000,65000,74000,76000,49000,39000,113000,154000,93000,163000,92000,82000,110000,58000,54000,80000,155000,184000,180000,191000,192000,185000,156000,84000,422000,110000,84000,117000,123000,174000,194000,190000,185000,161000,87000,190000,154000,46000,147000,197000,200000,204000,172000,92000,44000,73000,56000,51000,75000,95000,95000,71000,74000,121000,58000,92000,91000,97000,117000,191000,200000,204000,206000,69000,93000,78000,74000,137000,85000,140000,69000,97000,144000,72000,54000,60000,88000,63000,142000,
comp_simplify: 1488000,1453000,1632000,1510000,
poly_simp_rel: 1199000,1027000,1188000,1031000,1046000,1111000,1023000,1053000,1164000,1033000,1081000,1158000,1066000,1120000,1080000,959000,942000,1001000,1019000,1086000,1117000,1206000,1017000,1069000,1045000,1205000,1183000,11072000,1018000,1031000,1224000,1015000,994000,942000,1029000,1023000,1194000,1010000,1067000,1052000,1213000,1046000,1221000,1137000,1081000,1139000,1190000,1286000,1245000,1171000,1132000,1024000,1166000,1144000,963000,971000,1208000,999000,1000000,1212000,1184000,1196000,1168000,1233000,988000,993000,1193000,1001000,994000,1190000,1102000,1134000,1054000,987000,986000,1074000,995000,1015000,1081000,1046000,1024000,1313000,990000,991000,1085000,1065000,1227000,954000,1074000,1002000,992000,1071000,1055000,1143000,1152000,1078000,1113000,1018000,956000,1108000,1097000,
equiv_simplify: 190000,214000,201000,328000,381000,193000,196000,330000,341000,197000,191000,196000,200000,197000,205000,204000,198000,206000,196000,350000,348000,
la_disequality: 141000,116000,199000,115000,
implies_simplify: 1587000,722000,350000,907000,344000,1571000,340000,796000,1555000,806000,782000,483000,1110000,833000,326000,1527000,1345000,
__normalized_input: 26796000,22378000,19704000,18915000,18695000,16557000,15928000,13404000,13173000,12979000,12829000,12498000,12369000,10816000,10774000,5354000,5295000,4900000,4804000,3999000,4149000,3904000,3980000,4027000,90602000,6320000,4595000,4645000,2396000,2413000,2597000,2245000,2294000,1929000,2408000,1687000,1922000,
rare_rewrite_eq-refl: 114000,177000,114000,183000,120000,182000,
rare_rewrite_eq-symm: 124000,185000,117000,161000,119000,168000,115000,165000,125000,169000,124000,124000,127000,118000,161000,111000,122000,164000,116000,127000,123000,104000,109000,122000,152000,118000,95000,99000,167000,110000,117000,170000,124000,100000,101000,167000,143000,185000,115000,159000,119000,127000,154000,122000,162000,113000,249000,125000,125000,132000,271000,223000,132000,137000,122000,132000,124000,132000,125000,160000,109000,130000,159000,112000,144000,133000,103000,111000,121000,166000,125000,102000,104000,178000,110000,127000,163000,130000,103000,103000,171000,124000,158000,128000,162000,111000,127000,158000,123000,195000,117000,243000,128000,127000,135000,276000,176000,135000,137000,145000,122000,120000,135000,134000,173000,110000,124000,167000,118000,133000,127000,102000,112000,126000,166000,125000,104000,104000,176000,123000,125000,157000,122000,99000,103000,181000,129000,165000,123000,172000,122000,128000,158000,124000,170000,120000,250000,137000,129000,143000,264000,184000,137000,139000,123000,134000,114000,359000,251000,241000,
rare_rewrite_bool-eq-true: 5764000,5990000,6095000,6332000,6453000,6473000,
rare_rewrite_arith-elim-gt: 5881000,6072000,6059000,6422000,6514000,
rare_rewrite_arith-elim-lt: 10655000,6890000,6807000,5898000,10550000,5989000,10610000,7245000,7376000,15630000,6354000,11453000,7754000,
rare_rewrite_bool-eq-false: 6504000,6672000,
rare_rewrite_arith-elim-leq: 5613000,5761000,5996000,5732000,5859000,6239000,6248000,5916000,6224000,6391000,
rare_rewrite_bool-impl-elim: 5591000,5629000,5787000,5598000,5738000,5593000,16189000,6166000,5599000,5627000,5742000,5597000,6174000,5784000,5777000,5908000,5943000,5789000,5666000,6089000,6459000,14483000,6090000,6184000,6277000,6488000,6231000,
rare_rewrite_bool-and-de-morgan: 5447000,5470000,
rare_rewrite_bool-double-not-elim: 294000,316000,271000,243000,285000,395000,264000,265000,395000,389000,124000,116000,115000,116000,117000,117000,122000,120000,120000,120000,127000,122000,288000,426000,275000,

