1; Draft.Scratch_smt_check_7_21086; 2026-04-10 13:52:11.028;
bind: 247000,273000,295000,302000,173000,244000,304000,298000,173000,283000,251000,314000,315000,165000,283000,251000,316000,314000,173000,282000,243000,585000,592000,316000,525000,
cong: 127000,77000,263000,145000,93000,140000,142000,290000,147000,94000,267000,144000,91000,117000,70000,368000,423000,300000,1172000,118000,78000,142000,141000,270000,146000,93000,122000,74000,270000,164000,95000,126000,69000,122000,95000,152000,149000,292000,148000,96000,121000,78000,979000,242000,236000,166000,215000,208000,133000,153000,85000,48000,48000,46000,88000,92000,45000,51000,51000,158000,208000,270000,144000,93000,124000,70000,126000,79000,400000,465000,512000,1132000,123000,84000,145000,150000,277000,149000,90000,127000,73000,263000,144000,89000,117000,69000,126000,79000,224000,242000,462000,252000,141000,191000,113000,1645000,
refl: 53000,53000,26000,33000,44000,57000,46000,54000,54000,28000,55000,55000,29000,28000,24000,46000,55000,45000,35000,52000,54000,27000,92000,92000,46000,161000,112000,121000,121000,129000,82000,103000,93000,
symm: 115000,112000,163000,110000,250000,201000,207000,293000,208000,171000,112000,250000,161000,109000,167000,113000,164000,107000,252000,196000,217000,209000,206000,248000,176000,114000,254000,169000,111000,177000,247000,
trans: 190000,129000,211000,213000,136000,222000,130000,218000,567000,543000,553000,180000,496000,414000,244000,187000,210000,214000,130000,223000,129000,256000,194000,212000,213000,140000,337000,396000,213000,196000,231000,136000,217000,218000,216000,226000,609000,581000,611000,197000,512000,411000,233000,192000,214000,212000,139000,229000,136000,227000,192000,429000,435000,360000,
equiv1: 134000,134000,882000,246000,133000,130000,129000,130000,128000,890000,248000,128000,132000,132000,131000,281000,
equiv2: 115000,118000,117000,120000,117000,126000,119000,120000,117000,254000,
or_neg: 588000,593000,589000,598000,566000,559000,558000,574000,604000,588000,612000,628000,589000,589000,577000,574000,567000,587000,607000,607000,
or_pos: 251000,246000,258000,256000,280000,274000,276000,248000,260000,267000,264000,260000,272000,250000,264000,268000,261000,291000,269000,253000,260000,266000,265000,266000,271000,253000,252000,534000,507000,523000,
and_pos: 541000,527000,562000,522000,522000,545000,642000,654000,637000,655000,614000,617000,611000,613000,662000,631000,551000,548000,569000,536000,537000,565000,639000,647000,650000,709000,617000,621000,628000,617000,649000,673000,
implies: 257000,294000,287000,277000,241000,264000,1013000,266000,261000,257000,235000,325000,242000,286000,256000,1010000,251000,518000,
not_and: 639000,639000,
not_not: 141000,157000,143000,141000,141000,143000,145000,149000,164000,295000,
parsing: 36961000,
evaluate: 289000,181000,237000,384000,313000,308000,181000,238000,383000,340000,
subproof: 1161000,1164000,1406000,1089000,1130000,1182000,1951000,1122000,1196000,1426000,1112000,1122000,1178000,1938000,1134000,2325000,
and_intro: 213000,172000,577000,168000,213000,172000,207000,561000,
poly_simp: 2192000,1438000,1617000,1811000,1789000,1775000,1784000,2327000,1786000,2372000,2388000,3044000,9082000,1459000,1461000,1531000,8419000,2156000,1445000,1615000,1732000,1747000,2574000,1834000,2199000,1456000,1667000,1810000,1765000,1742000,1776000,1815000,1838000,2412000,1832000,2359000,2434000,3024000,1471000,1489000,1476000,1619000,8944000,2200000,1499000,1655000,1829000,1759000,2549000,1815000,2188000,1463000,1677000,3223000,3206000,
equiv_pos2: 144000,159000,321000,194000,195000,325000,75000,321000,140000,109000,115000,182000,112000,147000,403000,141000,187000,193000,328000,75000,167000,151000,325000,142000,188000,366000,330000,73000,165000,938000,208000,339000,150000,147000,114000,114000,147000,457000,143000,188000,198000,334000,75000,164000,181000,338000,141000,424000,381000,639000,128000,312000,1853000,
la_generic: 12122000,23486000,
not_equiv1: 257000,
not_equiv2: 303000,
reordering: 303000,295000,304000,303000,351000,340000,1068000,3295000,345000,298000,305000,343000,309000,304000,7420000,348000,324000,303000,345000,331000,309000,1081000,3325000,346000,300000,311000,339000,347000,306000,7332000,341000,324000,300000,710000,617000,645000,
resolution: 435000,252000,529000,228000,231000,292000,227000,272000,230000,267000,201000,224000,274000,229000,269000,286000,201000,250000,260000,375000,436000,442000,512000,191000,180000,218000,198000,251000,270000,297000,364000,441000,439000,291000,327000,200000,191000,224000,187000,263000,2256000,9449000,594000,532000,749000,566000,2579000,165000,247000,289000,277000,265000,695000,260000,269000,250000,258000,361000,441000,432000,275000,194000,180000,217000,195000,230000,263000,232000,273000,209000,266000,236000,264000,198000,309000,242000,249000,309000,273000,223000,285000,249000,265000,299000,366000,438000,442000,266000,298000,211000,177000,217000,188000,236000,234000,297000,236000,269000,303000,221000,1540000,1272000,5030000,244000,263000,374000,434000,439000,294000,201000,183000,229000,194000,224000,269000,233000,275000,202000,235000,228000,305000,245000,261000,314000,384000,437000,435000,273000,331000,204000,181000,219000,190000,242000,233000,281000,230000,272000,312000,230000,389000,2259000,9507000,624000,556000,761000,592000,2610000,163000,254000,297000,296000,286000,707000,278000,251000,263000,374000,440000,440000,281000,195000,185000,221000,193000,234000,270000,236000,274000,210000,235000,294000,261000,297000,238000,251000,240000,254000,278000,226000,266000,227000,310000,244000,271000,314000,377000,441000,438000,267000,330000,203000,194000,224000,181000,246000,227000,275000,236000,264000,302000,225000,1495000,1271000,5006000,262000,255000,368000,449000,433000,282000,206000,190000,219000,191000,231000,275000,229000,272000,200000,232000,224000,297000,256000,21318000,588000,678000,825000,787000,502000,586000,395000,364000,415000,355000,467000,439000,520000,431000,487000,547000,418000,
contraction: 401000,381000,3824000,711000,1055000,273000,373000,384000,1435000,2234000,386000,385000,3807000,740000,1081000,270000,383000,392000,1429000,2210000,379000,776000,
forall_inst: 748000,737000,748000,741000,659000,745000,743000,652000,804000,665000,836000,688000,782000,625000,737000,749000,695000,784000,764000,810000,652000,777000,766000,684000,817000,632000,746000,744000,662000,775000,787000,824000,667000,791000,767000,709000,790000,626000,782000,743000,688000,784000,790000,827000,655000,770000,746000,684000,800000,619000,759000,736000,661000,767000,834000,1621000,1267000,1512000,1389000,1352000,
la_mult_neg: 370000,340000,314000,393000,313000,415000,
implies_neg1: 344000,347000,347000,259000,339000,927000,342000,344000,1602000,359000,269000,359000,929000,344000,658000,2974000,
implies_neg2: 344000,367000,561000,194000,346000,348000,1488000,339000,344000,561000,198000,362000,347000,1498000,365000,690000,
__local_input: 197000,223000,199000,138000,200000,64000,59000,78000,58000,52000,145000,196000,216000,51000,51000,52000,51000,44000,44000,45000,48000,76000,135000,202000,142000,217000,57000,52000,63000,52000,59000,145000,207000,335000,88000,90000,92000,90000,76000,76000,127000,77000,107000,202000,
poly_simp_rel: 1011000,1034000,1053000,964000,1032000,1043000,1060000,1014000,1161000,1003000,1027000,961000,1091000,1078000,1024000,1052000,967000,1053000,1084000,1045000,1076000,1079000,1055000,1040000,1048000,1052000,969000,1090000,1045000,1035000,2033000,1791000,
equiv_simplify: 188000,204000,184000,218000,192000,205000,198000,218000,197000,184000,205000,192000,201000,185000,200000,207000,190000,208000,184000,203000,407000,407000,
implies_simplify: 1017000,325000,1021000,335000,
__normalized_input: 48839000,30687000,12574000,4693000,1320000,776000,782000,746000,745000,751000,776000,731000,
rare_rewrite_arith-elim-gt: 5895000,
rare_rewrite_arith-elim-lt: 6087000,8101000,8553000,
rare_rewrite_arith-elim-leq: 5809000,6781000,5860000,5686000,
rare_rewrite_bool-impl-elim: 5882000,5744000,5932000,5731000,5798000,5907000,5920000,6022000,5971000,6126000,5950000,5873000,11224000,11142000,11249000,
rare_rewrite_bool-double-not-elim: 128000,137000,131000,129000,136000,134000,291000,139000,130000,288000,278000,568000,

