1; Draft.Scratch_smt_check_7_18540; 2026-04-10 13:51:09.043;
bind: 739000,677000,628000,703000,726000,738000,439000,283000,255000,320000,
cong: 317000,309000,233000,88000,269000,90000,293000,308000,377000,241000,296000,323000,243000,185000,170000,56000,136000,61000,
refl: 119000,56000,682000,85000,54000,52000,118000,56000,48000,65000,304000,32000,27000,
symm: 624000,715000,550000,240000,265000,
trans: 636000,713000,733000,604000,611000,581000,522000,279000,634000,571000,594000,599000,783000,642000,578000,479000,585000,477000,633000,611000,586000,431000,455000,455000,395000,148000,255000,269000,276000,220000,255000,
or_pos: 312000,
and_pos: 401000,
parsing: 7273000,
aci_simp: 2096000,2210000,2284000,1858000,1037000,1230000,
evaluate: 552000,274000,
onepoint: 2499000,1284000,
qnt_join: 671000,746000,295000,
equiv_pos2: 221000,
reordering: 608000,336000,
resolution: 490000,477000,551000,658000,
forall_inst: 884000,
qnt_rm_unused: 870000,2618000,375000,329000,824000,
connective_def: 941000,366000,
miniscope_split: 900000,
__normalized_input: 1633000,1694000,2017000,
miniscope_distribute: 614000,
rare_rewrite_eq-refl: 265000,142000,
rare_rewrite_eq-symm: 318000,143000,
rare_rewrite_or-not-refl: 13113000,6458000,
rare_rewrite_bool-or-de-morgan: 11919000,
rare_rewrite_bool-and-de-morgan: 12179000,12576000,6482000,
rare_rewrite_bool-double-not-elim: 557000,431000,

