1; Draft.Scratch_smt_check_7_14086; 2026-04-10 13:48:00.437;
bind: 368000,374000,368000,388000,257000,307000,665000,678000,694000,697000,422000,391000,389000,402000,344000,
cong: 60000,80000,43000,33000,67000,36000,31000,76000,48000,47000,52000,35000,112000,65000,161000,100000,47000,42000,59000,56000,160000,100000,51000,43000,55000,58000,314000,148000,82000,70000,78000,273000,49000,29000,23000,35000,40000,32000,28000,23000,22000,20000,63000,55000,62000,103000,120000,123000,124000,75000,67000,107000,204000,103000,91000,94000,74000,77000,134000,122000,76000,273000,167000,86000,79000,89000,89000,290000,171000,86000,70000,94000,106000,531000,241000,130000,114000,126000,499000,97000,54000,42000,60000,98000,65000,54000,43000,33000,34000,35000,189000,129000,95000,89000,231000,110000,179000,77000,65000,114000,186000,128000,85000,124000,65000,54000,141000,88000,77000,170000,111000,48000,39000,52000,56000,175000,101000,47000,41000,52000,58000,344000,145000,103000,82000,100000,283000,52000,32000,27000,36000,54000,35000,111000,89000,149000,37000,30000,26000,25000,28000,31000,59000,50000,59000,401000,
refl: 47000,47000,52000,27000,20000,20000,18000,82000,86000,99000,55000,30000,33000,30000,49000,48000,54000,31000,19000,27000,20000,64000,60000,59000,53000,
symm: 70000,331000,184000,226000,240000,154000,439000,215000,141000,129000,262000,83000,
trans: 143000,133000,188000,313000,332000,201000,188000,99000,94000,98000,84000,187000,147000,89000,88000,138000,272000,347000,320000,217000,237000,251000,584000,589000,375000,372000,222000,162000,189000,180000,368000,373000,148000,164000,430000,451000,341000,317000,214000,241000,276000,327000,328000,245000,273000,111000,95000,114000,121000,169000,197000,246000,254000,159000,96000,116000,
equiv1: 73000,350000,171000,230000,88000,
equiv2: 436000,263000,276000,
or_neg: 310000,321000,301000,294000,327000,
or_pos: 265000,499000,332000,
and_pos: 288000,277000,736000,681000,685000,638000,652000,
implies: 247000,498000,958000,246000,
not_and: 322000,
not_not: 298000,259000,
parsing: 52181000,
aci_simp: 861000,1593000,925000,
evaluate: 159000,185000,181000,287000,310000,333000,311000,192000,238000,244000,
subproof: 1202000,1244000,2269000,2807000,1309000,
and_intro: 496000,
equiv_pos2: 61000,59000,91000,262000,272000,366000,344000,148000,63000,294000,112000,124000,110000,503000,568000,762000,720000,180000,248000,48000,123000,114000,263000,273000,370000,399000,97000,127000,163000,70000,398000,
reordering: 388000,563000,829000,3656000,426000,
resolution: 258000,236000,194000,211000,188000,312000,354000,363000,470000,427000,224000,322000,221000,260000,256000,196000,157000,743000,2422000,323000,258000,333000,287000,472000,165000,208000,246000,289000,325000,341000,423000,293000,390000,369000,341000,320000,537000,600000,631000,840000,728000,388000,560000,377000,309000,1137000,970000,2831000,413000,402000,323000,395000,385000,340000,229000,359000,347000,383000,504000,436000,240000,366000,288000,271000,313000,340000,235000,202000,
contraction: 456000,886000,339000,368000,830000,1261000,1530000,459000,
forall_inst: 831000,822000,1550000,1536000,897000,903000,
or_simplify: 399000,755000,465000,
implies_neg1: 407000,803000,762000,420000,754000,
implies_neg2: 363000,248000,677000,1263000,367000,
__local_input: 111000,179000,89000,101000,125000,39000,36000,63000,43000,68000,
equiv_simplify: 146000,560000,404000,274000,466000,322000,178000,
implies_simplify: 437000,
__normalized_input: 8786000,8779000,5912000,25599000,11275000,3612000,4010000,2938000,
rare_rewrite_eq-refl: 74000,159000,99000,
rare_rewrite_eq-symm: 121000,161000,256000,235000,165000,84000,175000,78000,236000,436000,448000,347000,161000,323000,150000,326000,420000,229000,247000,245000,177000,95000,167000,180000,255000,96000,
rare_rewrite_bool-eq-true: 5955000,5738000,5655000,11398000,11035000,11526000,8622000,6652000,6747000,
rare_rewrite_bool-eq-false: 6059000,11434000,12299000,12416000,6997000,7299000,7011000,
rare_rewrite_bool-impl-elim: 6061000,22319000,7387000,
rare_rewrite_bool-double-not-elim: 177000,

