1; Draft.Scratch_smt_check_7_3842; 2026-04-10 13:50:19.133;
bind: 310000,320000,318000,294000,323000,316000,
cong: 165000,174000,111000,205000,184000,102000,88000,96000,53000,57000,260000,180000,106000,207000,188000,
refl: 38000,82000,50000,40000,18000,27000,44000,83000,49000,42000,
symm: 281000,276000,
trans: 286000,283000,295000,304000,312000,296000,305000,294000,287000,299000,303000,304000,275000,314000,
or_pos: 278000,
implies: 313000,
parsing: 18089000,
qnt_join: 354000,369000,
subproof: 1709000,
equiv_pos2: 214000,84000,76000,211000,
reordering: 414000,
resolution: 267000,351000,275000,226000,239000,460000,508000,337000,353000,
contraction: 474000,
forall_inst: 908000,
implies_neg1: 467000,
implies_neg2: 428000,
__local_input: 120000,
connective_def: 466000,319000,475000,322000,
miniscope_split: 441000,478000,
__normalized_input: 2358000,1004000,988000,1017000,1399000,
rare_rewrite_bool-and-de-morgan: 6808000,6912000,
rare_rewrite_bool-double-not-elim: 309000,239000,299000,233000,

