1; Draft.Scratch_smt_check_7_2743; 2026-04-10 13:50:04.320;
bind: 546000,410000,721000,422000,304000,234000,419000,404000,271000,222000,269000,
cong: 199000,209000,169000,143000,287000,194000,272000,119000,194000,93000,100000,72000,282000,214000,282000,121000,184000,151000,94000,60000,470000,390000,154000,117000,90000,107000,
refl: 169000,68000,99000,70000,115000,78000,31000,
trans: 386000,421000,429000,272000,605000,646000,648000,247000,188000,199000,133000,368000,338000,358000,253000,180000,225000,143000,
equiv1: 443000,
or_pos: 439000,
implies: 400000,
parsing: 16484000,
aci_simp: 2686000,1700000,
not_symm: 220000,
subproof: 1498000,
poly_simp: 4641000,4830000,2786000,2316000,3634000,2487000,1888000,
equiv_pos2: 310000,240000,276000,262000,570000,
reordering: 597000,
resolution: 509000,492000,391000,527000,729000,675000,616000,711000,1043000,430000,433000,
contraction: 615000,
forall_inst: 1184000,
implies_neg1: 556000,
implies_neg2: 606000,
__local_input: 197000,
poly_simp_rel: 2069000,2005000,1210000,1193000,1279000,1198000,
__normalized_input: 1314000,1410000,893000,1044000,
rare_rewrite_eq-symm: 118000,111000,
rare_rewrite_arith-elim-lt: 12395000,12245000,7187000,7797000,7899000,7449000,
rare_rewrite_bool-impl-elim: 13918000,7320000,7069000,7958000,7615000,
rare_rewrite_bool-and-de-morgan: 6932000,8922000,
rare_rewrite_bool-double-not-elim: 437000,123000,164000,

