1; Draft.Scratch_smt_check_7_6785; 2026-04-10 13:50:03.783;
and: 109000,115000,116000,109000,
bind: 221000,231000,210000,236000,224000,221000,230000,228000,215000,247000,226000,213000,
cong: 143000,51000,78000,129000,106000,128000,93000,61000,150000,50000,84000,131000,109000,129000,93000,57000,193000,164000,63000,78000,143000,50000,82000,126000,125000,126000,93000,60000,148000,52000,79000,155000,107000,120000,88000,60000,317000,256000,108000,
refl: 35000,22000,79000,38000,34000,118000,37000,65000,21000,102000,38000,37000,83000,39000,39000,35000,22000,79000,40000,33000,84000,37000,37000,23000,75000,40000,36000,106000,36000,65000,
symm: 86000,184000,85000,197000,99000,192000,84000,186000,
trans: 211000,187000,203000,193000,204000,136000,214000,198000,208000,175000,200000,140000,174000,110000,203000,233000,203000,177000,342000,139000,211000,191000,208000,171000,183000,136000,320000,207000,
or_pos: 194000,393000,
implies: 212000,146000,177000,
parsing: 12499000,
aci_simp: 1151000,1157000,1031000,1095000,1136000,1871000,
evaluate: 202000,341000,
subproof: 1206000,1168000,1167000,
equiv_pos2: 140000,135000,218000,130000,130000,423000,
reordering: 214000,222000,439000,
resolution: 191000,217000,232000,304000,294000,363000,472000,283000,292000,266000,271000,243000,229000,287000,282000,338000,402000,270000,335000,
contraction: 299000,226000,277000,
forall_inst: 775000,795000,
implies_neg1: 268000,14711000,337000,
implies_neg2: 256000,197000,256000,
__local_input: 137000,111000,95000,
__normalized_input: 961000,1130000,912000,1143000,
rare_rewrite_eq-refl: 88000,167000,
rare_rewrite_eq-symm: 98000,98000,98000,96000,104000,94000,101000,88000,95000,204000,
rare_rewrite_bool-impl-elim: 6964000,6884000,6253000,6248000,
rare_rewrite_bool-and-de-morgan: 6684000,7085000,6194000,5989000,
rare_rewrite_bool-double-not-elim: 120000,131000,118000,111000,

