1; Draft.Scratch_smt_check_7_6683; 2026-04-10 13:52:05.334;
bind: 300000,294000,450000,451000,438000,417000,285000,453000,451000,441000,410000,278000,275000,280000,537000,558000,
cong: 82000,79000,50000,51000,53000,244000,107000,306000,66000,64000,43000,82000,105000,58000,214000,229000,215000,246000,238000,88000,300000,63000,59000,40000,82000,103000,60000,216000,229000,215000,237000,368000,218000,73000,116000,123000,89000,82000,87000,76000,220000,104000,129000,171000,126000,75000,116000,74000,
refl: 23000,76000,41000,76000,49000,76000,61000,76000,32000,76000,43000,32000,
symm: 128000,137000,134000,134000,269000,299000,
trans: 264000,423000,435000,407000,419000,429000,411000,417000,437000,435000,438000,461000,416000,424000,418000,422000,402000,399000,184000,259000,213000,521000,
choice: 73000,
or_neg: 221000,240000,196000,
or_pos: 323000,476000,
implies: 416000,222000,475000,
parsing: 14915000,
aci_simp: 1252000,1213000,1220000,1187000,1188000,
evaluate: 230000,
subproof: 1837000,1189000,2663000,
equiv_pos2: 44000,143000,258000,267000,464000,124000,124000,156000,150000,464000,75000,262000,
reordering: 455000,267000,636000,
resolution: 267000,325000,255000,266000,213000,332000,288000,338000,410000,456000,616000,653000,433000,422000,235000,302000,339000,233000,294000,333000,414000,403000,244000,327000,709000,706000,513000,569000,466000,
sko_forall: 1187000,
contraction: 631000,303000,384000,677000,
forall_inst: 1001000,904000,869000,1459000,
or_simplify: 592000,
implies_neg1: 583000,344000,679000,
implies_neg2: 590000,359000,645000,
__local_input: 218000,202000,318000,
connective_def: 520000,507000,
__normalized_input: 56144000,55064000,48478000,18929000,1648000,1304000,
rare_rewrite_eq-refl: 187000,8116000,
rare_rewrite_eq-symm: 213000,210000,158000,144000,
rare_rewrite_bool-eq-true: 6088000,
rare_rewrite_bool-impl-elim: 5953000,6028000,5934000,11243000,
rare_rewrite_bool-and-de-morgan: 5981000,6333000,5970000,6291000,
rare_rewrite_bool-double-not-elim: 402000,413000,179000,

