1; Draft.Scratch_smt_check_7_24379; 2026-04-10 13:48:55.677;
bind: 684000,726000,649000,680000,364000,736000,741000,385000,1020000,1642000,
cong: 131000,128000,111000,172000,204000,73000,172000,200000,350000,382000,369000,206000,72000,203000,68000,183000,64000,210000,68000,274000,177000,164000,191000,245000,216000,226000,104000,159000,190000,491000,
refl: 17000,22000,247000,41000,44000,422000,35000,32000,24000,40000,35000,31000,24000,41000,570000,38000,33000,26000,36000,31000,28000,24000,36000,
symm: 247000,245000,264000,456000,565000,495000,632000,249000,
false: 13000,
trans: 249000,280000,260000,648000,508000,548000,493000,490000,495000,461000,475000,320000,135000,506000,362000,397000,313000,480000,320000,122000,540000,387000,381000,342000,560000,346000,346000,350000,338000,316000,684000,782000,660000,
choice: 43000,45000,48000,47000,49000,65000,67000,126000,
equiv2: 167000,364000,
or_neg: 233000,284000,250000,224000,268000,217000,386000,
or_pos: 1350000,
implies: 226000,219000,
not_not: 361000,
parsing: 22650000,
aci_simp: 1263000,1311000,1173000,1372000,2118000,2779000,2822000,3035000,
evaluate: 295000,264000,450000,
onepoint: 2137000,2781000,
qnt_join: 490000,539000,
subproof: 1186000,1170000,
equiv_pos2: 59000,173000,251000,177000,245000,1387000,133000,557000,71000,
reordering: 315000,318000,1923000,
resolution: 149000,192000,196000,245000,241000,376000,402000,218000,335000,430000,360000,269000,268000,372000,396000,219000,330000,567000,398000,262000,206000,266000,387000,407000,465000,514000,715000,546000,
sko_forall: 29643000,
contraction: 352000,345000,351000,350000,
forall_inst: 873000,877000,3078000,
implies_neg1: 301000,294000,
implies_neg2: 267000,263000,
__local_input: 139000,134000,
qnt_rm_unused: 798000,4349000,872000,6746000,
equiv_simplify: 252000,478000,
__normalized_input: 36554000,4038000,2000000,1910000,2040000,
rare_rewrite_eq-refl: 150000,124000,
rare_rewrite_eq-symm: 181000,182000,141000,134000,
rare_rewrite_or-not-refl: 7479000,6976000,
rare_rewrite_bool-impl-false1: 19191000,21770000,
rare_rewrite_bool-and-de-morgan: 9156000,8859000,35434000,17314000,17166000,
rare_rewrite_bool-double-not-elim: 156000,170000,205000,187000,

