1; Draft.Scratch_smt_check_7_4946; 2026-04-10 13:45:24.513;
and: 74000,72000,81000,63000,74000,75000,115000,168000,134000,119000,202000,126000,111000,192000,129000,172000,148000,123000,201000,
cong: 61000,137000,97000,245000,87000,242000,161000,219000,79000,224000,329000,97000,318000,
refl: 30000,52000,34000,34000,41000,78000,
symm: 43000,67000,78000,137000,79000,139000,78000,146000,
trans: 78000,83000,126000,268000,233000,133000,
equiv1: 136000,130000,244000,241000,
equiv2: 84000,119000,89000,137000,157000,139000,139000,177000,
or_neg: 136000,176000,137000,136000,140000,136000,244000,225000,229000,347000,281000,278000,266000,234000,262000,248000,
and_pos: 99000,94000,107000,86000,95000,102000,102000,150000,105000,177000,263000,171000,175000,162000,198000,173000,191000,175000,173000,172000,253000,192000,243000,191000,
implies: 140000,257000,257000,275000,
not_and: 139000,159000,257000,279000,236000,
not_not: 95000,111000,160000,187000,
parsing: 40819000,
aci_simp: 1739000,1747000,
evaluate: 179000,261000,262000,284000,
subproof: 1031000,1290000,1052000,2028000,1911000,1996000,1992000,2694000,
and_intro: 99000,190000,189000,227000,
equiv_pos2: 29000,98000,45000,192000,47000,189000,182000,178000,50000,242000,
reordering: 167000,313000,367000,318000,683000,558000,679000,295000,665000,839000,
resolution: 157000,179000,161000,331000,312000,162000,165000,200000,194000,504000,131000,129000,168000,146000,266000,260000,535000,158000,337000,310000,160000,168000,196000,220000,510000,136000,137000,222000,222000,467000,438000,901000,296000,563000,521000,275000,283000,339000,391000,848000,226000,247000,284000,220000,471000,433000,891000,646000,2322000,385000,551000,546000,285000,312000,396000,323000,885000,243000,249000,302000,246000,511000,2357000,1009000,
contraction: 235000,150000,184000,204000,239000,239000,146000,188000,386000,450000,462000,263000,347000,390000,443000,604000,545000,269000,405000,410000,456000,
implies_neg1: 138000,194000,250000,348000,263000,350000,249000,395000,
implies_neg2: 108000,193000,108000,334000,200000,334000,195000,377000,
__local_input: 16000,13000,24000,12000,17000,23000,23000,116000,43000,24000,27000,30000,26000,26000,39000,26000,29000,39000,64000,18000,39000,29000,67000,44000,
equiv_simplify: 146000,152000,248000,287000,258000,285000,278000,274000,
implies_simplify: 212000,211000,382000,400000,
__normalized_input: 4182000,8585000,4620000,13021000,1841000,
rare_rewrite_eq-symm: 95000,
rare_rewrite_bool-double-not-elim: 130000,161000,112000,114000,116000,144000,274000,

