1; Draft.Scratch_smt_check_7_18601; 2026-04-10 13:46:46.504;
bind: 243000,415000,423000,415000,405000,341000,319000,341000,316000,408000,400000,412000,421000,360000,315000,341000,326000,414000,428000,444000,439000,362000,322000,374000,338000,328000,343000,228000,424000,372000,378000,234000,221000,252000,
cong: 123000,311000,146000,143000,95000,174000,118000,94000,73000,82000,183000,61000,61000,166000,113000,87000,66000,78000,55000,54000,56000,398000,199000,211000,213000,186000,173000,160000,81000,242000,184000,176000,155000,79000,365000,279000,105000,119000,92000,259000,163000,365000,174000,115000,86000,67000,77000,57000,64000,58000,168000,116000,90000,70000,80000,58000,58000,63000,398000,208000,217000,217000,213000,173000,167000,83000,213000,199000,179000,165000,83000,379000,269000,106000,126000,96000,89000,173000,116000,88000,69000,78000,58000,58000,62000,171000,120000,95000,78000,83000,62000,61000,65000,406000,209000,227000,221000,197000,172000,171000,87000,214000,196000,176000,164000,88000,378000,279000,103000,127000,103000,192000,119000,116000,92000,120000,121000,86000,310000,147000,143000,102000,366000,231000,123000,299000,321000,133000,103000,314000,337000,136000,99000,361000,227000,106000,570000,297000,655000,92000,231000,143000,63000,213000,191000,89000,67000,188000,181000,189000,350000,171000,148000,147000,132000,93000,76000,48000,158000,159000,142000,
refl: 32000,52000,27000,29000,26000,63000,27000,27000,65000,28000,42000,27000,28000,57000,23000,24000,27000,65000,28000,26000,68000,28000,40000,28000,30000,25000,28000,28000,67000,27000,26000,69000,32000,40000,29000,46000,38000,30000,41000,28000,49000,35000,87000,179000,97000,150000,148000,102000,46000,83000,75000,80000,61000,23000,40000,
symm: 91000,96000,144000,572000,387000,74000,
trans: 138000,158000,121000,341000,348000,261000,261000,228000,246000,210000,133000,100000,274000,219000,239000,218000,134000,97000,256000,154000,166000,100000,266000,118000,251000,346000,344000,260000,263000,276000,253000,221000,140000,101000,263000,226000,250000,214000,139000,101000,306000,146000,166000,101000,134000,354000,381000,272000,267000,247000,259000,221000,143000,113000,272000,233000,258000,216000,142000,108000,257000,147000,167000,99000,122000,182000,323000,320000,151000,513000,536000,327000,334000,334000,153000,625000,209000,572000,441000,192000,187000,176000,90000,332000,269000,253000,284000,289000,261000,228000,134000,157000,
equiv1: 354000,126000,82000,905000,417000,171000,
or_neg: 155000,173000,168000,184000,162000,176000,172000,190000,
or_pos: 225000,255000,269000,242000,
and_neg: 184000,181000,
and_pos: 228000,279000,240000,416000,287000,281000,328000,171000,171000,601000,567000,690000,499000,428000,357000,
implies: 267000,295000,213000,172000,250000,428000,300000,222000,217000,310000,224000,278000,6639000,299000,326000,520000,863000,152000,166000,190000,202000,
not_and: 281000,446000,
parsing: 124739000,
aci_simp: 949000,890000,1155000,1122000,889000,1162000,1140000,919000,1238000,1184000,944000,910000,2061000,1762000,963000,1020000,
evaluate: 200000,258000,320000,225000,231000,281000,306000,256000,232000,279000,371000,246000,290000,391000,235000,584000,232000,536000,438000,381000,614000,513000,452000,149000,387000,
subproof: 1137000,1716000,1207000,1096000,988000,1380000,1727000,1223000,1128000,1804000,1256000,1225000,2916000,2350000,2100000,2733000,1432000,1094000,1587000,1587000,
and_intro: 119000,169000,259000,174000,240000,319000,332000,
poly_simp: 2264000,1988000,1690000,2126000,1659000,2132000,2195000,2688000,1816000,2349000,2104000,1752000,2204000,1758000,2211000,2324000,2537000,2219000,1799000,2267000,1947000,2706000,2438000,5171000,5138000,4617000,4041000,2832000,3027000,8374000,4393000,3181000,3177000,2921000,3328000,
equiv_pos1: 86000,86000,
equiv_pos2: 164000,389000,271000,288000,486000,235000,226000,428000,191000,280000,285000,494000,220000,225000,441000,279000,288000,494000,247000,253000,444000,148000,236000,248000,399000,163000,278000,500000,585000,586000,420000,255000,251000,470000,520000,299000,139000,139000,254000,182000,140000,192000,181000,167000,
la_generic: 7101000,14031000,
reordering: 324000,728000,1343000,328000,392000,337000,343000,205000,1820000,2137000,404000,214000,322000,
resolution: 253000,252000,248000,159000,164000,259000,199000,395000,450000,404000,222000,216000,191000,246000,326000,397000,591000,608000,306000,321000,165000,300000,342000,584000,630000,341000,311000,305000,282000,361000,301000,700000,115000,173000,203000,200000,177000,345000,188000,216000,164000,664000,575000,1159000,172000,205000,248000,304000,398000,595000,602000,321000,339000,166000,324000,361000,624000,620000,346000,324000,300000,287000,440000,210000,280000,376000,406000,595000,583000,311000,361000,170000,361000,353000,623000,619000,354000,347000,354000,379000,171000,174000,261000,205000,282000,377000,461000,413000,209000,307000,197000,178000,265000,470000,644000,684000,394000,453000,503000,510000,577000,776000,597000,1470000,210000,391000,507000,433000,349000,738000,454000,490000,326000,311000,407000,470000,640000,655000,427000,420000,396000,289000,488000,1235000,1167000,1640000,182000,283000,308000,187000,257000,279000,374000,405000,250000,267000,298000,359000,395000,158000,298000,311000,377000,444000,287000,300000,
contraction: 435000,576000,503000,352000,370000,154000,606000,682000,567000,521000,269000,286000,582000,517000,295000,444000,582000,781000,897000,426000,583000,1258000,1294000,228000,288000,294000,357000,
forall_inst: 797000,933000,867000,958000,922000,1016000,918000,893000,1373000,1324000,743000,832000,
la_mult_neg: 242000,320000,444000,638000,
implies_neg1: 385000,525000,475000,128000,375000,534000,479000,535000,484000,276000,655000,392000,473000,443000,428000,1011000,206000,254000,693000,291000,
implies_neg2: 389000,560000,516000,245000,107000,594000,581000,519000,219000,567000,514000,400000,498000,569000,305000,481000,1353000,229000,301000,282000,
__local_input: 86000,97000,87000,26000,24000,39000,40000,103000,93000,106000,93000,29000,26000,27000,30000,28000,79000,85000,101000,103000,101000,66000,52000,134000,41000,64000,26000,40000,73000,67000,
poly_simp_rel: 1073000,976000,916000,974000,925000,1126000,1064000,942000,1015000,949000,1475000,1034000,1002000,1055000,1016000,2329000,2177000,2125000,2009000,1298000,1180000,1247000,
equiv_simplify: 152000,318000,
implies_simplify: 443000,193000,1118000,609000,
__normalized_input: 6171000,4615000,3864000,2635000,2984000,29370000,1710000,1925000,1882000,
rare_rewrite_eq-refl: 63000,74000,
rare_rewrite_eq-symm: 103000,86000,85000,
rare_rewrite_arith-elim-lt: 5344000,5632000,7394000,5895000,5945000,6002000,7905000,7403000,
rare_rewrite_arith-elim-leq: 5351000,5491000,11951000,5769000,5923000,5973000,
rare_rewrite_bool-impl-elim: 5642000,13787000,5997000,5753000,5737000,6000000,6172000,6249000,6199000,6334000,6587000,6299000,6306000,6001000,12300000,11873000,11575000,6129000,6490000,7072000,
rare_rewrite_bool-and-de-morgan: 5484000,5592000,5646000,6084000,5841000,6128000,6240000,7061000,
rare_rewrite_bool-double-not-elim: 111000,110000,135000,129000,133000,134000,118000,110000,88000,211000,

