1; Draft.Scratch_smt_check_7_216; 2026-04-10 13:46:45.207;
bind: 197000,321000,326000,284000,358000,368000,226000,170000,194000,383000,
cong: 335000,59000,255000,179000,172000,116000,224000,86000,
refl: 69000,737000,56000,38000,60000,
symm: 265000,328000,145000,140000,122000,
trans: 275000,267000,288000,249000,83000,286000,277000,348000,307000,237000,257000,117000,298000,118000,
choice: 83000,
or_neg: 133000,226000,236000,
or_pos: 304000,
and_neg: 899000,
and_pos: 329000,360000,354000,357000,343000,345000,318000,332000,361000,362000,
implies: 167000,389000,387000,
parsing: 49528000,
aci_simp: 1364000,1523000,1267000,
evaluate: 210000,
onepoint: 5328000,
qnt_join: 315000,
subproof: 1237000,1410000,1456000,
and_intro: 373000,
poly_simp: 2374000,5000000,2170000,2077000,3576000,
equiv_pos2: 117000,242000,89000,113000,227000,111000,215000,
reordering: 457000,615000,1902000,1875000,
resolution: 286000,209000,195000,191000,200000,282000,219000,288000,331000,196000,202000,183000,236000,175000,346000,397000,391000,344000,328000,797000,566000,476000,1620000,200000,221000,190000,284000,260000,225000,575000,471000,1593000,226000,207000,183000,201000,322000,
sko_forall: 1251000,
contraction: 295000,372000,574000,806000,540000,711000,
forall_inst: 703000,759000,758000,809000,953000,697000,766000,793000,748000,767000,846000,786000,830000,792000,1451000,
implies_neg1: 214000,1294000,1293000,
implies_neg2: 212000,462000,452000,
__local_input: 66000,60000,46000,46000,72000,83000,44000,77000,91000,115000,112000,
poly_simp_rel: 1062000,1283000,1062000,1089000,1897000,
qnt_rm_unused: 457000,2710000,
__normalized_input: 11925000,3427000,2536000,2460000,2474000,1751000,1429000,
rare_rewrite_eq-refl: 84000,
rare_rewrite_eq-symm: 98000,
rare_rewrite_or-not-refl: 17445000,
rare_rewrite_bool-impl-elim: 7268000,7615000,
rare_rewrite_bool-and-de-morgan: 6802000,
rare_rewrite_bool-double-not-elim: 192000,

