1; Draft.Scratch_smt_check_7_27879; 2026-04-10 13:48:57.337;
bind: 367000,337000,356000,329000,238000,480000,397000,463000,419000,367000,275000,372000,339000,364000,346000,362000,336000,232000,466000,395000,473000,389000,299000,354000,436000,354000,366000,332000,388000,338000,230000,483000,385000,458000,389000,298000,536000,763000,607000,
cong: 218000,205000,110000,154000,205000,181000,120000,137000,80000,208000,200000,108000,157000,208000,182000,125000,144000,87000,534000,297000,271000,113000,149000,122000,160000,272000,262000,223000,184000,132000,84000,94000,103000,93000,260000,252000,227000,178000,133000,81000,93000,83000,97000,514000,216000,192000,109000,73000,84000,89000,73000,82000,80000,91000,229000,211000,180000,181000,76000,139000,85000,94000,238000,172000,151000,88000,101000,76000,94000,89000,99000,349000,87000,107000,66000,207000,271000,193000,399000,211000,219000,108000,159000,206000,178000,120000,142000,86000,206000,203000,105000,170000,205000,183000,120000,133000,80000,531000,294000,256000,111000,144000,121000,158000,271000,256000,229000,181000,134000,86000,93000,87000,96000,265000,254000,223000,182000,161000,87000,103000,83000,100000,559000,218000,192000,106000,66000,86000,88000,67000,88000,84000,98000,236000,215000,180000,285000,129000,136000,89000,101000,258000,173000,148000,112000,104000,89000,106000,88000,103000,347000,84000,212000,206000,114000,161000,217000,185000,121000,147000,87000,212000,211000,123000,156000,205000,197000,131000,141000,88000,541000,306000,258000,128000,147000,113000,151000,260000,257000,221000,187000,129000,83000,88000,82000,95000,260000,257000,218000,179000,127000,83000,98000,121000,100000,510000,219000,198000,109000,70000,83000,90000,69000,84000,77000,98000,234000,213000,181000,298000,141000,225000,131000,141000,404000,290000,268000,166000,147000,135000,147000,155000,604000,150000,110000,342000,
refl: 33000,46000,33000,45000,31000,58000,95000,27000,27000,28000,48000,45000,92000,30000,35000,30000,32000,45000,29000,46000,30000,41000,90000,29000,29000,29000,49000,46000,95000,33000,47000,38000,46000,31000,41000,86000,27000,29000,29000,47000,43000,172000,71000,75000,
symm: 182000,133000,148000,199000,
trans: 171000,282000,122000,166000,115000,110000,127000,281000,116000,167000,116000,124000,122000,155000,210000,160000,180000,370000,114000,112000,144000,133000,325000,117000,1505000,120000,136000,277000,157000,154000,109000,118000,144000,110000,111000,123000,127000,234000,220000,243000,183000,125000,117000,119000,287000,268000,125000,139000,110000,143000,132000,145000,122000,171000,196000,148000,149000,149000,279000,270000,280000,128000,246000,187000,285000,123000,162000,111000,115000,120000,280000,124000,169000,108000,110000,126000,154000,193000,152000,165000,333000,114000,121000,117000,127000,333000,115000,106000,116000,129000,277000,177000,160000,106000,115000,148000,103000,113000,121000,137000,227000,228000,241000,185000,220000,121000,133000,283000,281000,127000,139000,125000,140000,142000,144000,114000,288000,125000,172000,109000,117000,169000,289000,137000,177000,114000,119000,128000,152000,197000,154000,170000,343000,112000,110000,120000,128000,338000,120000,116000,116000,143000,281000,167000,160000,107000,115000,140000,130000,116000,115000,124000,232000,215000,229000,187000,219000,229000,264000,506000,517000,234000,242000,231000,264000,272000,239000,156000,224000,
equiv1: 403000,192000,105000,
or_neg: 196000,193000,223000,144000,258000,289000,563000,164000,275000,299000,268000,191000,196000,206000,169000,265000,269000,298000,192000,193000,183000,204000,149000,538000,519000,558000,175000,
or_pos: 263000,324000,279000,261000,374000,287000,243000,608000,519000,
and_neg: 192000,286000,213000,284000,194000,327000,
and_pos: 257000,247000,267000,265000,261000,254000,
implies: 357000,286000,181000,232000,392000,276000,404000,365000,271000,
not_and: 279000,
parsing: 120651000,
aci_simp: 1073000,878000,1021000,1612000,1007000,1099000,1045000,1405000,1023000,914000,970000,1241000,
evaluate: 158000,258000,345000,210000,260000,333000,164000,264000,149000,267000,
subproof: 1300000,1318000,1147000,1112000,1350000,1334000,1355000,1640000,1333000,
and_intro: 130000,193000,284000,
poly_simp: 1814000,2171000,1703000,2300000,2541000,2092000,2456000,2789000,2460000,1924000,1754000,1952000,2476000,2267000,1743000,2398000,2253000,2282000,2302000,2233000,2711000,1686000,1883000,1761000,1845000,2414000,1734000,1777000,2580000,1839000,1767000,1839000,1836000,2096000,1438000,1529000,5115000,2368000,1698000,2536000,2127000,1603000,2152000,2653000,2327000,1801000,1765000,1732000,2331000,2349000,1719000,1768000,2299000,2671000,2417000,2512000,2599000,1900000,2029000,2251000,2217000,2671000,2040000,2225000,2369000,1785000,2498000,2127000,3675000,2340000,2269000,2727000,3107000,2691000,1818000,1771000,2244000,2666000,2728000,1742000,1833000,2359000,2867000,2313000,2308000,2524000,3442000,3317000,3423000,3548000,4625000,3552000,4311000,3318000,2361000,2983000,
equiv_pos1: 91000,170000,96000,164000,265000,170000,
equiv_pos2: 103000,246000,249000,615000,173000,299000,312000,598000,171000,79000,194000,252000,72000,77000,322000,54000,107000,123000,87000,203000,138000,167000,239000,239000,618000,160000,299000,320000,584000,171000,79000,193000,244000,71000,78000,325000,57000,241000,248000,608000,161000,298000,338000,581000,172000,77000,362000,445000,164000,646000,107000,94000,99000,325000,
la_generic: 9705000,
reordering: 210000,290000,196000,324000,405000,352000,224000,531000,775000,216000,287000,207000,351000,416000,356000,224000,531000,970000,207000,280000,199000,655000,799000,735000,441000,549000,
resolution: 199000,247000,241000,295000,356000,525000,711000,792000,318000,351000,358000,180000,228000,302000,295000,187000,233000,457000,453000,714000,626000,306000,401000,365000,431000,162000,192000,205000,252000,306000,321000,218000,284000,364000,266000,241000,240000,502000,660000,238000,549000,606000,298000,317000,412000,335000,774000,141000,243000,239000,217000,261000,288000,199000,374000,226000,259000,206000,296000,250000,254000,183000,239000,304000,355000,558000,684000,780000,324000,360000,388000,169000,223000,293000,285000,186000,207000,398000,463000,718000,633000,305000,414000,385000,444000,166000,202000,196000,250000,307000,352000,228000,281000,382000,266000,274000,270000,495000,635000,251000,666000,591000,948000,251000,354000,367000,542000,691000,803000,320000,405000,358000,276000,227000,293000,281000,188000,218000,414000,457000,719000,637000,300000,412000,374000,434000,165000,201000,195000,250000,325000,321000,414000,481000,599000,478000,461000,869000,1228000,421000,276000,308000,
contraction: 560000,603000,296000,451000,469000,377000,405000,223000,573000,603000,296000,438000,565000,620000,600000,620000,301000,878000,
forall_inst: 930000,737000,994000,847000,919000,910000,932000,753000,1042000,677000,1050000,951000,960000,763000,1371000,717000,1581000,1685000,
la_mult_neg: 245000,320000,
implies_neg1: 535000,599000,204000,540000,603000,387000,546000,592000,546000,
implies_neg2: 586000,567000,257000,161000,595000,574000,597000,595000,588000,
__local_input: 142000,183000,114000,145000,170000,41000,42000,88000,160000,178000,58000,44000,86000,
poly_simp_rel: 1031000,941000,986000,958000,1269000,1028000,989000,997000,1048000,1005000,4993000,1057000,993000,965000,1021000,1062000,1001000,978000,1040000,996000,1040000,993000,1060000,1012000,1067000,999000,1032000,1091000,1021000,952000,1252000,981000,930000,953000,949000,956000,1060000,1002000,990000,961000,987000,979000,979000,970000,1028000,1358000,1203000,1100000,1067000,1060000,1112000,1070000,1007000,995000,993000,1132000,2159000,1015000,1040000,1147000,986000,1080000,973000,1133000,1021000,992000,1029000,1032000,958000,1110000,2001000,1950000,1950000,2027000,1964000,2032000,1928000,2035000,1295000,1198000,
equiv_simplify: 180000,
implies_simplify: 470000,264000,
__normalized_input: 20718000,21069000,19198000,16208000,10542000,2968000,602000,472000,554000,664000,
rare_rewrite_eq-symm: 147000,177000,160000,
rare_rewrite_arith-elim-gt: 5946000,
rare_rewrite_arith-elim-lt: 5521000,5567000,6108000,6776000,6431000,20565000,5627000,5479000,5683000,5745000,5789000,5630000,5835000,5927000,5764000,6274000,5837000,6005000,5849000,6854000,5878000,5535000,5623000,5465000,10949000,5769000,5667000,6136000,5576000,5857000,6328000,6140000,6982000,6885000,6491000,6392000,6514000,6049000,6269000,6047000,5864000,7191000,7266000,6667000,5544000,5805000,5914000,5959000,5590000,6657000,12347000,11834000,11760000,11827000,11984000,11747000,11560000,11656000,8726000,
rare_rewrite_bool-eq-false: 6454000,6653000,6697000,
rare_rewrite_arith-elim-leq: 5662000,5356000,5455000,6151000,6105000,7319000,6282000,9114000,20422000,5859000,5780000,5721000,5886000,5617000,5648000,5512000,5949000,5388000,5454000,5620000,5628000,5938000,5800000,6030000,5601000,5817000,6719000,5840000,10817000,6576000,5557000,6041000,5855000,6431000,7572000,
rare_rewrite_bool-impl-elim: 5498000,5609000,5801000,6249000,10726000,11746000,11546000,5656000,5692000,5911000,6152000,5451000,5590000,5885000,5744000,5797000,6015000,5965000,5939000,5770000,7339000,7061000,5770000,5738000,7461000,5821000,5836000,5782000,5921000,5665000,5748000,12377000,12607000,
rare_rewrite_bool-and-de-morgan: 11341000,5901000,5578000,6635000,5582000,19490000,
rare_rewrite_bool-double-not-elim: 99000,119000,99000,121000,109000,95000,114000,136000,127000,159000,100000,115000,103000,126000,103000,106000,112000,149000,139000,160000,105000,120000,139000,124000,102000,104000,129000,151000,286000,321000,171000,

