1; Draft.Scratch_smt_check_7_23712; 2026-04-10 13:48:58.981;
cong: 356000,332000,346000,137000,82000,80000,283000,294000,274000,340000,390000,313000,222000,243000,78000,149000,147000,73000,69000,105000,310000,297000,221000,231000,190000,198000,293000,281000,377000,359000,316000,314000,312000,376000,277000,288000,421000,202000,622000,206000,203000,213000,141000,227000,48000,90000,92000,60000,50000,97000,53000,69000,72000,175000,190000,160000,146000,147000,89000,138000,204000,188000,214000,68000,52000,49000,169000,188000,180000,207000,202000,196000,141000,170000,53000,94000,92000,50000,48000,71000,194000,269000,219000,245000,142000,222000,287000,825000,
refl: 45000,41000,92000,38000,35000,61000,52000,58000,40000,77000,29000,105000,29000,26000,28000,28000,30000,35000,29000,25000,43000,28000,26000,59000,46000,57000,93000,228000,
symm: 288000,525000,562000,490000,
trans: 479000,568000,496000,492000,502000,513000,482000,540000,515000,486000,585000,554000,565000,540000,388000,397000,381000,123000,348000,306000,253000,323000,249000,256000,281000,256000,313000,256000,245000,326000,325000,260000,298000,
equiv1: 1030000,532000,101000,
or_neg: 578000,657000,666000,
and_pos: 785000,759000,642000,416000,405000,396000,
implies: 286000,278000,320000,313000,546000,289000,
not_and: 580000,
parsing: 16916000,
evaluate: 328000,155000,221000,274000,284000,
subproof: 2063000,2503000,2126000,2029000,1570000,2312000,
and_intro: 399000,204000,344000,
poly_simp: 3548000,3566000,3582000,3287000,3266000,3353000,4330000,3532000,3554000,2226000,1493000,1600000,4754000,2008000,2150000,1806000,1972000,1949000,20507000,3306000,3623000,
equiv_pos2: 350000,396000,351000,337000,196000,369000,217000,183000,305000,225000,208000,175000,177000,402000,350000,951000,
la_generic: 9456000,
reordering: 2165000,1502000,
resolution: 381000,544000,583000,305000,479000,536000,519000,353000,1041000,1566000,651000,755000,932000,758000,1841000,271000,503000,525000,479000,584000,491000,358000,839000,378000,298000,450000,573000,501000,371000,485000,553000,552000,265000,290000,186000,338000,948000,873000,1386000,325000,386000,321000,494000,552000,543000,382000,
contraction: 405000,1221000,919000,1103000,542000,429000,825000,936000,476000,
forall_inst: 1417000,1303000,1321000,
la_mult_neg: 436000,422000,
implies_neg1: 414000,380000,345000,592000,395000,1653000,
implies_neg2: 375000,652000,385000,355000,854000,360000,
__local_input: 124000,113000,93000,55000,67000,73000,216000,60000,124000,204000,
poly_simp_rel: 2302000,2230000,1842000,1856000,1988000,2183000,2323000,1224000,1193000,1262000,1906000,
equiv_simplify: 171000,
implies_simplify: 1274000,688000,
__normalized_input: 16017000,1500000,1006000,1533000,
rare_rewrite_arith-elim-gt: 6637000,
rare_rewrite_arith-elim-lt: 11980000,12147000,12481000,8145000,6736000,6549000,6574000,12790000,
rare_rewrite_arith-elim-leq: 11770000,
rare_rewrite_bool-double-not-elim: 544000,265000,271000,561000,

