1; Draft.Scratch_smt_check_7_21273; 2026-04-10 13:50:04.540;
and: 186000,119000,
bind: 298000,298000,242000,220000,283000,242000,212000,283000,
cong: 138000,149000,116000,155000,104000,182000,146000,156000,118000,224000,
refl: 32000,34000,48000,58000,
trans: 246000,190000,200000,
choice: 27000,78000,
or_neg: 186000,193000,165000,167000,189000,140000,156000,255000,232000,237000,257000,162000,
or_pos: 238000,228000,274000,327000,
implies: 176000,223000,
not_and: 230000,
parsing: 14562000,
subproof: 1341000,1320000,
equiv_pos1: 59000,
equiv_pos2: 113000,119000,181000,101000,131000,173000,79000,92000,163000,159000,101000,213000,
reordering: 221000,215000,253000,313000,246000,346000,268000,271000,
resolution: 209000,194000,270000,295000,242000,299000,271000,205000,198000,233000,220000,210000,332000,322000,219000,343000,270000,301000,229000,321000,226000,221000,220000,339000,370000,346000,372000,352000,346000,361000,359000,403000,420000,402000,368000,
sko_forall: 1093000,1184000,
contraction: 252000,251000,315000,278000,339000,333000,
forall_inst: 746000,824000,993000,809000,776000,765000,
implies_neg1: 276000,271000,
implies_neg2: 222000,262000,
__local_input: 144000,143000,
__normalized_input: 7180000,5945000,1209000,1291000,949000,1120000,
rare_rewrite_eq-symm: 194000,195000,
rare_rewrite_bool-impl-elim: 6537000,6489000,6597000,6811000,7021000,7298000,
rare_rewrite_bool-double-not-elim: 135000,136000,187000,210000,

