1; Draft.Scratch_smt_check_7_472; 2026-04-10 13:50:03.837;
bind: 258000,580000,398000,416000,423000,453000,512000,490000,439000,931000,831000,207000,
cong: 155000,215000,196000,178000,86000,180000,99000,169000,86000,247000,90000,171000,96000,113000,109000,379000,332000,205000,78000,
refl: 53000,445000,47000,50000,47000,49000,531000,47000,43000,75000,230000,
symm: 414000,448000,170000,125000,
false: 14000,
trans: 261000,272000,203000,399000,359000,359000,340000,353000,310000,281000,222000,383000,502000,319000,324000,221000,421000,434000,439000,378000,413000,348000,364000,380000,322000,813000,754000,756000,760000,670000,683000,633000,
equiv2: 306000,143000,
not_or: 606000,
or_pos: 408000,387000,
not_not: 204000,166000,
parsing: 7370000,
aci_simp: 1979000,1916000,2077000,2292000,1990000,1995000,2469000,2223000,
evaluate: 385000,430000,274000,
onepoint: 1864000,2916000,
qnt_join: 495000,
equiv_pos2: 356000,244000,122000,241000,109000,43000,
reordering: 447000,485000,503000,
resolution: 150000,202000,190000,221000,233000,234000,253000,328000,378000,461000,581000,378000,791000,240000,204000,254000,190000,252000,
forall_inst: 943000,1427000,1466000,863000,808000,
qnt_rm_unused: 580000,1786000,839000,
equiv_simplify: 431000,229000,
miniscope_split: 935000,
__normalized_input: 19357000,14051000,11012000,7051000,2580000,1694000,1630000,647000,
rare_rewrite_eq-refl: 200000,249000,
rare_rewrite_eq-symm: 218000,231000,153000,
rare_rewrite_or-not-refl: 12096000,13163000,
rare_rewrite_bool-impl-elim: 12653000,
rare_rewrite_bool-impl-false1: 12693000,13907000,8203000,7488000,
rare_rewrite_bool-and-de-morgan: 12221000,12546000,12797000,12640000,12785000,
rare_rewrite_bool-double-not-elim: 270000,

