1; Draft.Scratch_smt_check_7_25967; 2026-04-10 13:50:04.661;
bind: 499000,421000,480000,388000,287000,322000,364000,449000,428000,602000,155000,163000,272000,241000,260000,
cong: 81000,89000,202000,198000,100000,99000,109000,116000,277000,190000,164000,202000,201000,214000,103000,147000,229000,91000,92000,63000,66000,155000,112000,83000,136000,107000,122000,59000,98000,133000,53000,67000,764000,
refl: 86000,37000,78000,78000,51000,21000,48000,38000,34000,113000,121000,68000,101000,42000,
symm: 517000,365000,187000,211000,93000,
trans: 353000,574000,384000,307000,296000,323000,551000,509000,383000,361000,231000,155000,398000,235000,211000,195000,119000,
equiv1: 1278000,362000,
equiv2: 699000,482000,258000,
or_neg: 1029000,997000,995000,982000,875000,950000,
or_pos: 530000,541000,357000,
and_pos: 913000,1016000,744000,772000,894000,742000,637000,722000,
implies: 1994000,
not_and: 1030000,
not_not: 370000,208000,
parsing: 22841000,
evaluate: 439000,
subproof: 2689000,1965000,
and_intro: 431000,
equiv_pos1: 175000,159000,75000,
equiv_pos2: 80000,284000,343000,166000,168000,301000,315000,80000,53000,94000,148000,166000,46000,890000,
reordering: 640000,873000,1775000,669000,897000,5217000,322000,471000,
resolution: 552000,409000,492000,455000,468000,497000,417000,541000,525000,476000,444000,429000,2338000,8286000,1001000,718000,955000,762000,1254000,501000,480000,461000,442000,402000,556000,485000,483000,523000,451000,463000,500000,559000,488000,471000,1368000,1037000,3266000,235000,241000,260000,211000,296000,243000,268000,376000,216000,296000,249000,282000,258000,278000,
contraction: 3766000,1094000,1134000,1349000,1863000,
forall_inst: 1853000,1605000,1591000,1791000,1730000,1610000,1724000,1683000,1731000,1798000,999000,940000,903000,947000,964000,
implies_neg1: 1342000,1603000,
implies_neg2: 777000,1300000,
__local_input: 195000,249000,65000,74000,92000,64000,65000,72000,
equiv_simplify: 950000,717000,348000,501000,
implies_simplify: 1732000,
__normalized_input: 9733000,9422000,8696000,6810000,5920000,10383000,8566000,1110000,1461000,
rare_rewrite_eq-symm: 229000,264000,358000,252000,272000,257000,326000,205000,140000,141000,189000,111000,
rare_rewrite_bool-impl-elim: 12622000,12604000,7192000,
rare_rewrite_bool-double-not-elim: 241000,241000,135000,275000,

