1; Draft.Scratch_smt_check_7_9781; 2026-04-10 13:50:04.053;
bind: 646000,703000,565000,561000,333000,365000,660000,355000,437000,393000,
cong: 423000,313000,309000,356000,238000,95000,169000,64000,170000,68000,188000,72000,149000,134000,149000,93000,90000,88000,
refl: 180000,183000,57000,43000,65000,461000,33000,27000,33000,29000,33000,25000,33000,41000,622000,33000,26000,32000,29000,30000,
symm: 293000,328000,337000,375000,
trans: 700000,557000,734000,651000,627000,539000,553000,522000,517000,491000,494000,470000,229000,563000,541000,336000,279000,351000,290000,126000,372000,342000,363000,333000,361000,319000,283000,280000,298000,289000,284000,295000,
or_pos: 371000,
and_pos: 394000,
parsing: 39603000,
aci_simp: 2208000,1213000,1461000,1256000,1414000,1400000,1169000,1184000,
evaluate: 435000,279000,
onepoint: 2236000,2271000,
qnt_join: 363000,380000,
equiv_pos2: 297000,
reordering: 551000,440000,
resolution: 435000,450000,558000,640000,
forall_inst: 1244000,
qnt_rm_unused: 396000,1188000,469000,1723000,
miniscope_split: 717000,
__normalized_input: 1652000,649000,1184000,
rare_rewrite_eq-refl: 214000,156000,
rare_rewrite_eq-symm: 141000,134000,
rare_rewrite_or-not-refl: 7985000,8184000,
rare_rewrite_bool-impl-false1: 7994000,7868000,
rare_rewrite_bool-or-de-morgan: 13384000,
rare_rewrite_bool-and-de-morgan: 13198000,7249000,7651000,6953000,7531000,
rare_rewrite_bool-double-not-elim: 355000,

