1; Draft.Scratch_smt_check_7_23949; 2026-04-10 13:50:05.185;
bind: 219000,222000,236000,347000,231000,219000,215000,
cong: 80000,70000,88000,91000,76000,68000,86000,105000,168000,109000,
refl: 30000,26000,37000,
symm: 135000,142000,
trans: 205000,211000,199000,212000,161000,172000,171000,
or_pos: 250000,
implies: 229000,
parsing: 1850000,
subproof: 1198000,
equiv_pos2: 109000,126000,102000,148000,
reordering: 254000,
resolution: 214000,333000,246000,250000,360000,299000,339000,333000,219000,308000,
contraction: 297000,
forall_inst: 853000,789000,
implies_neg1: 272000,
implies_neg2: 258000,
__local_input: 140000,
__normalized_input: 2222000,2320000,1991000,788000,
rare_rewrite_eq-refl: 148000,
rare_rewrite_eq-symm: 185000,159000,160000,159000,134000,207000,
rare_rewrite_bool-eq-true: 6782000,
rare_rewrite_bool-impl-elim: 6899000,

