1; Draft.Scratch_smt_check_7_12006; 2026-04-10 13:46:20.213;
cong: 172000,166000,123000,169000,154000,131000,181000,215000,186000,111000,86000,85000,80000,139000,81000,86000,123000,291000,88000,118000,370000,
refl: 83000,
symm: 159000,174000,
trans: 224000,258000,231000,238000,278000,268000,205000,274000,
equiv1: 247000,204000,238000,
equiv2: 213000,209000,219000,
or_neg: 305000,333000,317000,
and_neg: 373000,361000,
and_pos: 257000,287000,276000,253000,250000,298000,301000,381000,
implies: 299000,280000,300000,311000,
not_not: 214000,
parsing: 9209000,
subproof: 2104000,2157000,2169000,2304000,
and_intro: 228000,242000,
equiv_pos2: 124000,125000,124000,161000,180000,118000,119000,370000,
not_equiv1: 250000,
not_equiv2: 223000,
reordering: 459000,717000,600000,384000,497000,693000,645000,
resolution: 370000,265000,257000,433000,479000,519000,458000,438000,685000,298000,324000,469000,439000,650000,270000,287000,369000,433000,370000,655000,758000,576000,508000,489000,735000,327000,337000,546000,484000,802000,308000,291000,365000,377000,
contraction: 406000,424000,493000,462000,618000,411000,455000,422000,468000,
implies_neg1: 379000,390000,434000,473000,
implies_neg2: 378000,343000,396000,393000,
__local_input: 39000,38000,35000,77000,43000,55000,61000,70000,
equiv_simplify: 387000,359000,346000,372000,
__normalized_input: 1227000,1035000,1198000,1036000,1079000,
rare_rewrite_eq-symm: 214000,287000,223000,270000,202000,228000,
rare_rewrite_bool-double-not-elim: 227000,

