1; Draft.Scratch_smt_check_7_31500; 2026-04-10 13:47:34.747;
cong: 101000,84000,41000,90000,126000,203000,350000,180000,
symm: 91000,96000,233000,
false: 13000,
trans: 127000,98000,112000,92000,111000,135000,262000,290000,318000,326000,202000,264000,
equiv1: 88000,
implies: 123000,
parsing: 1835000,
evaluate: 259000,227000,358000,547000,536000,
and_intro: 91000,
poly_simp: 2485000,3248000,3339000,5312000,7712000,
equiv_pos2: 63000,67000,137000,190000,296000,
la_generic: 10814000,
resolution: 106000,168000,272000,173000,189000,250000,154000,187000,256000,
la_mult_neg: 228000,
poly_simp_rel: 976000,12805000,1932000,
equiv_simplify: 161000,
__normalized_input: 928000,894000,975000,
rare_rewrite_arith-elim-gt: 6041000,
rare_rewrite_arith-elim-lt: 6444000,11285000,12411000,
rare_rewrite_arith-elim-leq: 5820000,11475000,
rare_rewrite_bool-double-not-elim: 136000,

