1; Draft.Scratch_smt_check_7_5560; 2026-04-10 13:48:15.406;
bind: 408000,372000,402000,373000,
cong: 249000,133000,177000,160000,68000,255000,175000,172000,160000,71000,1064000,1197000,311000,184000,103000,94000,99000,244000,286000,263000,169000,201000,271000,283000,172000,103000,161000,223000,248000,196000,86000,72000,91000,107000,112000,103000,165000,150000,189000,201000,87000,70000,91000,108000,109000,110000,162000,151000,196000,214000,84000,68000,90000,180000,107000,284000,369000,125000,288000,195000,212000,173000,312000,238000,299000,312000,127000,120000,125000,591000,276000,286000,174000,100000,159000,162000,222000,244000,201000,82000,72000,96000,203000,83000,71000,90000,284000,192000,315000,362000,161000,636000,279000,1279000,
refl: 84000,46000,89000,44000,28000,35000,27000,75000,83000,31000,73000,83000,32000,25000,74000,83000,33000,37000,145000,169000,42000,26000,73000,82000,74000,86000,31000,177000,
symm: 197000,207000,212000,398000,343000,357000,397000,
trans: 312000,286000,315000,156000,172000,168000,116000,149000,168000,316000,290000,317000,206000,179000,166000,145000,150000,169000,330000,381000,314000,318000,339000,275000,326000,198000,264000,295000,182000,87000,111000,113000,98000,187000,206000,220000,200000,192000,88000,110000,125000,189000,202000,183000,207000,194000,91000,156000,115000,211000,216000,243000,402000,403000,424000,178000,395000,361000,371000,346000,393000,373000,159000,192000,200000,280000,382000,200000,201000,265000,278000,173000,92000,145000,110000,97000,192000,86000,111000,115000,531000,342000,341000,385000,372000,387000,119000,360000,396000,
equiv1: 296000,294000,356000,192000,337000,169000,562000,1125000,364000,284000,302000,96000,
or_neg: 271000,299000,726000,701000,836000,
or_pos: 2847000,
and_pos: 259000,261000,497000,522000,718000,718000,923000,
implies: 687000,440000,660000,351000,230000,
not_and: 260000,680000,
parsing: 47735000,
aci_simp: 1361000,968000,1060000,1334000,1062000,1000000,
evaluate: 449000,254000,337000,384000,507000,274000,154000,199000,240000,280000,
subproof: 3854000,1175000,1121000,2482000,2315000,1981000,
and_intro: 140000,388000,449000,171000,
poly_simp: 1901000,1991000,1918000,2056000,2016000,1985000,1923000,3288000,2451000,1583000,1756000,1557000,1692000,3149000,1875000,1644000,1771000,1839000,3171000,2091000,1787000,1767000,1928000,1917000,4097000,5223000,3231000,2942000,2857000,2865000,1767000,2842000,3050000,2414000,1547000,1553000,1574000,1713000,1537000,1553000,1624000,2526000,3210000,2014000,
equiv_pos2: 267000,314000,1332000,272000,225000,325000,139000,150000,208000,138000,321000,352000,300000,274000,639000,224000,292000,664000,298000,317000,342000,1216000,
la_generic: 9144000,8013000,
reordering: 926000,519000,1348000,2708000,886000,2460000,
resolution: 209000,457000,841000,391000,973000,1303000,1456000,775000,393000,501000,393000,362000,314000,197000,272000,321000,421000,446000,308000,317000,408000,326000,584000,118000,247000,250000,232000,224000,265000,363000,178000,325000,212000,243000,272000,329000,284000,1194000,1039000,1262000,459000,545000,1062000,1665000,753000,1091000,795000,2027000,220000,427000,481000,385000,667000,437000,385000,877000,523000,335000,349000,294000,293000,220000,175000,504000,
contraction: 1063000,333000,303000,345000,196000,1025000,993000,1238000,1051000,1144000,392000,
forall_inst: 1400000,
la_mult_neg: 562000,414000,327000,
implies_neg1: 904000,370000,699000,1026000,394000,1237000,
implies_neg2: 1301000,240000,149000,1013000,699000,259000,
__local_input: 108000,102000,115000,113000,116000,115000,159000,92000,85000,242000,
poly_simp_rel: 1205000,1143000,1028000,1249000,1281000,1128000,1196000,1139000,1110000,1155000,1188000,1141000,2036000,1987000,1113000,1097000,1150000,1189000,
equiv_simplify: 388000,390000,384000,299000,770000,370000,405000,163000,
implies_simplify: 447000,271000,1399000,561000,
__normalized_input: 15394000,7302000,1443000,1282000,1673000,
rare_rewrite_eq-refl: 181000,183000,181000,329000,209000,173000,
rare_rewrite_eq-symm: 204000,194000,663000,
rare_rewrite_ite-not-cond: 6152000,6166000,7045000,11194000,5946000,6622000,
rare_rewrite_arith-elim-gt: 17843000,6617000,
rare_rewrite_arith-elim-lt: 6423000,5816000,6290000,6006000,6131000,5900000,6186000,12438000,11637000,10640000,10961000,6052000,5515000,6002000,37086000,12705000,
rare_rewrite_arith-elim-leq: 6503000,6447000,6565000,8001000,6923000,6930000,6597000,6618000,6347000,6857000,
rare_rewrite_bool-impl-elim: 6951000,7158000,
rare_rewrite_bool-and-de-morgan: 6608000,6537000,12678000,6620000,
rare_rewrite_bool-double-not-elim: 377000,367000,421000,375000,787000,

