1; Draft.Scratch_smt_check_7_1713; 2026-04-10 13:48:20.503;
bind: 214000,207000,356000,372000,247000,203000,
cong: 142000,102000,145000,107000,275000,153000,86000,98000,108000,137000,142000,293000,111000,110000,112000,155000,204000,210000,86000,69000,84000,108000,109000,102000,154000,196000,211000,103000,134000,175000,624000,201000,417000,469000,287000,950000,228000,157000,213000,190000,449000,246000,125000,159000,168000,208000,168000,286000,406000,225000,106000,128000,161000,422000,137000,102000,141000,112000,267000,149000,82000,100000,110000,123000,115000,283000,173000,222000,156000,174000,155000,143000,144000,215000,
ite2: 149000,
refl: 35000,35000,40000,27000,26000,25000,46000,52000,51000,41000,101000,33000,34000,77000,84000,33000,33000,26000,41000,45000,
symm: 383000,432000,594000,97000,110000,96000,196000,238000,
true: 48000,
trans: 158000,136000,162000,137000,214000,148000,145000,164000,189000,202000,220000,195000,90000,119000,111000,100000,180000,225000,200000,205000,92000,122000,232000,454000,427000,669000,572000,598000,556000,214000,585000,458000,289000,246000,277000,248000,397000,280000,281000,288000,187000,200000,147000,136000,148000,138000,216000,238000,148000,164000,101000,266000,284000,258000,197000,207000,184000,214000,213000,216000,233000,214000,
equiv1: 379000,110000,183000,293000,122000,105000,92000,
equiv2: 257000,
or_neg: 220000,235000,270000,255000,326000,321000,206000,232000,270000,136000,151000,210000,238000,267000,
and_pos: 215000,322000,294000,90000,124000,
implies: 184000,452000,358000,354000,188000,149000,
not_and: 283000,137000,
parsing: 40157000,
evaluate: 475000,289000,382000,494000,494000,287000,260000,373000,414000,424000,
subproof: 1209000,1195000,1103000,2137000,1068000,1099000,1123000,
and_intro: 153000,213000,162000,
poly_simp: 1880000,1853000,2908000,1978000,1940000,1730000,1620000,1702000,1801000,1931000,1742000,6534000,3653000,5162000,4463000,2949000,3048000,8823000,3264000,3171000,4304000,3269000,3001000,2996000,2433000,3063000,2383000,2579000,1826000,1810000,2375000,1725000,1582000,1720000,2296000,2847000,2853000,5533000,3270000,
equiv_pos1: 73000,74000,74000,
equiv_pos2: 126000,140000,297000,111000,254000,141000,281000,333000,365000,97000,480000,238000,254000,551000,98000,260000,51000,553000,382000,397000,68000,94000,136000,139000,299000,94000,249000,58000,178000,145000,183000,
la_generic: 16994000,26303000,
reordering: 338000,816000,326000,234000,268000,
resolution: 163000,172000,257000,164000,205000,285000,334000,412000,450000,247000,289000,265000,474000,556000,327000,527000,664000,335000,440000,357000,861000,121000,178000,200000,211000,194000,411000,234000,265000,335000,742000,350000,353000,357000,318000,322000,339000,382000,457000,550000,710000,679000,433000,447000,436000,442000,550000,370000,360000,351000,308000,255000,233000,178000,206000,202000,370000,123000,333000,239000,184000,170000,214000,228000,160000,217000,197000,169000,200000,288000,329000,406000,394000,210000,289000,300000,458000,544000,187000,174000,
contraction: 318000,375000,472000,345000,406000,163000,597000,379000,166000,139000,161000,143000,319000,388000,
forall_inst: 770000,1388000,759000,
la_mult_neg: 589000,485000,271000,
implies_neg1: 280000,218000,601000,418000,289000,207000,287000,
implies_neg2: 312000,253000,111000,543000,105000,101000,303000,
__local_input: 97000,76000,124000,21000,49000,75000,84000,101000,53000,89000,
poly_simp_rel: 1053000,1215000,974000,1106000,1141000,1142000,2265000,2108000,1914000,1947000,1777000,1963000,958000,1141000,1056000,1392000,1028000,1051000,957000,1069000,958000,1957000,
equiv_simplify: 315000,385000,170000,
implies_simplify: 490000,193000,204000,198000,
__normalized_input: 1438000,1216000,1162000,
rare_rewrite_ite-eq: 6538000,
rare_rewrite_eq-refl: 178000,
rare_rewrite_eq-symm: 165000,166000,220000,322000,314000,400000,163000,160000,212000,
rare_rewrite_ite-not-cond: 6753000,6634000,
rare_rewrite_arith-elim-gt: 13135000,11587000,
rare_rewrite_arith-elim-lt: 6434000,6562000,6878000,6324000,6594000,12090000,12445000,13931000,11413000,11413000,6145000,6129000,5970000,6109000,11779000,
rare_rewrite_arith-elim-leq: 12747000,11398000,
rare_rewrite_bool-double-not-elim: 156000,85000,314000,83000,219000,253000,93000,221000,

