1; Draft.Scratch_smt_check_7_9786; 2026-04-10 13:48:15.532;
bind: 233000,167000,241000,181000,331000,358000,296000,415000,364000,213000,269000,242000,239000,196000,284000,221000,196000,271000,359000,190000,256000,216000,294000,209000,267000,219000,264000,223000,146000,167000,150000,145000,136000,144000,143000,149000,156000,166000,245000,251000,431000,338000,392000,367000,418000,364000,240000,230000,143000,137000,142000,140000,136000,149000,
cong: 148000,153000,413000,88000,192000,127000,120000,130000,64000,126000,124000,132000,98000,191000,212000,59000,215000,183000,133000,82000,176000,163000,138000,196000,109000,166000,186000,101000,111000,182000,91000,159000,144000,100000,90000,155000,172000,140000,102000,95000,154000,215000,153000,101000,92000,158000,155000,48000,49000,60000,59000,59000,53000,80000,60000,60000,63000,69000,55000,43000,76000,61000,58000,138000,89000,60000,64000,61000,56000,48000,86000,63000,64000,65000,103000,91000,76000,110000,91000,84000,214000,138000,84000,83000,164000,262000,225000,157000,126000,229000,292000,191000,275000,155000,105000,89000,146000,179000,66000,60000,56000,44000,78000,67000,59000,63000,61000,54000,44000,75000,61000,59000,179000,95000,51000,251000,
refl: 43000,22000,23000,27000,51000,74000,496000,61000,46000,22000,39000,105000,98000,40000,23000,22000,28000,29000,32000,40000,23000,22000,27000,
symm: 71000,75000,284000,342000,72000,204000,105000,122000,103000,106000,117000,243000,132000,177000,126000,
trans: 92000,72000,271000,282000,286000,244000,84000,314000,297000,297000,307000,235000,254000,114000,206000,217000,190000,117000,207000,201000,133000,120000,93000,189000,114000,136000,202000,125000,204000,123000,118000,193000,126000,143000,135000,109000,125000,136000,114000,115000,133000,89000,109000,124000,130000,114000,134000,137000,119000,198000,195000,155000,323000,206000,333000,208000,238000,359000,240000,196000,120000,137000,129000,136000,114000,128000,131000,110000,113000,141000,110000,
choice: 23000,23000,34000,95000,
equiv1: 145000,109000,103000,80000,123000,
equiv2: 77000,83000,95000,102000,106000,166000,141000,
or_neg: 180000,193000,130000,151000,140000,154000,147000,142000,185000,149000,151000,148000,166000,148000,141000,165000,136000,207000,238000,171000,167000,171000,158000,143000,168000,184000,209000,172000,197000,210000,179000,190000,208000,171000,120000,178000,197000,182000,210000,166000,178000,209000,168000,169000,201000,166000,191000,185000,196000,203000,312000,372000,264000,356000,366000,365000,304000,370000,260000,222000,210000,184000,
or_pos: 258000,259000,227000,235000,238000,211000,403000,233000,
and_neg: 183000,332000,157000,
and_pos: 105000,107000,111000,116000,107000,115000,101000,112000,103000,108000,108000,116000,93000,184000,206000,199000,208000,216000,161000,139000,139000,151000,103000,122000,108000,125000,93000,99000,108000,296000,281000,327000,315000,
implies: 187000,128000,129000,145000,123000,147000,121000,131000,124000,228000,203000,129000,138000,121000,106000,109000,405000,116000,
not_and: 170000,220000,
not_not: 102000,112000,187000,
parsing: 72150000,
aci_simp: 1074000,1160000,1188000,
evaluate: 200000,175000,287000,293000,225000,
onepoint: 1530000,
qnt_join: 331000,
subproof: 1117000,1068000,986000,1103000,1146000,998000,1059000,1095000,1112000,1282000,1243000,1104000,1116000,1115000,1208000,1028000,1075000,1071000,2174000,1082000,
and_intro: 118000,99000,187000,124000,218000,
poly_simp: 2538000,2306000,2449000,1879000,2398000,2487000,2018000,1869000,2050000,1879000,1755000,1750000,1645000,1698000,1755000,1812000,3137000,3133000,3946000,3181000,4182000,3208000,4154000,1819000,3545000,1867000,1672000,1678000,1731000,1819000,
equiv_neg1: 32000,
equiv_neg2: 29000,
equiv_pos1: 75000,32000,33000,36000,35000,
equiv_pos2: 163000,165000,261000,75000,137000,143000,93000,104000,28000,99000,159000,99000,36000,88000,164000,257000,157000,173000,99000,54000,181000,124000,129000,140000,129000,78000,180000,80000,68000,127000,129000,84000,185000,81000,58000,76000,132000,132000,153000,160000,133000,158000,164000,131000,164000,163000,79000,84000,141000,79000,153000,231000,234000,290000,140000,249000,270000,338000,146000,101000,50000,238000,156000,79000,125000,155000,182000,83000,88000,83000,88000,130000,205000,
reordering: 290000,174000,162000,368000,420000,155000,173000,172000,331000,191000,280000,254000,187000,140000,237000,235000,278000,1020000,262000,244000,576000,264000,228000,294000,208000,264000,211000,254000,205000,189000,299000,383000,482000,439000,1235000,383000,292000,229000,
resolution: 7050000,301000,366000,2446000,183000,265000,291000,341000,321000,192000,291000,297000,302000,324000,300000,271000,578000,566000,227000,237000,246000,175000,314000,309000,310000,318000,446000,1366000,183000,185000,214000,201000,683000,148000,137000,171000,152000,269000,270000,760000,151000,226000,262000,242000,187000,313000,319000,189000,330000,337000,345000,319000,294000,242000,325000,349000,353000,311000,246000,251000,363000,168000,255000,245000,397000,167000,148000,205000,256000,303000,205000,162000,190000,235000,305000,180000,163000,406000,175000,330000,315000,188000,201000,303000,340000,164000,229000,200000,249000,297000,618000,374000,325000,1245000,155000,160000,235000,159000,180000,163000,190000,234000,294000,185000,193000,296000,361000,277000,255000,744000,154000,155000,210000,227000,173000,181000,166000,205000,227000,280000,192000,203000,299000,362000,292000,296000,332000,300000,309000,166000,314000,337000,282000,344000,284000,220000,211000,349000,157000,165000,312000,349000,279000,348000,276000,224000,353000,149000,155000,172000,315000,336000,267000,330000,163000,239000,217000,250000,250000,161000,237000,507000,1435000,233000,180000,199000,200000,495000,147000,142000,155000,236000,220000,258000,261000,164000,254000,307000,280000,314000,311000,393000,407000,435000,306000,477000,574000,320000,375000,527000,497000,502000,696000,310000,612000,590000,1534000,286000,318000,339000,326000,412000,466000,287000,571000,546000,202000,325000,332000,493000,343000,408000,187000,222000,231000,257000,251000,162000,252000,
sko_forall: 961000,1014000,976000,1310000,1300000,1214000,2269000,1252000,
contraction: 311000,236000,218000,177000,231000,231000,334000,149000,188000,193000,240000,187000,229000,314000,257000,259000,170000,190000,175000,192000,248000,229000,292000,317000,417000,273000,240000,297000,259000,226000,226000,250000,159000,182000,248000,173000,183000,239000,195000,430000,153000,188000,214000,483000,492000,538000,718000,469000,275000,214000,
forall_inst: 757000,679000,657000,666000,849000,690000,765000,690000,786000,732000,851000,746000,769000,764000,786000,649000,1235000,1412000,1331000,676000,
implies_neg1: 262000,164000,157000,142000,191000,157000,191000,161000,157000,162000,235000,349000,161000,144000,155000,155000,295000,249000,168000,279000,
implies_neg2: 245000,158000,143000,118000,187000,149000,186000,160000,165000,154000,258000,191000,173000,127000,135000,159000,110000,160000,428000,161000,
__local_input: 115000,70000,94000,19000,20000,37000,54000,20000,20000,22000,57000,89000,70000,21000,27000,28000,59000,101000,23000,19000,20000,25000,20000,28000,29000,28000,56000,89000,20000,23000,22000,51000,79000,113000,31000,34000,65000,101000,26000,19000,28000,80000,
comp_simplify: 1341000,1372000,2690000,1388000,
poly_simp_rel: 1031000,1612000,999000,967000,988000,1020000,994000,1003000,1043000,1055000,924000,922000,897000,892000,917000,923000,1692000,1679000,1758000,1821000,1817000,1731000,1847000,992000,1071000,947000,941000,933000,937000,953000,
qnt_rm_unused: 460000,3150000,
equiv_simplify: 144000,151000,166000,187000,176000,181000,160000,150000,306000,276000,
la_disequality: 66000,68000,123000,68000,
implies_simplify: 213000,196000,
__normalized_input: 14813000,16235000,1187000,1314000,1201000,1110000,884000,842000,445000,576000,
rare_rewrite_eq-refl: 100000,96000,155000,87000,
rare_rewrite_eq-symm: 105000,105000,177000,121000,111000,122000,109000,142000,153000,141000,107000,114000,93000,122000,130000,222000,122000,114000,92000,
rare_rewrite_or-not-refl: 6467000,
rare_rewrite_arith-elim-lt: 6302000,6505000,6080000,10952000,6089000,
rare_rewrite_bool-eq-false: 5867000,10763000,6293000,
rare_rewrite_arith-elim-leq: 6094000,5997000,6000000,7434000,6089000,10761000,11019000,11044000,6071000,
rare_rewrite_bool-impl-elim: 5779000,5969000,6315000,6223000,6391000,6395000,6160000,6395000,6363000,6409000,6434000,6235000,11192000,11102000,12023000,6218000,
rare_rewrite_bool-and-de-morgan: 6017000,
rare_rewrite_bool-double-not-elim: 148000,87000,84000,105000,162000,110000,94000,131000,132000,125000,139000,117000,114000,114000,219000,242000,119000,140000,105000,

