1; Draft.Scratch_smt_check_7_24886; 2026-04-10 13:48:19.743;
cong: 238000,165000,151000,119000,142000,84000,110000,61000,133000,90000,186000,273000,140000,107000,129000,129000,111000,173000,85000,116000,70000,414000,
refl: 30000,36000,29000,30000,40000,87000,
trans: 251000,268000,280000,
equiv1: 277000,
equiv2: 332000,
or_neg: 354000,396000,391000,
and_neg: 456000,
and_pos: 366000,349000,
implies: 350000,
not_not: 283000,
parsing: 2879000,
subproof: 2188000,
equiv_pos2: 172000,116000,121000,174000,121000,403000,
reordering: 534000,765000,
resolution: 329000,429000,372000,349000,867000,825000,726000,589000,542000,891000,319000,322000,447000,444000,440000,
contraction: 719000,514000,525000,
implies_neg1: 519000,
implies_neg2: 475000,
__local_input: 69000,122000,
equiv_simplify: 490000,394000,
__normalized_input: 1006000,1040000,884000,1222000,
rare_rewrite_eq-symm: 304000,245000,
rare_rewrite_bool-double-not-elim: 451000,

