1; Draft.Scratch_smt_check_7_4926; 2026-04-10 13:48:14.619;
bind: 208000,212000,211000,210000,200000,209000,217000,212000,228000,216000,
cong: 190000,113000,70000,90000,68000,71000,75000,93000,
symm: 220000,274000,234000,114000,141000,130000,125000,177000,120000,114000,150000,132000,
trans: 323000,250000,248000,219000,135000,141000,177000,149000,148000,178000,147000,152000,
and_neg: 654000,330000,247000,296000,349000,646000,
and_pos: 465000,485000,508000,496000,494000,571000,562000,501000,496000,562000,511000,536000,541000,386000,262000,260000,294000,265000,274000,295000,272000,283000,271000,266000,273000,263000,297000,266000,272000,292000,277000,272000,248000,247000,268000,264000,267000,278000,292000,272000,260000,292000,268000,285000,
implies: 588000,587000,305000,310000,303000,295000,588000,315000,309000,308000,306000,309000,
parsing: 18707000,
subproof: 2380000,2464000,2080000,2059000,2128000,2085000,1568000,1467000,1307000,1244000,1266000,1291000,
and_intro: 527000,275000,290000,299000,
equiv_pos2: 113000,123000,115000,123000,122000,116000,114000,118000,121000,115000,
not_equiv1: 331000,
not_equiv2: 332000,
reordering: 626000,636000,1010000,2646000,2597000,1048000,2498000,1267000,555000,1304000,1320000,323000,356000,506000,1274000,1287000,
resolution: 532000,389000,406000,405000,357000,789000,1192000,779000,658000,2253000,360000,779000,691000,2334000,2705000,527000,472000,320000,493000,463000,319000,495000,476000,341000,493000,496000,381000,1196000,800000,701000,2386000,230000,445000,409000,1269000,189000,187000,243000,189000,181000,259000,651000,425000,400000,1421000,208000,196000,195000,179000,278000,184000,307000,441000,404000,1266000,186000,194000,178000,252000,187000,329000,659000,426000,396000,1271000,204000,187000,203000,187000,245000,189000,253000,436000,462000,1252000,192000,192000,188000,290000,190000,311000,
contraction: 805000,1020000,890000,1040000,568000,507000,560000,539000,811000,1013000,412000,518000,415000,528000,427000,558000,417000,512000,413000,815000,
forall_inst: 718000,703000,760000,824000,699000,717000,760000,835000,769000,740000,748000,843000,700000,802000,728000,808000,695000,775000,783000,822000,
implies_neg1: 970000,950000,359000,382000,377000,416000,490000,480000,478000,482000,570000,941000,
implies_neg2: 699000,709000,411000,411000,347000,354000,735000,390000,391000,399000,383000,384000,
__local_input: 39000,41000,61000,58000,51000,47000,40000,45000,100000,100000,182000,132000,130000,139000,22000,33000,30000,24000,26000,24000,23000,24000,26000,80000,23000,36000,34000,22000,27000,22000,22000,23000,24000,81000,21000,22000,30000,22000,27000,23000,22000,24000,97000,122000,
__normalized_input: 4455000,4054000,2133000,
rare_rewrite_eq-symm: 152000,159000,151000,165000,152000,171000,172000,157000,161000,204000,

