1; Draft.Scratch_smt_check_7_421; 2026-04-10 13:48:04.166;
bind: 499000,487000,483000,470000,233000,220000,233000,215000,
cong: 202000,332000,330000,270000,152000,132000,184000,146000,147000,144000,130000,184000,143000,196000,296000,513000,
refl: 106000,93000,116000,
symm: 503000,
trans: 509000,511000,503000,455000,466000,463000,290000,217000,221000,199000,198000,188000,204000,210000,194000,199000,200000,569000,
choice: 75000,
or_neg: 163000,192000,152000,168000,195000,158000,177000,198000,184000,
or_pos: 758000,
and_pos: 194000,200000,385000,
not_and: 355000,
parsing: 42554000,
aci_simp: 1736000,1084000,973000,963000,973000,990000,2081000,
qnt_join: 496000,
equiv_pos2: 372000,153000,157000,147000,153000,306000,383000,
reordering: 272000,297000,229000,229000,227000,1290000,538000,
resolution: 157000,165000,162000,162000,318000,449000,414000,179000,295000,315000,179000,290000,323000,163000,304000,321000,278000,346000,518000,
sko_forall: 1273000,
contraction: 258000,260000,258000,
forall_inst: 1037000,
connective_def: 281000,290000,
miniscope_split: 580000,
__normalized_input: 4049000,1434000,1368000,
rare_rewrite_eq-symm: 121000,129000,156000,89000,88000,102000,87000,88000,113000,269000,236000,258000,
rare_rewrite_bool-impl-elim: 6505000,
rare_rewrite_bool-and-de-morgan: 5612000,5942000,5596000,5871000,
rare_rewrite_bool-double-not-elim: 218000,100000,106000,198000,

