1; Draft.Scratch_smt_check_7_29776; 2026-04-10 13:48:00.666;
bind: 128000,301000,258000,234000,212000,246000,138000,352000,250000,349000,252000,208000,272000,231000,132000,147000,449000,638000,461000,396000,534000,409000,228000,260000,
cong: 198000,375000,177000,81000,225000,72000,81000,135000,78000,104000,97000,62000,101000,52000,54000,81000,96000,84000,75000,90000,56000,77000,80000,83000,82000,74000,80000,90000,84000,69000,445000,714000,299000,139000,384000,126000,125000,361000,136000,172000,163000,116000,269000,94000,92000,149000,174000,146000,121000,146000,91000,97000,129000,146000,141000,122000,141000,161000,145000,107000,819000,2234000,
refl: 19000,28000,301000,57000,115000,63000,73000,35000,64000,28000,131000,45000,56000,50000,64000,94000,91000,38000,57000,35000,48000,70000,
symm: 485000,222000,122000,213000,179000,129000,137000,161000,88000,148000,103000,120000,156000,98000,131000,76000,154000,106000,99000,795000,428000,246000,408000,339000,275000,258000,326000,173000,260000,215000,215000,286000,169000,246000,144000,318000,228000,184000,1525000,
trans: 190000,518000,369000,261000,136000,120000,196000,158000,183000,207000,223000,188000,129000,207000,105000,775000,771000,1001000,722000,507000,268000,224000,407000,372000,415000,444000,441000,1441000,233000,373000,215000,1513000,1586000,
equiv1: 1434000,768000,
equiv2: 740000,284000,535000,
or_neg: 1446000,1344000,1342000,1313000,1318000,1277000,1303000,1322000,1460000,1283000,1286000,1275000,1314000,1294000,1286000,1262000,1298000,2318000,1263000,1267000,1327000,
and_pos: 1033000,1038000,2161000,1862000,1969000,1888000,1869000,1815000,1883000,1802000,1934000,1852000,1974000,28404000,3641000,3726000,3749000,3652000,3624000,3637000,3569000,3536000,3686000,
implies: 184000,2579000,
not_and: 1459000,
not_not: 205000,389000,
parsing: 110514000,
evaluate: 218000,
subproof: 1107000,1767000,7464000,
and_intro: 1643000,
equiv_pos2: 78000,170000,175000,152000,147000,166000,80000,227000,242000,166000,268000,165000,143000,181000,158000,78000,95000,521000,30000,316000,469000,317000,268000,365000,314000,144000,157000,558000,2931000,
reordering: 1952000,54887000,
resolution: 1830000,169000,170000,176000,185000,167000,195000,208000,255000,213000,249000,191000,174000,243000,190000,171000,267000,247000,279000,148000,225000,181000,285000,328000,355000,226000,169000,198000,192000,229000,301000,190000,420000,5004000,60734000,1312000,670000,949000,678000,1162000,153000,384000,406000,443000,207000,312000,238000,252000,231000,300000,186000,177000,212000,218000,258000,179000,227000,212000,271000,221000,173000,217000,174000,175000,251000,200000,214000,171000,196000,144000,204000,158000,255000,3123000,2313000,25025000,758000,807000,371000,553000,442000,474000,392000,551000,350000,303000,311000,361000,519000,318000,457000,371000,481000,374000,303000,362000,297000,328000,529000,352000,355000,307000,347000,287000,424000,311000,384000,479000,
contraction: 272000,44945000,1293000,1153000,3622000,10799000,
forall_inst: 636000,653000,737000,706000,623000,789000,780000,808000,715000,755000,710000,894000,679000,717000,771000,739000,738000,905000,728000,1177000,1132000,874000,855000,685000,693000,680000,797000,711000,787000,777000,634000,801000,704000,694000,702000,817000,663000,775000,674000,745000,1688000,1676000,1300000,1297000,1432000,1516000,1452000,1534000,1455000,1266000,1464000,1337000,1330000,1377000,1515000,1215000,1470000,1263000,1301000,1281000,
implies_neg1: 268000,1451000,4671000,
implies_neg2: 270000,813000,3311000,
__local_input: 45000,128000,146000,133000,38000,93000,35000,37000,25000,37000,21000,73000,29000,35000,33000,55000,52000,54000,32000,39000,31000,40000,62000,69000,
equiv_simplify: 852000,354000,713000,903000,
implies_simplify: 1600000,
__normalized_input: 5642000,5323000,5007000,4722000,4616000,3382000,1230000,992000,1120000,1040000,980000,859000,811000,1068000,
rare_rewrite_eq-symm: 103000,188000,203000,189000,157000,191000,115000,211000,252000,214000,261000,188000,153000,202000,171000,101000,116000,724000,355000,546000,393000,295000,442000,424000,221000,199000,1524000,
rare_rewrite_bool-eq-false: 27252000,7618000,15385000,9256000,
rare_rewrite_bool-double-not-elim: 336000,

