1; Draft.Scratch_smt_check_7_8881; 2026-04-10 13:48:00.573;
bind: 192000,230000,227000,189000,377000,455000,
cong: 144000,109000,56000,66000,264000,190000,125000,145000,549000,
refl: 31000,62000,186000,92000,
symm: 170000,95000,179000,
trans: 90000,192000,377000,
equiv1: 479000,534000,
equiv2: 288000,162000,317000,
or_neg: 255000,228000,256000,
and_pos: 338000,376000,670000,546000,592000,
implies: 452000,
not_and: 241000,
not_not: 151000,284000,
parsing: 11400000,
evaluate: 240000,
not_symm: 125000,119000,248000,
subproof: 1244000,2743000,
and_intro: 583000,
equiv_pos2: 123000,161000,158000,135000,32000,240000,348000,654000,
reordering: 665000,1138000,
resolution: 186000,161000,233000,198000,258000,707000,564000,303000,304000,404000,364000,553000,142000,193000,200000,270000,174000,237000,168000,240000,641000,581000,14278000,393000,328000,430000,297000,409000,363000,535000,
contraction: 486000,386000,405000,648000,667000,
forall_inst: 770000,914000,881000,780000,1367000,1608000,
implies_neg1: 469000,1446000,
implies_neg2: 312000,671000,
__local_input: 50000,74000,112000,45000,118000,
equiv_simplify: 342000,242000,480000,723000,
implies_simplify: 558000,
__normalized_input: 1321000,1510000,1195000,
rare_rewrite_eq-symm: 142000,179000,180000,137000,256000,341000,
rare_rewrite_bool-double-not-elim: 342000,

