1; Draft.Scratch_smt_check_7_10563; 2026-04-10 13:45:04.714;
bind: 200000,199000,118000,192000,187000,176000,185000,136000,129000,180000,173000,399000,379000,399000,375000,181000,167000,165000,165000,206000,224000,206000,131000,160000,119000,168000,130000,165000,166000,150000,126000,165000,113000,178000,246000,232000,287000,404000,
cong: 84000,105000,100000,61000,83000,49000,58000,141000,105000,138000,104000,129000,93000,185000,110000,104000,91000,184000,110000,103000,89000,127000,52000,32000,51000,76000,51000,95000,91000,184000,107000,98000,63000,196000,164000,114000,190000,166000,115000,425000,262000,167000,116000,118000,78000,85000,182000,57000,112000,102000,51000,105000,99000,52000,112000,91000,63000,99000,174000,169000,120000,98000,42000,53000,61000,163000,90000,88000,201000,169000,221000,167000,175000,206000,256000,112000,129000,116000,174000,167000,226000,266000,236000,99000,166000,71000,167000,279000,193000,312000,307000,198000,112000,186000,313000,268000,163000,329000,185000,160000,171000,171000,
refl: 36000,36000,31000,31000,37000,32000,33000,51000,35000,31000,17000,62000,51000,35000,62000,54000,34000,30000,37000,40000,38000,33000,22000,82000,76000,61000,23000,63000,29000,88000,37000,109000,56000,38000,133000,58000,55000,
symm: 127000,88000,88000,75000,145000,96000,142000,118000,160000,92000,81000,78000,95000,63000,65000,61000,59000,96000,172000,70000,71000,133000,144000,57000,88000,86000,101000,69000,171000,169000,344000,202000,211000,534000,357000,117000,183000,196000,204000,219000,371000,150000,292000,265000,458000,262000,406000,188000,255000,413000,396000,195000,
trans: 178000,132000,142000,126000,85000,93000,158000,146000,112000,130000,191000,111000,118000,110000,119000,194000,163000,140000,130000,141000,85000,97000,108000,114000,109000,126000,200000,326000,263000,329000,262000,396000,169000,171000,130000,109000,96000,79000,166000,149000,175000,147000,146000,119000,178000,210000,150000,132000,148000,106000,64000,102000,417000,362000,343000,323000,305000,258000,463000,310000,330000,166000,187000,258000,203000,337000,338000,367000,402000,263000,386000,303000,
equiv1: 137000,142000,
equiv2: 110000,102000,
or_neg: 152000,157000,152000,
or_pos: 226000,178000,249000,242000,237000,183000,
and_neg: 284000,491000,622000,159000,159000,176000,666000,3274000,
and_pos: 214000,254000,251000,233000,259000,220000,383000,336000,337000,349000,361000,368000,331000,369000,340000,351000,327000,355000,401000,333000,333000,343000,483000,460000,432000,456000,420000,420000,406000,481000,9212000,436000,486000,472000,488000,431000,466000,436000,421000,481000,119000,104000,102000,121000,106000,105000,114000,102000,89000,107000,132000,157000,146000,141000,622000,563000,561000,536000,517000,522000,501000,491000,500000,539000,624000,564000,530000,519000,491000,487000,518000,562000,2663000,2604000,2573000,2531000,2458000,2658000,2532000,25536000,2483000,2424000,2446000,2489000,2437000,2425000,2428000,2474000,2478000,2363000,2360000,2380000,2354000,2388000,2327000,2290000,2275000,2344000,2303000,2298000,2562000,2490000,2729000,2568000,2518000,2451000,2543000,2449000,2560000,2460000,2563000,2440000,2476000,2379000,2382000,2418000,2393000,2508000,4759000,4590000,4746000,4799000,4683000,4728000,4771000,4803000,4821000,4752000,
implies: 258000,252000,363000,364000,159000,146000,196000,462000,169000,467000,172000,306000,113000,123000,109000,118000,110000,156000,162000,157000,537000,169000,547000,173000,187000,2402000,169000,2403000,320000,114000,
not_not: 115000,
parsing: 246861000,
aci_simp: 1084000,912000,
evaluate: 198000,
not_symm: 87000,
subproof: 1169000,1199000,1336000,1279000,1023000,1014000,1083000,1393000,1075000,1397000,1097000,1348000,1038000,1038000,1006000,1027000,1023000,1047000,1041000,1048000,1483000,1032000,1465000,1039000,1061000,3619000,1054000,7433000,2179000,1170000,
and_intro: 218000,385000,518000,99000,93000,87000,130000,598000,2913000,
equiv_pos1: 95000,51000,62000,
equiv_pos2: 50000,130000,159000,158000,74000,112000,1273000,209000,119000,123000,200000,85000,79000,114000,116000,206000,290000,272000,527000,119000,107000,111000,150000,134000,72000,190000,105000,191000,71000,104000,76000,190000,104000,251000,111000,75000,74000,199000,103000,69000,118000,161000,387000,135000,201000,259000,
reordering: 236000,287000,702000,722000,692000,2863000,2898000,207000,865000,4284000,4350000,355000,250000,239000,228000,233000,233000,368000,351000,231000,319000,330000,322000,967000,5229000,5240000,211000,281000,5804000,120380000,123645000,
resolution: 187000,4441000,224000,228000,226000,448000,364000,316000,654000,171000,368000,353000,716000,1108000,496000,406000,2343000,177000,499000,443000,2380000,180000,219000,222000,193000,183000,185000,246000,281000,302000,194000,172000,189000,243000,281000,294000,197000,2750000,176000,189000,153000,193000,143000,196000,170000,247000,288000,341000,300000,175000,250000,1320000,615000,519000,3145000,211000,153000,178000,168000,228000,278000,315000,304000,178000,237000,145000,195000,185000,196000,613000,500000,3173000,190000,152000,201000,167000,216000,266000,320000,307000,186000,239000,194000,199000,167000,213000,330000,414000,647000,602000,328000,331000,353000,365000,307000,230000,232000,361000,165000,255000,236000,372000,165000,159000,193000,275000,217000,213000,337000,155000,165000,215000,218000,337000,221000,219000,362000,231000,246000,235000,228000,173000,229000,296000,269000,279000,376000,161000,160000,263000,248000,391000,159000,146000,166000,226000,252000,156000,193000,162000,261000,287000,293000,181000,156000,212000,234000,1413000,704000,553000,3514000,200000,231000,170000,261000,293000,272000,182000,145000,189000,159000,211000,703000,549000,3493000,151000,195000,167000,273000,292000,285000,181000,161000,206000,231000,227000,179000,282000,331000,307000,192000,193000,175000,207000,239000,205000,236000,208000,195000,227000,190000,255000,297000,3676000,2876000,1864000,43252000,343000,228000,201000,215000,249000,228000,232000,246000,256000,178000,237000,177000,149000,196000,166000,264000,302000,281000,181000,181000,190000,162000,212000,213000,185000,198000,192000,207000,254000,2950000,1928000,42664000,390000,488000,372000,406000,464000,468000,508000,303000,313000,344000,344000,293000,475000,568000,542000,381000,424000,374000,466000,464000,434000,400000,396000,451000,270000,411000,343000,346000,608000,223000,266000,278000,
contraction: 343000,376000,343000,389000,515000,806000,490000,814000,228000,233000,311000,635000,1108000,303000,653000,1120000,275000,638000,265000,163000,180000,173000,193000,159000,173000,160000,179000,159000,194000,222000,238000,217000,240000,242000,744000,1327000,248000,757000,1322000,246000,297000,3444000,16839000,262000,3481000,16808000,632000,227000,
forall_inst: 763000,679000,705000,756000,743000,650000,633000,674000,734000,592000,5970000,634000,795000,610000,697000,712000,596000,706000,827000,693000,658000,767000,740000,672000,664000,1004000,745000,719000,689000,636000,630000,721000,608000,671000,659000,897000,813000,667000,610000,723000,615000,678000,679000,818000,685000,709000,671000,753000,825000,732000,805000,666000,748000,837000,956000,763000,754000,725000,812000,848000,751000,846000,892000,671000,834000,688000,622000,685000,647000,741000,641000,762000,674000,793000,889000,1515000,1692000,1521000,1476000,1700000,1685000,1825000,1341000,1228000,1343000,1370000,1566000,1531000,1581000,1755000,1810000,1587000,1757000,1376000,1603000,1595000,745000,
and_simplify: 496000,
implies_neg1: 389000,392000,623000,627000,196000,182000,230000,242000,240000,871000,838000,605000,165000,158000,147000,146000,154000,215000,228000,216000,213000,212000,1002000,980000,232000,211000,402000,6081000,5003000,159000,
implies_neg2: 298000,299000,408000,412000,215000,180000,239000,518000,257000,514000,250000,663000,151000,153000,142000,138000,145000,208000,209000,220000,618000,212000,595000,213000,257000,2600000,242000,2629000,416000,150000,
__local_input: 28000,34000,23000,19000,32000,58000,18000,21000,14000,23000,34000,17000,19000,22000,33000,19000,19000,22000,25000,19000,21000,23000,38000,39000,49000,51000,48000,15000,26000,26000,32000,17000,30000,19000,16000,37000,32000,26000,16000,28000,15000,18000,14000,32000,40000,85000,14000,23000,20000,40000,18000,22000,13000,19000,19000,26000,22000,20000,17000,32000,45000,64000,49000,22000,51000,33000,25000,19000,15000,15000,23000,36000,50000,31000,33000,23000,22000,27000,19000,15000,26000,43000,53000,93000,116000,72000,102000,171000,117000,52000,178000,69000,136000,84000,141000,52000,140000,48000,32000,24000,49000,143000,80000,51000,107000,82000,44000,70000,95000,37000,48000,70000,70000,65000,56000,38000,24000,68000,45000,64000,163000,41000,36000,53000,39000,36000,40000,55000,51000,25000,21000,38000,27000,33000,21000,21000,22000,36000,32000,50000,39000,
equiv_simplify: 178000,188000,176000,215000,
__normalized_input: 5716000,3882000,3835000,3704000,3604000,3199000,2961000,2798000,2830000,2438000,2323000,2358000,2349000,2450000,2214000,1693000,917000,607000,641000,
rare_rewrite_eq-refl: 77000,74000,81000,91000,122000,
rare_rewrite_eq-symm: 110000,81000,93000,148000,65000,120000,5491000,69000,130000,115000,1224000,119000,109000,81000,125000,108000,100000,112000,74000,120000,108000,73000,125000,118000,111000,119000,104000,85000,100000,79000,136000,107000,98000,116000,143000,111000,145000,99000,113000,100000,153000,111000,177000,110000,97000,99000,148000,137000,92000,126000,187000,291000,172000,213000,238000,
rare_rewrite_bool-eq-true: 6124000,5963000,5950000,
rare_rewrite_bool-impl-elim: 5798000,6135000,6209000,5816000,5846000,18056000,
rare_rewrite_bool-or-de-morgan: 5700000,5676000,
rare_rewrite_bool-double-not-elim: 117000,91000,89000,

