1; Draft.Scratch_smt_check_7_4937; 2026-04-10 13:45:02.913;
bind: 210000,423000,425000,440000,362000,322000,354000,
cong: 93000,167000,241000,225000,212000,204000,204000,193000,173000,153000,
refl: 155000,
symm: 165000,
trans: 164000,424000,312000,303000,
choice: 43000,102000,
equiv1: 151000,242000,
equiv2: 126000,
or_neg: 218000,246000,251000,298000,265000,218000,234000,225000,
or_pos: 318000,400000,311000,
implies: 202000,
not_not: 170000,
parsing: 20943000,
subproof: 2541000,
equiv_pos2: 126000,290000,170000,266000,365000,259000,216000,175000,213000,
not_equiv1: 212000,
not_equiv2: 220000,
reordering: 275000,339000,345000,560000,250000,304000,
resolution: 206000,254000,172000,177000,417000,403000,246000,212000,265000,235000,451000,444000,254000,423000,305000,418000,439000,455000,466000,456000,484000,444000,434000,472000,642000,362000,393000,
sko_forall: 2838000,
contraction: 316000,417000,302000,349000,
forall_inst: 1305000,1479000,1285000,
implies_neg1: 350000,
implies_neg2: 269000,
__local_input: 103000,
connective_def: 435000,415000,
equiv_simplify: 256000,283000,
__normalized_input: 1181000,1479000,1233000,1168000,
rare_rewrite_bool-impl-elim: 6529000,11585000,12323000,22244000,
rare_rewrite_bool-and-de-morgan: 12277000,11947000,
rare_rewrite_bool-double-not-elim: 141000,261000,133000,

