1; Draft.Scratch_smt_check_7_1450; 2026-04-10 13:45:02.577;
bind: 341000,287000,273000,277000,250000,259000,245000,234000,252000,276000,268000,279000,240000,249000,477000,416000,
cong: 202000,79000,103000,212000,181000,137000,133000,186000,71000,97000,226000,361000,238000,211000,
refl: 27000,33000,476000,26000,88000,33000,27000,79000,25000,29000,513000,22000,84000,44000,72000,141000,
symm: 229000,262000,221000,231000,279000,227000,
trans: 217000,226000,226000,256000,251000,238000,123000,275000,265000,310000,253000,239000,233000,242000,197000,197000,187000,205000,224000,226000,223000,222000,231000,238000,106000,271000,269000,312000,253000,239000,225000,243000,373000,367000,346000,367000,
or_pos: 239000,
implies: 198000,
parsing: 38011000,
aci_simp: 1116000,1222000,1148000,1000000,1123000,1264000,1167000,1941000,
evaluate: 228000,209000,
onepoint: 1344000,1315000,
qnt_join: 263000,278000,271000,301000,
subproof: 1241000,
equiv_pos2: 175000,328000,
reordering: 285000,
resolution: 276000,286000,267000,337000,415000,268000,283000,
contraction: 295000,
forall_inst: 1312000,
implies_neg1: 529000,
implies_neg2: 255000,
__local_input: 108000,
qnt_rm_unused: 331000,1028000,333000,1039000,
connective_def: 272000,516000,
miniscope_split: 359000,373000,
__normalized_input: 2804000,2968000,2869000,2773000,
rare_rewrite_eq-refl: 109000,100000,
rare_rewrite_or-not-refl: 7236000,6969000,
rare_rewrite_bool-impl-elim: 6459000,12341000,
rare_rewrite_bool-and-de-morgan: 5967000,6318000,11962000,12066000,
rare_rewrite_bool-double-not-elim: 220000,330000,

