1; Draft.Scratch_smt_check_7_7357; 2026-04-10 13:45:31.394;
bind: 458000,471000,885000,842000,861000,693000,464000,472000,753000,
cong: 221000,228000,924000,756000,319000,465000,390000,927000,622000,313000,221000,106000,217000,234000,119000,231000,250000,229000,932000,630000,355000,962000,
refl: 85000,89000,124000,154000,277000,116000,76000,77000,86000,88000,123000,247000,148000,
symm: 226000,140000,369000,135000,383000,
trans: 303000,319000,317000,335000,488000,511000,236000,599000,615000,590000,603000,474000,496000,250000,366000,368000,273000,377000,402000,297000,325000,308000,326000,492000,528000,
equiv1: 1275000,353000,
equiv2: 340000,321000,328000,
or_neg: 684000,624000,689000,
or_pos: 463000,731000,257000,437000,443000,740000,
and_pos: 929000,1063000,908000,465000,539000,
implies: 456000,889000,726000,465000,
not_and: 588000,
not_not: 240000,244000,
parsing: 74492000,
aci_simp: 1164000,1198000,2188000,2255000,2344000,2140000,1196000,1195000,2329000,
evaluate: 181000,
subproof: 1879000,2548000,3524000,1707000,1880000,
and_intro: 451000,
equiv_pos2: 322000,9295000,1350000,550000,641000,644000,1384000,541000,241000,28000,238000,319000,330000,1406000,531000,1150000,
reordering: 926000,1509000,1840000,365000,712000,1887000,719000,1422000,
resolution: 183000,297000,381000,339000,515000,683000,702000,381000,366000,368000,505000,531000,1049000,1691000,702000,651000,892000,676000,1193000,238000,405000,520000,745000,588000,928000,1200000,1221000,637000,662000,375000,499000,514000,270000,225000,374000,931000,788000,1252000,237000,271000,231000,388000,299000,376000,348000,517000,694000,698000,372000,350000,417000,558000,583000,
contraction: 707000,1598000,1135000,1170000,1401000,1032000,1045000,698000,
forall_inst: 1939000,1606000,1978000,1091000,1110000,1613000,
implies_neg1: 1187000,1209000,659000,16469000,2115000,
implies_neg2: 701000,724000,1325000,1033000,709000,
__local_input: 167000,175000,59000,65000,92000,122000,87000,128000,
equiv_simplify: 422000,420000,443000,443000,
implies_simplify: 1485000,
__normalized_input: 1648000,1845000,1149000,1099000,1194000,1850000,1500000,
rare_rewrite_eq-symm: 704000,346000,778000,
rare_rewrite_bool-eq-false: 6391000,6515000,7125000,6505000,
rare_rewrite_bool-impl-elim: 6200000,6297000,11928000,12089000,13819000,11557000,6268000,6429000,11625000,
rare_rewrite_bool-and-de-morgan: 5673000,5617000,11371000,11280000,11400000,10870000,5766000,5750000,11399000,
rare_rewrite_bool-double-not-elim: 651000,

