1; Draft.Scratch_smt_check_7_13357; 2026-04-10 13:45:29.515;
bind: 242000,160000,173000,161000,176000,137000,157000,165000,137000,395000,
cong: 54000,65000,57000,63000,65000,91000,89000,95000,86000,99000,86000,80000,96000,191000,199000,
refl: 22000,26000,23000,23000,22000,20000,66000,
symm: 81000,94000,161000,
trans: 144000,133000,142000,108000,145000,150000,111000,150000,146000,112000,261000,302000,
equiv1: 92000,122000,
equiv2: 117000,94000,
or_pos: 230000,388000,
and_neg: 296000,
implies: 181000,
not_not: 119000,114000,
parsing: 21853000,
aci_simp: 1962000,
subproof: 1253000,
equiv_pos1: 42000,62000,163000,
equiv_pos2: 135000,54000,88000,52000,45000,57000,99000,56000,97000,197000,59000,272000,
reordering: 304000,206000,259000,293000,558000,483000,596000,
resolution: 169000,185000,174000,153000,136000,182000,163000,155000,153000,207000,229000,274000,179000,196000,263000,189000,176000,212000,208000,166000,171000,221000,240000,274000,335000,339000,178000,227000,256000,199000,13593000,370000,479000,509000,397000,
contraction: 275000,
forall_inst: 726000,722000,798000,798000,749000,818000,1364000,1591000,
implies_neg1: 231000,
implies_neg2: 258000,
__local_input: 97000,
equiv_simplify: 205000,164000,180000,187000,
__normalized_input: 9361000,7529000,6628000,6423000,3534000,2702000,2716000,2278000,1197000,1108000,991000,1224000,1659000,
rare_rewrite_eq-symm: 95000,129000,97000,67000,90000,126000,100000,67000,92000,187000,
rare_rewrite_bool-eq-false: 6496000,
rare_rewrite_bool-impl-elim: 6434000,11868000,
rare_rewrite_bool-and-de-morgan: 11780000,
rare_rewrite_bool-double-not-elim: 120000,111000,111000,

