1; Draft.Scratch_smt_check_7_28151; 2026-04-10 13:50:15.999;
bind: 425000,389000,290000,450000,407000,294000,461000,713000,511000,741000,801000,480000,
cong: 180000,195000,318000,185000,302000,284000,601000,340000,206000,159000,204000,333000,176000,
refl: 46000,48000,75000,79000,
symm: 311000,299000,619000,
trans: 358000,357000,281000,357000,651000,460000,
choice: 31000,73000,
equiv1: 422000,
equiv2: 343000,
or_neg: 369000,369000,
or_pos: 670000,635000,
and_neg: 1277000,
and_pos: 2107000,1454000,1371000,
implies: 374000,753000,1253000,
not_not: 349000,
parsing: 12653000,
subproof: 1756000,3372000,3173000,
equiv_pos2: 245000,234000,420000,433000,457000,870000,249000,230000,
reordering: 1076000,932000,1760000,3684000,
resolution: 309000,246000,397000,322000,356000,398000,453000,551000,534000,340000,408000,245000,220000,236000,381000,337000,358000,422000,885000,1048000,1004000,601000,698000,466000,432000,473000,603000,638000,574000,1342000,1344000,1105000,2290000,624000,501000,686000,
sko_forall: 2371000,2389000,
contraction: 554000,1093000,1729000,1854000,
forall_inst: 1055000,1830000,1399000,1456000,2139000,2152000,1832000,2101000,1771000,2192000,
implies_neg1: 496000,910000,2012000,
implies_neg2: 491000,958000,1350000,
__local_input: 236000,322000,101000,165000,250000,
equiv_simplify: 502000,549000,
__normalized_input: 40565000,22852000,8728000,8412000,1280000,1248000,676000,825000,
rare_rewrite_eq-symm: 243000,488000,
rare_rewrite_bool-impl-elim: 6434000,6273000,6718000,6172000,24644000,11766000,12220000,11879000,

