1; Draft.Scratch_smt_check_7_7223; 2026-04-10 13:43:50.065;
bind: 485000,493000,410000,508000,657000,296000,320000,252000,352000,395000,291000,418000,404000,159000,110000,270000,257000,140000,109000,209000,222000,208000,305000,271000,336000,311000,318000,261000,324000,189000,196000,
cong: 165000,189000,69000,87000,83000,75000,97000,46000,39000,55000,44000,34000,65000,52000,70000,302000,71000,358000,105000,384000,260000,259000,358000,567000,157000,171000,64000,179000,189000,61000,145000,151000,91000,99000,196000,66000,52000,111000,60000,83000,56000,105000,112000,63000,68000,154000,72000,46000,51000,98000,56000,54000,83000,56000,94000,102000,85000,150000,61000,355000,56000,83000,67000,75000,121000,111000,109000,120000,68000,57000,76000,83000,205000,76000,168000,213000,443000,233000,68000,86000,79000,76000,100000,45000,41000,57000,50000,48000,80000,90000,67000,62000,142000,184000,405000,234000,162000,87000,93000,91000,146000,146000,232000,80000,78000,65000,84000,93000,71000,148000,141000,237000,112000,111000,105000,298000,279000,540000,274000,43000,59000,110000,67000,91000,80000,82000,103000,50000,52000,59000,52000,72000,79000,53000,51000,65000,
refl: 140000,44000,55000,866000,34000,121000,45000,42000,421000,43000,35000,29000,43000,36000,32000,530000,45000,34000,24000,29000,314000,25000,33000,168000,24000,124000,243000,21000,26000,168000,25000,26000,130000,87000,52000,64000,81000,47000,32000,138000,
symm: 101000,150000,84000,404000,259000,314000,295000,376000,93000,86000,160000,236000,147000,100000,156000,88000,82000,128000,82000,73000,101000,77000,74000,135000,319000,93000,68000,
trans: 168000,116000,72000,129000,547000,410000,417000,414000,284000,482000,433000,455000,385000,105000,362000,379000,375000,351000,510000,516000,270000,311000,268000,279000,287000,203000,288000,233000,252000,218000,278000,228000,333000,267000,279000,251000,319000,232000,227000,222000,205000,214000,156000,162000,165000,176000,115000,106000,62000,131000,154000,130000,82000,104000,111000,84000,231000,166000,156000,146000,146000,147000,147000,150000,153000,160000,94000,87000,63000,119000,134000,107000,74000,67000,99000,110000,81000,201000,145000,134000,130000,129000,130000,139000,647000,230000,166000,208000,230000,171000,118000,78000,153000,160000,205000,161000,174000,172000,189000,195000,170000,130000,156000,174000,161000,179000,135000,116000,180000,128000,130000,133000,122000,
choice: 26000,28000,29000,27000,31000,49000,28000,37000,60000,
equiv1: 127000,233000,
equiv2: 137000,128000,138000,
or_neg: 166000,191000,155000,191000,205000,157000,350000,382000,238000,263000,240000,270000,312000,221000,220000,246000,476000,509000,272000,318000,246000,
or_pos: 482000,414000,670000,
and_neg: 650000,1314000,1048000,414000,436000,236000,752000,
and_pos: 67000,91000,557000,539000,522000,465000,457000,491000,467000,509000,477000,509000,554000,468000,485000,461000,456000,460000,532000,503000,943000,854000,786000,937000,833000,788000,756000,763000,938000,876000,999000,808000,828000,753000,878000,835000,747000,882000,117000,886000,810000,810000,658000,583000,506000,524000,529000,520000,518000,552000,502000,588000,566000,539000,502000,496000,487000,566000,537000,85000,103000,414000,320000,343000,358000,324000,432000,262000,292000,257000,252000,269000,239000,287000,258000,293000,276000,121000,146000,126000,164000,195000,159000,183000,177000,165000,173000,164000,591000,548000,620000,594000,540000,555000,626000,577000,562000,545000,586000,546000,658000,561000,556000,543000,637000,577000,533000,572000,
implies: 536000,527000,627000,897000,351000,988000,559000,273000,191000,215000,373000,220000,347000,321000,263000,135000,206000,218000,497000,1212000,603000,
not_and: 231000,
not_not: 145000,
parsing: 171950000,
aci_simp: 1292000,1304000,6475000,1109000,1113000,1107000,1085000,1075000,964000,1052000,898000,875000,959000,905000,978000,903000,929000,874000,858000,956000,859000,1018000,978000,914000,914000,1675000,1656000,
evaluate: 185000,179000,247000,
onepoint: 2756000,1407000,2052000,961000,773000,978000,768000,
qnt_join: 430000,298000,335000,
subproof: 1497000,1512000,2211000,2303000,1787000,1573000,1545000,1277000,1071000,2162000,2179000,1906000,2053000,2072000,1936000,1908000,1889000,1923000,2012000,2424000,1536000,1726000,
and_intro: 558000,916000,625000,332000,293000,120000,180000,635000,
equiv_pos1: 60000,67000,
equiv_pos2: 177000,204000,54000,571000,202000,484000,222000,181000,356000,298000,74000,198000,214000,291000,266000,257000,252000,202000,202000,353000,44000,203000,315000,649000,310000,134000,138000,
reordering: 218000,262000,212000,118000,141000,965000,5044000,4999000,1085000,9635000,8968000,169000,864000,302000,1510000,10351000,5871000,137000,267000,659000,175000,645000,1180000,674000,1461000,1472000,283000,326000,432000,288000,293000,515000,624000,228000,1079000,378000,2282000,6507000,6529000,
resolution: 415000,140000,198000,305000,203000,134000,244000,246000,1360000,147000,209000,319000,410000,2364000,2262000,258000,313000,291000,344000,175000,216000,1392000,694000,574000,3458000,186000,211000,712000,597000,3498000,246000,372000,219000,179000,330000,404000,244000,215000,216000,239000,1624000,1233000,1147000,7031000,290000,235000,272000,331000,354000,1867000,979000,7131000,273000,365000,364000,436000,224000,512000,616000,651000,607000,638000,346000,414000,275000,338000,2468000,1426000,1004000,7369000,205000,178000,205000,159000,212000,755000,592000,3913000,267000,286000,392000,235000,419000,477000,519000,492000,369000,193000,176000,300000,362000,365000,212000,192000,416000,343000,337000,23984000,256000,320000,592000,576000,1100000,390000,261000,269000,280000,227000,335000,352000,402000,401000,232000,379000,709000,242000,228000,351000,998000,526000,523000,1923000,335000,255000,231000,403000,523000,495000,1787000,245000,227000,398000,285000,323000,357000,445000,396000,263000,343000,428000,330000,303000,538000,242000,329000,325000,529000,215000,300000,526000,527000,261000,300000,325000,314000,872000,257000,218000,293000,216000,413000,443000,891000,686000,817000,844000,714000,583000,447000,604000,3041000,1426000,621000,4273000,205000,173000,202000,162000,209000,201000,192000,795000,648000,4216000,214000,365000,217000,161000,237000,223000,
sko_forall: 5630000,4256000,6028000,
contraction: 262000,292000,742000,1348000,743000,1312000,919000,2601000,1363000,2400000,656000,613000,373000,1293000,2543000,813000,1454000,479000,451000,326000,308000,347000,561000,626000,343000,502000,643000,502000,650000,450000,217000,361000,219000,254000,408000,237000,314000,343000,380000,804000,783000,444000,1693000,1621000,848000,1591000,
forall_inst: 1015000,718000,862000,842000,852000,955000,762000,704000,947000,15755000,841000,852000,1088000,1056000,1104000,1223000,1389000,1209000,1295000,1318000,2134000,1954000,1377000,736000,754000,649000,840000,949000,956000,1964000,1540000,800000,1419000,1462000,1152000,1348000,1206000,1149000,1220000,1307000,1210000,1149000,726000,773000,646000,757000,827000,892000,1165000,853000,665000,820000,
implies_neg1: 943000,965000,1574000,1640000,454000,1193000,1085000,374000,277000,648000,655000,305000,488000,516000,276000,268000,192000,219000,308000,600000,1115000,1122000,
implies_neg2: 607000,610000,1044000,972000,400000,911000,653000,343000,274000,269000,500000,253000,468000,441000,274000,185000,183000,175000,306000,573000,975000,694000,
__local_input: 29000,40000,16000,20000,14000,16000,12000,41000,27000,40000,35000,30000,14000,12000,24000,17000,20000,19000,50000,74000,21000,36000,22000,69000,38000,25000,28000,66000,47000,20000,64000,61000,22000,43000,34000,30000,79000,41000,20000,69000,34000,29000,17000,17000,19000,56000,48000,28000,14000,21000,41000,38000,15000,13000,29000,21000,35000,64000,53000,28000,47000,64000,62000,26000,33000,66000,16000,28000,23000,26000,37000,27000,27000,19000,19000,32000,64000,17000,24000,19000,26000,19000,19000,27000,22000,18000,27000,105000,28000,16000,44000,23000,20000,15000,41000,29000,16000,23000,26000,14000,38000,28000,15000,20000,42000,17000,20000,19000,
qnt_rm_unused: 425000,1794000,495000,2636000,
equiv_simplify: 250000,251000,256000,249000,
miniscope_split: 1714000,1391000,
implies_simplify: 383000,
__normalized_input: 1176000,1182000,1615000,843000,1047000,751000,805000,735000,528000,480000,459000,624000,
rare_rewrite_eq-refl: 90000,61000,56000,64000,
rare_rewrite_eq-symm: 84000,79000,73000,70000,53000,68000,75000,70000,92000,76000,165000,98000,186000,187000,93000,168000,173000,172000,174000,174000,179000,111000,172000,157000,100000,173000,171000,110000,107000,
rare_rewrite_or-not-refl: 6980000,6598000,6296000,6072000,5951000,5884000,5851000,
rare_rewrite_bool-impl-false1: 6176000,5985000,5806000,7480000,
rare_rewrite_bool-or-de-morgan: 6154000,
rare_rewrite_bool-and-de-morgan: 6353000,6410000,6755000,6122000,6009000,6204000,5830000,5781000,6029000,5668000,5674000,5894000,
rare_rewrite_bool-double-not-elim: 106000,150000,68000,86000,104000,390000,177000,279000,158000,474000,186000,

