1; Draft.Scratch_smt_check_7_1904; 2026-04-10 13:45:24.881;
bind: 173000,670000,424000,620000,410000,192000,
cong: 262000,227000,197000,77000,305000,214000,199000,
symm: 153000,167000,
trans: 215000,
choice: 45000,66000,
or_neg: 218000,251000,258000,199000,237000,252000,195000,
and_neg: 274000,
and_pos: 221000,205000,
implies: 254000,
parsing: 25657000,
subproof: 2007000,
equiv_pos1: 175000,179000,
equiv_pos2: 122000,517000,245000,279000,68000,533000,273000,242000,69000,126000,
reordering: 658000,334000,298000,401000,539000,665000,328000,373000,
resolution: 332000,264000,243000,290000,247000,234000,243000,428000,392000,328000,511000,371000,447000,507000,378000,360000,583000,240000,246000,216000,447000,367000,411000,494000,418000,449000,264000,325000,
sko_forall: 3644000,6029000,
contraction: 381000,377000,382000,401000,
forall_inst: 1106000,1152000,1467000,1151000,1450000,1171000,
implies_neg1: 378000,
implies_neg2: 272000,
__local_input: 17000,38000,
__normalized_input: 1496000,1557000,825000,857000,
rare_rewrite_eq-symm: 135000,135000,
rare_rewrite_bool-impl-elim: 11187000,11176000,
rare_rewrite_bool-double-not-elim: 149000,147000,

