1; Draft.Scratch_smt_check_7_10001; 2026-04-10 13:45:25.368;
bind: 433000,445000,288000,302000,437000,443000,296000,296000,487000,340000,211000,469000,349000,219000,780000,764000,538000,570000,785000,796000,500000,280000,485000,334000,203000,477000,345000,185000,
cong: 149000,293000,250000,228000,307000,144000,81000,68000,104000,299000,250000,230000,300000,142000,80000,63000,108000,430000,282000,96000,263000,361000,189000,146000,122000,276000,359000,196000,154000,121000,521000,265000,288000,196000,269000,122000,496000,397000,374000,507000,209000,136000,96000,148000,482000,405000,409000,476000,209000,81000,63000,101000,420000,283000,97000,263000,360000,187000,141000,120000,281000,356000,188000,145000,113000,517000,259000,272000,145000,139000,144000,
refl: 111000,32000,114000,38000,103000,30000,123000,124000,117000,72000,36000,194000,49000,271000,31000,104000,30000,122000,119000,115000,73000,31000,37000,
symm: 219000,
trans: 390000,336000,353000,367000,361000,353000,243000,198000,207000,207000,124000,399000,350000,368000,374000,357000,369000,245000,206000,216000,198000,123000,396000,274000,271000,222000,228000,172000,393000,273000,283000,266000,235000,181000,241000,732000,637000,638000,715000,632000,643000,434000,381000,401000,351000,222000,727000,723000,666000,640000,657000,629000,524000,382000,362000,195000,135000,393000,275000,312000,230000,227000,174000,446000,261000,280000,218000,227000,166000,
choice: 43000,79000,
equiv1: 103000,
equiv2: 167000,
or_neg: 174000,205000,162000,234000,296000,367000,262000,254000,260000,336000,223000,173000,197000,152000,
or_pos: 415000,384000,
and_neg: 174000,
and_pos: 89000,180000,189000,90000,
implies: 390000,435000,276000,654000,437000,
not_not: 166000,
parsing: 95589000,
aci_simp: 1209000,993000,987000,1216000,1205000,1006000,1028000,1248000,1070000,1255000,1030000,1277000,2280000,1876000,1839000,2291000,2258000,1869000,972000,1212000,1142000,1305000,1014000,1208000,
subproof: 2309000,1384000,2140000,4121000,1393000,
equiv_pos1: 184000,179000,
equiv_pos2: 149000,344000,350000,581000,389000,398000,717000,172000,294000,645000,354000,580000,387000,391000,700000,161000,144000,114000,
reordering: 231000,630000,145000,529000,342000,531000,625000,135000,510000,235000,
resolution: 164000,164000,277000,324000,174000,300000,306000,361000,398000,458000,592000,606000,353000,380000,164000,184000,382000,291000,403000,523000,696000,617000,309000,414000,6362000,612000,622000,570000,551000,378000,392000,651000,290000,256000,279000,305000,512000,531000,631000,613000,785000,1132000,1101000,621000,590000,159000,183000,371000,285000,407000,529000,681000,616000,290000,410000,302000,343000,
sko_forall: 2052000,2021000,
contraction: 274000,582000,725000,510000,594000,399000,421000,1100000,721000,267000,
forall_inst: 970000,1060000,950000,1023000,
implies_neg1: 526000,645000,561000,630000,152000,
implies_neg2: 504000,613000,281000,902000,622000,
__local_input: 117000,163000,120000,138000,23000,19000,
connective_def: 419000,222000,447000,223000,412000,236000,414000,229000,
equiv_simplify: 275000,180000,
__normalized_input: 3425000,19719000,943000,985000,
rare_rewrite_eq-symm: 87000,94000,85000,86000,88000,154000,86000,90000,82000,80000,
rare_rewrite_bool-impl-false1: 5872000,5690000,6520000,6124000,5975000,6562000,11545000,11192000,12471000,6174000,5677000,6632000,
rare_rewrite_bool-and-de-morgan: 6220000,6505000,5808000,5979000,6318000,6533000,6027000,6335000,5875000,6129000,6000000,6007000,6367000,6275000,12025000,12431000,11401000,11375000,12197000,13882000,11137000,10140000,5694000,5973000,5964000,5647000,5852000,5835000,
rare_rewrite_bool-double-not-elim: 114000,118000,128000,206000,205000,211000,97000,97000,

