1; Draft.Scratch_smt_check_7_28762; 2026-04-10 13:48:40.177;
bind: 295000,311000,248000,348000,371000,272000,393000,378000,362000,329000,315000,319000,328000,289000,309000,449000,673000,655000,467000,648000,647000,511000,559000,425000,632000,677000,289000,399000,389000,
cong: 144000,74000,178000,68000,161000,145000,117000,130000,107000,131000,105000,224000,109000,110000,104000,125000,66000,59000,137000,113000,106000,134000,70000,61000,58000,109000,98000,110000,62000,57000,53000,144000,104000,64000,112000,97000,110000,58000,48000,47000,137000,137000,67000,295000,111000,264000,241000,172000,186000,175000,221000,123000,111000,175000,176000,188000,176000,80000,75000,233000,209000,178000,246000,121000,136000,247000,141000,212000,97000,289000,102000,169000,143000,112000,76000,109000,105000,115000,61000,49000,46000,135000,145000,455000,
refl: 609000,34000,484000,46000,34000,131000,123000,114000,52000,267000,118000,53000,113000,27000,58000,31000,25000,58000,32000,24000,61000,638000,59000,738000,70000,94000,55000,45000,100000,52000,631000,60000,484000,54000,36000,42000,54000,77000,63000,58000,61000,
symm: 247000,298000,284000,346000,302000,244000,251000,81000,86000,191000,124000,80000,187000,428000,529000,520000,691000,142000,265000,454000,505000,337000,349000,133000,138000,82000,279000,
trans: 254000,252000,261000,272000,246000,201000,119000,300000,239000,256000,259000,234000,109000,322000,265000,275000,320000,204000,223000,295000,250000,269000,195000,254000,267000,198000,243000,235000,224000,206000,220000,122000,255000,267000,262000,260000,247000,216000,110000,272000,251000,467000,503000,425000,199000,559000,471000,504000,544000,383000,460000,429000,398000,426000,413000,456000,480000,542000,474000,429000,357000,258000,499000,444000,457000,462000,417000,267000,592000,480000,594000,300000,220000,229000,169000,220000,271000,281000,
equiv1: 437000,262000,
equiv2: 259000,282000,403000,
or_neg: 166000,179000,166000,185000,179000,215000,361000,347000,342000,354000,360000,301000,284000,176000,184000,
or_pos: 223000,209000,263000,
and_neg: 437000,
and_pos: 407000,429000,402000,399000,406000,413000,377000,460000,325000,337000,466000,462000,462000,448000,469000,700000,710000,732000,674000,
implies: 226000,155000,438000,146000,439000,151000,625000,259000,808000,153000,
not_and: 361000,
not_not: 201000,323000,
parsing: 78998000,
aci_simp: 1022000,1000000,1017000,1029000,1090000,985000,1928000,1808000,1964000,2010000,1820000,1953000,1868000,1143000,1131000,
evaluate: 224000,206000,196000,197000,297000,313000,316000,
onepoint: 1137000,1427000,14044000,2624000,2016000,2698000,
qnt_join: 281000,319000,499000,596000,506000,323000,
subproof: 1185000,1410000,1362000,1219000,1568000,3830000,
and_intro: 390000,298000,373000,
equiv_pos2: 222000,226000,209000,206000,320000,110000,109000,122000,107000,112000,103000,107000,30000,407000,242000,204000,288000,242000,252000,105000,110000,165000,505000,
reordering: 298000,633000,1623000,1618000,254000,401000,579000,2467000,2862000,
resolution: 274000,201000,289000,216000,247000,245000,266000,306000,188000,223000,287000,325000,396000,372000,223000,302000,292000,214000,226000,177000,263000,264000,245000,262000,642000,553000,449000,1215000,210000,187000,266000,260000,253000,224000,233000,574000,467000,1225000,239000,214000,181000,286000,275000,273000,831000,2659000,369000,284000,370000,315000,507000,168000,225000,214000,314000,753000,640000,1856000,236000,199000,277000,411000,295000,447000,472000,387000,994000,898000,2152000,359000,414000,356000,436000,480000,329000,455000,172000,272000,274000,268000,
contraction: 361000,226000,626000,707000,235000,591000,696000,235000,1070000,353000,368000,821000,983000,434000,1172000,1328000,242000,
forall_inst: 769000,849000,909000,787000,835000,898000,855000,904000,878000,886000,1392000,894000,
implies_neg1: 312000,697000,730000,450000,662000,933000,
implies_neg2: 289000,513000,556000,289000,805000,1022000,
__local_input: 106000,31000,46000,28000,56000,42000,54000,35000,63000,57000,72000,33000,38000,31000,34000,42000,34000,31000,30000,67000,
qnt_rm_unused: 392000,1215000,460000,1869000,715000,1966000,888000,2999000,750000,2080000,475000,1930000,
equiv_simplify: 331000,345000,545000,349000,
implies_simplify: 522000,
__normalized_input: 10572000,6744000,2712000,1938000,1868000,975000,898000,1080000,
rare_rewrite_eq-refl: 111000,107000,106000,180000,204000,207000,
rare_rewrite_eq-symm: 159000,139000,123000,117000,169000,164000,168000,189000,216000,184000,173000,145000,249000,225000,200000,383000,337000,450000,298000,279000,127000,127000,181000,259000,
rare_rewrite_or-not-refl: 6667000,6448000,11735000,11840000,11741000,10654000,
rare_rewrite_bool-eq-false: 5961000,6151000,
rare_rewrite_bool-impl-elim: 6376000,6435000,6383000,6401000,11388000,6505000,
rare_rewrite_bool-and-de-morgan: 6075000,10914000,6252000,
rare_rewrite_bool-double-not-elim: 107000,104000,126000,106000,99000,210000,92000,231000,

