1; Draft.Scratch_smt_check_7_13896; 2026-04-10 13:48:38.968;
bind: 203000,203000,196000,214000,184000,207000,216000,223000,206000,207000,225000,207000,215000,200000,
cong: 80000,90000,66000,99000,84000,58000,80000,99000,70000,152000,79000,89000,68000,103000,203000,80000,109000,180000,74000,46000,66000,68000,46000,115000,161000,68000,68000,71000,55000,79000,99000,71000,101000,188000,117000,
refl: 39000,19000,73000,21000,29000,20000,32000,19000,18000,33000,20000,40000,
symm: 99000,123000,88000,87000,
trans: 188000,195000,152000,136000,160000,190000,194000,193000,167000,152000,192000,197000,158000,145000,302000,262000,225000,192000,200000,147000,151000,145000,156000,147000,
equiv1: 132000,
equiv2: 125000,
implies: 168000,171000,
not_and: 208000,
not_not: 136000,
parsing: 11822000,
aci_simp: 1143000,
subproof: 1210000,1177000,
equiv_pos2: 129000,117000,131000,132000,198000,122000,76000,128000,213000,
reordering: 249000,
resolution: 185000,260000,185000,176000,245000,172000,242000,168000,280000,273000,314000,302000,185000,330000,370000,208000,255000,271000,304000,310000,188000,307000,
contraction: 284000,269000,
forall_inst: 883000,781000,891000,
implies_neg1: 250000,239000,
implies_neg2: 233000,221000,
__local_input: 98000,96000,
equiv_simplify: 194000,223000,
__normalized_input: 25467000,14265000,3754000,3623000,2082000,2152000,2135000,
rare_rewrite_eq-refl: 100000,93000,
rare_rewrite_eq-symm: 95000,160000,103000,82000,139000,123000,116000,145000,110000,103000,231000,96000,146000,108000,97000,148000,107000,126000,93000,143000,107000,83000,149000,133000,173000,
rare_rewrite_bool-eq-true: 6634000,6416000,

