1; Draft.Scratch_smt_check_7_1545; 2026-04-10 13:44:11.329;
bind: 212000,236000,223000,251000,182000,209000,136000,152000,467000,515000,474000,364000,308000,
cong: 96000,260000,198000,72000,71000,88000,190000,325000,209000,330000,303000,
refl: 108000,59000,16000,29000,224000,135000,
symm: 194000,444000,129000,
false: 29000,
trans: 124000,222000,215000,218000,223000,218000,133000,122000,448000,475000,539000,479000,486000,
choice: 50000,109000,
equiv2: 67000,161000,
or_neg: 209000,238000,173000,192000,228000,176000,279000,
or_pos: 326000,274000,275000,
not_not: 89000,
parsing: 58980000,
evaluate: 401000,
qnt_join: 243000,166000,531000,
equiv_pos2: 182000,223000,154000,206000,79000,201000,401000,391000,53000,
reordering: 298000,572000,282000,276000,323000,353000,
resolution: 98000,142000,126000,220000,279000,266000,186000,317000,375000,160000,154000,192000,166000,229000,176000,316000,354000,164000,186000,214000,293000,525000,510000,265000,
sko_forall: 4923000,
contraction: 335000,340000,
forall_inst: 757000,751000,1229000,
equiv_simplify: 141000,312000,
miniscope_split: 333000,680000,
__normalized_input: 4129000,3801000,1705000,2091000,2045000,
rare_rewrite_eq-symm: 78000,
rare_rewrite_bool-eq-true: 21146000,
rare_rewrite_bool-impl-elim: 6080000,5950000,6286000,5776000,12394000,12270000,12035000,
rare_rewrite_bool-double-not-elim: 132000,116000,

