1; Draft.Scratch_smt_check_7_20215; 2026-04-10 13:47:24.985;
bind: 183000,192000,276000,258000,184000,210000,226000,256000,280000,
cong: 141000,127000,137000,138000,108000,57000,139000,62000,119000,65000,
refl: 86000,32000,63000,23000,33000,390000,23000,26000,26000,
symm: 101000,199000,223000,
trans: 178000,181000,157000,179000,142000,163000,271000,219000,202000,181000,197000,164000,85000,205000,190000,228000,172000,203000,165000,176000,167000,
equiv1: 165000,
or_pos: 530000,
parsing: 11444000,
aci_simp: 1041000,1006000,1045000,966000,1030000,976000,1040000,
evaluate: 211000,
onepoint: 1116000,
qnt_join: 277000,
equiv_pos2: 32000,103000,406000,
reordering: 571000,
resolution: 182000,180000,243000,233000,262000,306000,
forall_inst: 1389000,
qnt_rm_unused: 288000,856000,
miniscope_split: 271000,
__normalized_input: 1405000,871000,921000,861000,
rare_rewrite_eq-refl: 84000,
rare_rewrite_eq-symm: 93000,
rare_rewrite_or-not-refl: 6444000,
rare_rewrite_bool-eq-false: 6114000,
rare_rewrite_bool-impl-elim: 6225000,
rare_rewrite_bool-impl-false1: 18914000,12584000,
rare_rewrite_bool-and-de-morgan: 6046000,6711000,6172000,6700000,

