1; Draft.Scratch_smt_check_7_13379; 2026-04-10 13:47:21.369;
bind: 715000,344000,376000,387000,432000,485000,472000,514000,293000,276000,259000,383000,203000,220000,219000,255000,281000,246000,315000,167000,199000,
cong: 313000,302000,223000,189000,80000,227000,83000,244000,255000,89000,185000,184000,114000,116000,73000,85000,212000,85000,145000,143000,196000,191000,143000,113000,81000,137000,58000,145000,154000,63000,124000,124000,74000,79000,52000,65000,153000,63000,275000,114000,156000,
refl: 50000,61000,490000,46000,52000,46000,43000,49000,46000,668000,43000,55000,38000,48000,190000,396000,34000,41000,26000,37000,313000,28000,34000,26000,27000,31000,31000,415000,27000,28000,22000,28000,108000,242000,22000,30000,76000,
symm: 384000,451000,519000,206000,242000,295000,
trans: 376000,373000,374000,375000,376000,339000,316000,145000,377000,362000,394000,344000,375000,453000,462000,450000,407000,457000,392000,364000,342000,206000,195000,220000,200000,193000,147000,237000,278000,234000,211000,215000,201000,216000,209000,214000,213000,203000,188000,90000,208000,204000,216000,193000,199000,270000,235000,249000,210000,252000,215000,201000,194000,110000,110000,119000,131000,114000,93000,146000,168000,137000,231000,171000,
or_pos: 219000,
implies: 204000,
parsing: 35118000,
aci_simp: 1737000,1804000,1838000,1995000,1889000,1679000,1811000,1287000,1007000,1023000,1068000,1035000,939000,987000,
evaluate: 301000,209000,
onepoint: 1955000,2559000,1654000,1070000,1386000,990000,
qnt_join: 445000,479000,249000,323000,
subproof: 1247000,
equiv_pos2: 319000,139000,303000,363000,
reordering: 242000,
resolution: 278000,537000,326000,232000,288000,350000,425000,396000,218000,338000,
contraction: 415000,
forall_inst: 722000,857000,
or_simplify: 582000,
implies_neg1: 370000,
implies_neg2: 343000,
__local_input: 109000,
qnt_rm_unused: 677000,2351000,371000,1377000,
connective_def: 684000,219000,296000,386000,234000,
__normalized_input: 1224000,520000,859000,
rare_rewrite_eq-refl: 160000,136000,85000,90000,93000,
rare_rewrite_eq-symm: 175000,154000,151000,161000,93000,94000,83000,96000,
rare_rewrite_or-not-refl: 11293000,12179000,11018000,6219000,6343000,6251000,
rare_rewrite_bool-eq-true: 6360000,
rare_rewrite_bool-and-de-morgan: 12412000,10615000,10766000,6779000,6090000,6020000,6051000,6294000,6464000,
rare_rewrite_bool-double-not-elim: 163000,206000,95000,

