1; Draft.Scratch_smt_check_7_15610; 2026-04-10 13:47:21.221;
bind: 672000,333000,371000,374000,498000,486000,459000,539000,293000,279000,270000,376000,196000,224000,236000,244000,281000,268000,392000,160000,189000,
cong: 307000,300000,228000,213000,81000,219000,82000,224000,266000,88000,206000,213000,122000,117000,75000,82000,189000,92000,135000,147000,178000,192000,142000,114000,55000,141000,67000,153000,151000,64000,121000,128000,73000,74000,49000,57000,100000,60000,279000,111000,157000,
refl: 49000,57000,497000,46000,71000,41000,49000,55000,46000,724000,50000,57000,39000,61000,203000,398000,40000,44000,25000,33000,314000,28000,32000,28000,28000,31000,33000,444000,26000,29000,22000,27000,110000,257000,21000,27000,76000,
symm: 381000,478000,493000,202000,243000,315000,
trans: 384000,369000,380000,375000,377000,355000,310000,145000,428000,368000,383000,348000,359000,464000,391000,434000,396000,479000,352000,350000,315000,197000,201000,203000,285000,224000,143000,253000,274000,230000,209000,224000,209000,246000,203000,216000,205000,199000,173000,84000,206000,212000,225000,190000,190000,269000,235000,262000,222000,268000,203000,207000,207000,105000,115000,115000,119000,112000,87000,141000,165000,134000,217000,156000,
or_pos: 223000,
implies: 207000,
parsing: 65833000,
aci_simp: 1812000,1936000,1853000,1917000,1893000,1733000,1738000,1012000,1023000,1080000,1167000,1259000,910000,958000,
evaluate: 303000,203000,
onepoint: 1904000,2451000,1802000,1116000,1471000,1046000,
qnt_join: 420000,505000,248000,351000,
subproof: 1346000,
equiv_pos2: 318000,145000,302000,316000,
reordering: 245000,
resolution: 277000,548000,187000,229000,311000,319000,437000,402000,214000,340000,
contraction: 440000,
forall_inst: 858000,865000,
or_simplify: 541000,
implies_neg1: 361000,
implies_neg2: 334000,
__local_input: 137000,
qnt_rm_unused: 724000,2282000,418000,1726000,
connective_def: 728000,209000,299000,382000,246000,
__normalized_input: 1195000,505000,745000,
rare_rewrite_eq-refl: 156000,143000,82000,99000,91000,
rare_rewrite_eq-symm: 157000,164000,142000,177000,129000,101000,77000,90000,
rare_rewrite_or-not-refl: 11452000,12272000,11511000,6533000,9851000,6623000,
rare_rewrite_bool-eq-true: 6251000,
rare_rewrite_bool-and-de-morgan: 11417000,11296000,11441000,8364000,6877000,6068000,6011000,6703000,6504000,
rare_rewrite_bool-double-not-elim: 184000,220000,92000,

