1; Draft.Scratch_smt_check_7_1470; 2026-04-10 13:51:19.687;
bind: 362000,817000,782000,492000,347000,831000,495000,352000,332000,759000,778000,512000,352000,
cong: 404000,369000,282000,357000,379000,400000,364000,296000,
refl: 70000,260000,81000,67000,66000,258000,80000,67000,
trans: 713000,750000,748000,668000,735000,605000,694000,903000,704000,657000,693000,
equiv1: 266000,250000,
or_pos: 487000,
and_pos: 508000,
implies: 625000,
parsing: 76472000,
aci_simp: 1849000,1589000,1755000,
subproof: 2279000,
equiv_pos2: 101000,463000,525000,211000,99000,473000,
reordering: 362000,900000,653000,743000,362000,
resolution: 334000,404000,284000,393000,756000,420000,336000,418000,447000,600000,803000,792000,425000,418000,282000,392000,654000,
contraction: 870000,
forall_inst: 1563000,1338000,
implies_neg1: 872000,
implies_neg2: 794000,
__local_input: 354000,
miniscope_split: 1054000,1024000,
__normalized_input: 25808000,10798000,9722000,25283000,16610000,
rare_rewrite_bool-impl-elim: 7100000,8309000,6695000,6773000,6905000,6483000,6756000,7983000,6717000,6794000,
rare_rewrite_bool-and-de-morgan: 7648000,7105000,

