1; Draft.Scratch_smt_check_7_8863; 2026-04-10 13:46:26.438;
bind: 272000,244000,267000,237000,285000,251000,283000,251000,254000,213000,215000,145000,227000,204000,170000,139000,255000,248000,133000,232000,214000,179000,235000,205000,168000,249000,242000,218000,182000,238000,214000,178000,128000,285000,258000,243000,210000,171000,225000,211000,169000,467000,456000,409000,384000,265000,395000,358000,276000,486000,434000,400000,205000,187000,237000,214000,179000,287000,253000,237000,204000,217000,237000,212000,173000,
cong: 104000,67000,98000,56000,87000,113000,150000,100000,122000,102000,127000,259000,139000,139000,139000,59000,109000,116000,107000,127000,89000,115000,153000,110000,126000,103000,116000,89000,121000,158000,86000,64000,87000,62000,59000,63000,88000,54000,84000,61000,118000,123000,109000,121000,89000,118000,163000,61000,103000,66000,66000,109000,123000,107000,121000,133000,228000,259000,169000,105000,103000,180000,182000,173000,186000,131000,190000,261000,147000,185000,234000,123000,65000,101000,184000,108000,104000,102000,118000,108000,122000,82000,119000,165000,105000,56000,67000,103000,123000,109000,124000,133000,212000,238000,129000,185000,237000,
refl: 37000,28000,27000,61000,43000,37000,46000,18000,22000,19000,35000,59000,59000,61000,38000,59000,55000,
symm: 76000,72000,111000,104000,86000,73000,75000,103000,77000,83000,179000,172000,145000,81000,
trans: 219000,96000,215000,99000,226000,131000,234000,145000,152000,168000,94000,203000,168000,209000,168000,198000,178000,206000,167000,211000,91000,85000,112000,135000,216000,193000,205000,175000,222000,93000,94000,206000,173000,205000,170000,403000,162000,169000,461000,294000,358000,361000,193000,386000,152000,166000,357000,167000,210000,194000,220000,94000,95000,212000,166000,209000,175000,
choice: 58000,64000,
equiv1: 96000,90000,67000,72000,169000,131000,177000,148000,90000,68000,169000,
equiv2: 74000,66000,94000,89000,71000,257000,127000,197000,131000,87000,70000,
or_neg: 141000,170000,137000,170000,143000,182000,152000,171000,184000,176000,239000,279000,239000,294000,140000,172000,144000,177000,145000,174000,
or_pos: 203000,202000,197000,219000,204000,237000,206000,221000,209000,221000,210000,220000,250000,206000,369000,373000,409000,346000,381000,388000,338000,230000,215000,206000,198000,230000,369000,363000,
and_neg: 536000,256000,
and_pos: 396000,391000,398000,369000,397000,361000,359000,384000,406000,374000,420000,372000,383000,390000,366000,376000,89000,90000,160000,176000,
implies: 124000,230000,115000,436000,118000,446000,117000,119000,124000,254000,198000,234000,114000,130000,120000,
parsing: 96945000,
aci_simp: 1009000,
subproof: 1017000,1845000,1045000,1373000,1051000,1380000,1067000,1083000,1034000,1994000,1957000,1965000,1069000,1092000,1105000,
and_intro: 447000,124000,
equiv_pos1: 44000,46000,64000,80000,83000,51000,82000,
equiv_pos2: 195000,174000,119000,114000,122000,182000,182000,328000,155000,166000,168000,64000,113000,121000,86000,173000,177000,86000,172000,161000,76000,119000,142000,174000,165000,175000,69000,121000,119000,85000,177000,163000,324000,161000,226000,214000,353000,332000,299000,125000,222000,231000,124000,219000,241000,332000,168000,161000,67000,118000,115000,179000,166000,237000,228000,239000,233000,126000,219000,223000,
not_equiv1: 84000,
not_equiv2: 104000,
reordering: 230000,183000,243000,230000,191000,255000,250000,315000,268000,252000,265000,802000,3869000,250000,251000,3457000,255000,291000,199000,253000,247000,249000,475000,352000,455000,438000,491000,556000,359000,470000,443000,522000,264000,250000,188000,244000,236000,252000,476000,361000,563000,
resolution: 161000,141000,201000,235000,151000,174000,209000,274000,149000,143000,248000,235000,209000,256000,250000,201000,229000,235000,154000,175000,213000,270000,142000,195000,134000,483000,196000,237000,276000,324000,400000,411000,227000,277000,219000,257000,274000,131000,143000,156000,140000,201000,239000,256000,257000,235000,213000,263000,258000,197000,198000,232000,270000,164000,218000,146000,208000,180000,174000,163000,287000,1199000,632000,517000,2708000,186000,194000,145000,167000,160000,234000,176000,142000,198000,143000,193000,224000,269000,244000,239000,243000,268000,262000,204000,197000,243000,276000,587000,509000,2669000,173000,179000,168000,259000,175000,155000,156000,199000,235000,278000,258000,237000,228000,295000,257000,194000,201000,230000,282000,139000,227000,275000,212000,215000,340000,144000,142000,226000,231000,143000,174000,216000,285000,126000,136000,169000,141000,133000,143000,199000,234000,282000,246000,249000,209000,262000,249000,198000,190000,222000,267000,416000,426000,335000,539000,421000,353000,333000,386000,266000,305000,373000,442000,221000,245000,307000,233000,252000,237000,323000,378000,426000,425000,434000,359000,457000,437000,337000,343000,374000,435000,410000,359000,686000,243000,358000,376000,243000,318000,344000,461000,220000,256000,280000,237000,231000,254000,326000,387000,448000,245000,244000,218000,265000,264000,213000,198000,233000,283000,244000,250000,216000,260000,260000,204000,194000,233000,141000,174000,217000,285000,130000,166000,153000,131000,134000,144000,208000,232000,277000,240000,237000,256000,265000,265000,201000,197000,234000,271000,
sko_forall: 915000,917000,941000,929000,1651000,1734000,1698000,927000,1712000,1644000,
contraction: 210000,205000,358000,243000,188000,627000,1126000,208000,202000,606000,991000,201000,193000,170000,205000,208000,195000,418000,390000,448000,322000,344000,376000,201000,190000,220000,204000,201000,188000,
forall_inst: 732000,736000,722000,743000,817000,678000,653000,700000,764000,598000,719000,610000,696000,762000,930000,683000,591000,698000,700000,743000,711000,734000,717000,706000,749000,741000,718000,687000,744000,729000,721000,747000,715000,707000,714000,1259000,1392000,1327000,1203000,1265000,1266000,1426000,1358000,1290000,725000,712000,740000,736000,680000,720000,1267000,
implies_neg1: 139000,313000,141000,155000,146000,776000,790000,288000,274000,252000,142000,251000,281000,264000,272000,
implies_neg2: 146000,331000,146000,1056000,149000,497000,151000,157000,149000,270000,252000,298000,148000,149000,148000,
__local_input: 33000,60000,36000,40000,34000,28000,17000,26000,19000,25000,31000,17000,23000,26000,27000,29000,19000,29000,18000,18000,31000,62000,57000,75000,40000,67000,53000,29000,25000,30000,30000,
equiv_simplify: 138000,188000,130000,158000,172000,134000,158000,139000,150000,313000,311000,265000,259000,294000,293000,249000,283000,158000,151000,134000,158000,300000,
__normalized_input: 2871000,2733000,2238000,2089000,1749000,1467000,1145000,1111000,798000,907000,
rare_rewrite_eq-symm: 131000,130000,121000,120000,127000,117000,75000,109000,160000,161000,105000,161000,104000,140000,258000,228000,141000,
rare_rewrite_bool-impl-elim: 6048000,5982000,6052000,5996000,5797000,6181000,11809000,11765000,6119000,
rare_rewrite_bool-impl-false1: 5448000,5868000,5837000,6183000,5880000,6304000,5704000,6093000,6012000,6226000,5895000,6339000,5717000,6084000,6008000,19233000,11106000,11607000,10869000,11300000,5912000,6441000,6022000,6430000,5731000,6172000,5822000,6255000,
rare_rewrite_bool-and-de-morgan: 5575000,5584000,6019000,6118000,6013000,6345000,6201000,6127000,5996000,11458000,11368000,7592000,6582000,6123000,6210000,
rare_rewrite_bool-double-not-elim: 92000,128000,92000,137000,96000,130000,103000,120000,179000,255000,176000,228000,186000,241000,106000,135000,173000,253000,172000,218000,

