1; Draft.Scratch_smt_check_7_29753; 2026-04-10 13:44:10.397;
bind: 239000,224000,359000,349000,438000,418000,
cong: 133000,105000,81000,453000,229000,199000,
refl: 59000,31000,82000,67000,
trans: 118000,143000,109000,126000,100000,262000,293000,215000,246000,
or_pos: 404000,396000,364000,
and_pos: 105000,157000,
implies: 304000,315000,
parsing: 45638000,
aci_simp: 1138000,993000,2056000,1851000,
subproof: 2092000,2772000,
equiv_pos2: 173000,298000,302000,284000,524000,123000,336000,327000,
reordering: 178000,554000,264000,596000,453000,485000,
resolution: 257000,281000,237000,177000,200000,240000,263000,198000,294000,273000,349000,484000,559000,589000,275000,386000,374000,457000,453000,624000,665000,451000,418000,
contraction: 561000,500000,
forall_inst: 1346000,1339000,1413000,4617000,
implies_neg1: 543000,471000,
implies_neg2: 435000,437000,
__local_input: 95000,101000,
__normalized_input: 6431000,10622000,1606000,904000,805000,1160000,1099000,
rare_rewrite_eq-symm: 204000,226000,315000,
rare_rewrite_bool-impl-elim: 6753000,11909000,12011000,24219000,
rare_rewrite_bool-and-de-morgan: 6585000,24495000,11527000,14864000,
rare_rewrite_bool-double-not-elim: 90000,

