1; Draft.Scratch_smt_check_7_21494; 2026-04-10 13:46:21.504;
bind: 194000,301000,303000,235000,290000,299000,255000,255000,235000,456000,495000,532000,534000,531000,204000,257000,295000,296000,292000,326000,271000,
cong: 92000,91000,61000,48000,45000,65000,73000,51000,50000,136000,82000,58000,68000,140000,76000,109000,82000,126000,94000,130000,98000,213000,144000,98000,92000,60000,47000,46000,137000,74000,69000,85000,104000,85000,228000,146000,191000,140000,224000,173000,373000,244000,156000,104000,225000,152000,127000,153000,290000,129000,339000,91000,89000,57000,46000,47000,163000,85000,66000,74000,48000,54000,108000,86000,124000,95000,130000,94000,209000,132000,105000,84000,132000,77000,61000,86000,142000,79000,166000,484000,
refl: 17000,51000,31000,30000,29000,29000,21000,48000,43000,46000,45000,46000,88000,17000,30000,30000,32000,28000,24000,53000,76000,55000,45000,71000,
symm: 189000,115000,291000,229000,573000,113000,161000,119000,277000,
trans: 255000,179000,194000,116000,129000,148000,113000,158000,163000,147000,151000,165000,138000,132000,221000,296000,259000,259000,187000,272000,286000,266000,280000,307000,280000,450000,377000,366000,215000,493000,503000,329000,185000,134000,158000,107000,154000,159000,137000,156000,168000,138000,263000,189000,207000,115000,275000,270000,
equiv1: 418000,420000,
equiv2: 278000,174000,180000,
or_neg: 361000,316000,306000,318000,329000,
or_pos: 237000,202000,206000,281000,354000,360000,470000,456000,209000,213000,275000,269000,
and_pos: 302000,355000,553000,396000,381000,383000,400000,
implies: 187000,359000,1128000,194000,
not_and: 326000,
not_not: 144000,151000,
parsing: 45804000,
aci_simp: 1023000,975000,1025000,1011000,1824000,1910000,2082000,2020000,1029000,1016000,1038000,1055000,
evaluate: 314000,
subproof: 1657000,1227000,3035000,1557000,1657000,
and_intro: 294000,
equiv_pos2: 103000,120000,207000,159000,196000,192000,275000,187000,179000,101000,226000,292000,367000,385000,543000,392000,303000,50000,100000,126000,161000,201000,201000,274000,209000,157000,181000,17242000,
reordering: 306000,282000,258000,396000,617000,435000,479000,798000,633000,4507000,248000,394000,444000,314000,
resolution: 241000,269000,164000,219000,225000,271000,245000,282000,288000,198000,235000,263000,228000,248000,282000,294000,373000,411000,253000,284000,228000,257000,814000,2554000,341000,271000,347000,301000,492000,149000,205000,195000,261000,231000,177000,236000,231000,168000,277000,424000,477000,350000,391000,441000,419000,490000,469000,498000,615000,809000,446000,501000,400000,506000,482000,1333000,1094000,3178000,201000,237000,255000,229000,237000,162000,223000,242000,289000,206000,248000,267000,256000,253000,311000,298000,369000,404000,250000,289000,226000,261000,297000,207000,299000,
contraction: 330000,1106000,379000,408000,571000,1577000,1945000,322000,
forall_inst: 668000,777000,825000,710000,768000,850000,857000,1283000,1604000,1269000,1393000,1451000,699000,867000,724000,775000,825000,872000,
implies_neg1: 259000,628000,842000,266000,917000,
implies_neg2: 246000,270000,460000,1415000,241000,
__local_input: 77000,130000,85000,104000,96000,39000,31000,26000,30000,54000,
equiv_simplify: 325000,262000,275000,341000,
implies_simplify: 524000,
__normalized_input: 11325000,11008000,8188000,7247000,4843000,1857000,770000,902000,845000,778000,1064000,
rare_rewrite_eq-symm: 79000,170000,171000,135000,490000,82000,253000,173000,
rare_rewrite_bool-eq-false: 12165000,12108000,6451000,7026000,
rare_rewrite_bool-impl-elim: 5888000,5855000,5933000,6132000,11276000,11621000,11596000,11643000,5956000,5953000,6255000,6226000,
rare_rewrite_bool-and-de-morgan: 5548000,5666000,5809000,5812000,11031000,11448000,11507000,11220000,5779000,5845000,5985000,6030000,
rare_rewrite_bool-double-not-elim: 95000,103000,95000,98000,230000,157000,173000,179000,100000,100000,97000,103000,283000,

