1; Draft.Scratch_smt_check_7_19179; 2026-04-10 13:51:02.016;
bind: 718000,727000,749000,709000,718000,773000,
cong: 77000,58000,60000,117000,59000,163000,713000,700000,85000,66000,386000,366000,695000,318000,339000,279000,253000,203000,184000,169000,174000,891000,61000,261000,248000,229000,209000,174000,164000,151000,147000,67000,58000,56000,115000,60000,148000,709000,699000,80000,69000,396000,359000,690000,317000,301000,278000,251000,209000,182000,176000,168000,892000,60000,265000,246000,231000,220000,178000,164000,155000,149000,223000,104000,89000,
refl: 86000,95000,24000,28000,33000,21000,61000,28000,29000,34000,58000,23000,32000,29000,44000,99000,24000,25000,27000,21000,64000,27000,29000,35000,59000,21000,24000,27000,
symm: 192000,198000,
trans: 190000,213000,840000,789000,758000,739000,697000,697000,697000,660000,697000,655000,642000,579000,527000,419000,393000,384000,357000,726000,712000,769000,720000,686000,661000,527000,521000,483000,465000,209000,221000,851000,852000,787000,787000,692000,722000,709000,660000,698000,663000,609000,587000,546000,437000,405000,381000,379000,698000,728000,758000,724000,688000,644000,533000,533000,488000,498000,325000,218000,
or_neg: 235000,269000,253000,266000,
and_pos: 193000,196000,
implies: 227000,328000,239000,
parsing: 27625000,
aci_simp: 2166000,1600000,1493000,1618000,1547000,1500000,1438000,1336000,1351000,1249000,1247000,1243000,2203000,1687000,1532000,1602000,1624000,1526000,1474000,1339000,1288000,1281000,1384000,1215000,993000,
evaluate: 288000,
subproof: 1651000,
equiv_pos2: 55000,56000,97000,115000,482000,59000,56000,100000,114000,488000,274000,
reordering: 275000,241000,921000,282000,247000,889000,
resolution: 233000,521000,298000,215000,238000,281000,338000,348000,371000,1289000,365000,475000,502000,336000,585000,288000,223000,239000,297000,353000,343000,393000,1297000,
contraction: 309000,504000,309000,
forall_inst: 903000,
implies_neg1: 439000,
implies_neg2: 427000,
__local_input: 258000,
connective_def: 808000,803000,
miniscope_split: 1013000,1019000,
__normalized_input: 32800000,1715000,1512000,1441000,1399000,1461000,1399000,1408000,1389000,1376000,2045000,
rare_rewrite_eq-refl: 191000,199000,213000,
rare_rewrite_eq-symm: 163000,236000,164000,164000,222000,162000,
rare_rewrite_bool-and-de-morgan: 6147000,6169000,6272000,6395000,8461000,7280000,6901000,6936000,7185000,6350000,16908000,6445000,6452000,6915000,7213000,7184000,7449000,7574000,
rare_rewrite_bool-double-not-elim: 441000,669000,161000,173000,236000,674000,163000,183000,

