1; Draft.Scratch_smt_check_7_14901; 2026-04-10 13:47:39.972;
bind: 337000,326000,353000,293000,408000,366000,221000,197000,
cong: 399000,262000,166000,57000,203000,181000,131000,140000,152000,293000,244000,87000,
refl: 30000,73000,419000,44000,86000,
symm: 288000,351000,136000,
trans: 393000,288000,290000,292000,251000,92000,318000,305000,308000,312000,250000,274000,137000,196000,
choice: 204000,
equiv1: 497000,
equiv2: 605000,
or_neg: 180000,262000,273000,
or_pos: 516000,
and_neg: 352000,
and_pos: 325000,342000,286000,344000,
implies: 458000,159000,242000,325000,238000,327000,
not_not: 387000,
parsing: 90117000,
aci_simp: 1382000,1182000,1226000,
evaluate: 211000,
onepoint: 1405000,
qnt_join: 338000,
subproof: 2257000,1067000,1226000,1300000,1197000,1279000,
and_intro: 261000,
equiv_pos2: 523000,243000,139000,245000,147000,103000,143000,261000,287000,
reordering: 1194000,545000,449000,669000,667000,
resolution: 410000,395000,556000,670000,643000,451000,457000,447000,427000,397000,400000,563000,447000,245000,316000,318000,231000,250000,167000,251000,273000,270000,187000,192000,240000,408000,426000,458000,405000,356000,424000,459000,408000,557000,205000,219000,334000,397000,375000,265000,470000,413000,597000,268000,
sko_forall: 1365000,
contraction: 657000,230000,393000,387000,443000,469000,356000,459000,462000,
forall_inst: 1482000,1648000,1576000,910000,689000,767000,876000,867000,
implies_neg1: 646000,200000,336000,340000,517000,530000,
implies_neg2: 756000,197000,330000,425000,360000,427000,
__local_input: 109000,48000,82000,70000,44000,62000,52000,83000,
qnt_rm_unused: 464000,2588000,
equiv_simplify: 671000,665000,
__normalized_input: 11623000,40893000,6332000,6022000,5006000,4712000,2565000,
rare_rewrite_eq-refl: 90000,
rare_rewrite_eq-symm: 536000,339000,117000,143000,122000,280000,
rare_rewrite_or-not-refl: 6798000,
rare_rewrite_bool-impl-elim: 6630000,6468000,
rare_rewrite_bool-and-de-morgan: 6340000,
rare_rewrite_bool-double-not-elim: 928000,

