1; Draft.Scratch_smt_check_7_10181; 2026-04-10 13:47:40.621;
bind: 394000,418000,231000,
cong: 130000,130000,119000,116000,140000,87000,67000,116000,116000,164000,205000,109000,133000,90000,83000,77000,109000,134000,186000,187000,209000,119000,151000,118000,196000,211000,215000,202000,327000,182000,102000,80000,86000,101000,170000,292000,392000,270000,790000,124000,131000,113000,120000,148000,86000,69000,114000,108000,122000,52000,51000,45000,76000,131000,251000,118000,151000,909000,
refl: 27000,22000,27000,57000,29000,62000,42000,39000,47000,45000,27000,57000,37000,35000,57000,31000,24000,38000,18000,77000,197000,130000,
symm: 426000,456000,385000,252000,
trans: 188000,225000,181000,192000,217000,300000,247000,372000,286000,231000,578000,338000,415000,317000,436000,414000,427000,121000,382000,328000,184000,183000,188000,225000,172000,161000,155000,363000,
equiv1: 1257000,343000,92000,
or_neg: 635000,688000,622000,610000,
and_pos: 744000,753000,799000,789000,399000,386000,384000,391000,
implies: 542000,236000,648000,
not_and: 594000,
parsing: 16750000,
evaluate: 270000,146000,206000,269000,280000,
subproof: 2447000,2010000,1627000,
and_intro: 339000,272000,420000,
poly_simp: 1669000,1771000,4072000,3114000,4210000,3130000,3396000,3074000,3241000,2863000,1535000,1639000,6123000,2395000,2352000,1724000,1776000,1731000,
equiv_pos2: 104000,118000,203000,295000,210000,293000,210000,284000,295000,208000,275000,343000,219000,245000,205000,327000,139000,129000,109000,108000,102000,175000,113000,279000,209000,994000,
la_generic: 10417000,
reordering: 980000,1008000,3199000,1000000,2110000,638000,
resolution: 222000,277000,219000,261000,403000,470000,458000,396000,1226000,3323000,643000,668000,980000,733000,2415000,234000,391000,501000,387000,422000,422000,374000,872000,418000,440000,433000,461000,479000,441000,439000,434000,410000,442000,426000,368000,175000,270000,956000,862000,1558000,270000,275000,229000,259000,278000,261000,416000,
contraction: 1624000,1039000,1287000,419000,923000,1043000,
forall_inst: 1582000,1755000,926000,
la_mult_neg: 692000,338000,
implies_neg1: 205000,655000,1757000,
implies_neg2: 816000,256000,954000,
__local_input: 71000,41000,43000,47000,71000,90000,69000,75000,120000,
poly_simp_rel: 1034000,8301000,1829000,1981000,1845000,2115000,1915000,1076000,1058000,1041000,995000,
equiv_simplify: 170000,
implies_simplify: 1435000,502000,
__normalized_input: 16302000,7148000,6650000,6274000,2251000,1087000,
rare_rewrite_eq-symm: 178000,252000,343000,250000,142000,344000,
rare_rewrite_arith-elim-lt: 11445000,8172000,6168000,
rare_rewrite_arith-elim-leq: 5883000,11077000,10685000,11004000,11807000,11069000,6197000,6075000,5771000,5849000,
rare_rewrite_bool-double-not-elim: 400000,

