1; Draft.Scratch_smt_check_7_15766; 2026-04-10 13:50:12.564;
bind: 462000,271000,359000,372000,240000,354000,366000,389000,242000,362000,168000,
cong: 233000,81000,172000,187000,94000,122000,87000,83000,53000,229000,90000,84000,105000,100000,173000,203000,99000,125000,86000,85000,52000,197000,88000,84000,103000,90000,120000,185000,220000,54000,55000,
refl: 149000,39000,41000,42000,41000,59000,
symm: 224000,186000,123000,
false: 18000,
trans: 270000,432000,459000,473000,500000,334000,355000,250000,213000,333000,340000,200000,212000,
choice: 66000,
equiv2: 191000,134000,
or_neg: 226000,279000,
or_pos: 297000,341000,
implies: 238000,
not_not: 162000,
parsing: 7932000,
aci_simp: 1973000,1107000,
evaluate: 288000,
subproof: 1279000,
equiv_pos2: 58000,143000,241000,85000,227000,86000,112000,204000,220000,77000,41000,
reordering: 448000,466000,
resolution: 268000,372000,367000,446000,435000,404000,239000,216000,273000,299000,400000,263000,337000,368000,298000,370000,360000,260000,271000,300000,350000,296000,169000,171000,251000,
sko_forall: 1345000,
contraction: 357000,344000,
forall_inst: 811000,1006000,961000,739000,
implies_neg1: 291000,
implies_neg2: 297000,
__local_input: 104000,
connective_def: 299000,288000,
equiv_simplify: 278000,216000,
miniscope_split: 669000,
__normalized_input: 14362000,1716000,1559000,807000,675000,666000,
rare_rewrite_eq-symm: 171000,165000,180000,205000,181000,158000,183000,182000,
rare_rewrite_bool-eq-false: 11753000,
rare_rewrite_bool-impl-elim: 6277000,
rare_rewrite_bool-double-not-elim: 228000,248000,

