1; Draft.Scratch_smt_check_7_16315; 2026-04-10 13:46:01.379;
bind: 273000,246000,262000,506000,304000,227000,
cong: 154000,119000,114000,150000,125000,175000,500000,397000,122000,82000,96000,97000,67000,81000,91000,76000,
refl: 28000,29000,25000,
symm: 179000,115000,
false: 13000,
trans: 113000,296000,179000,197000,168000,184000,225000,183000,209000,172000,199000,181000,180000,353000,
equiv2: 216000,226000,
or_pos: 332000,581000,
implies: 279000,
not_not: 209000,
parsing: 17285000,
aci_simp: 1104000,989000,973000,1112000,1022000,1748000,
evaluate: 321000,
subproof: 1900000,
equiv_pos2: 167000,339000,677000,186000,106000,107000,135000,105000,52000,
reordering: 457000,855000,
resolution: 106000,174000,154000,301000,379000,289000,360000,484000,601000,391000,295000,293000,380000,370000,305000,344000,328000,289000,266000,313000,268000,378000,
contraction: 398000,
forall_inst: 1450000,1251000,1139000,1215000,
implies_neg1: 639000,
implies_neg2: 401000,
__local_input: 148000,
equiv_simplify: 364000,371000,
__normalized_input: 10558000,2120000,1784000,1775000,1427000,897000,1025000,930000,1097000,
rare_rewrite_eq-symm: 116000,132000,198000,171000,
rare_rewrite_bool-impl-elim: 6479000,11658000,10891000,
rare_rewrite_bool-and-de-morgan: 6165000,6261000,6372000,21769000,
rare_rewrite_bool-double-not-elim: 203000,

