1; Draft.Scratch_smt_check_7_20252; 2026-04-10 13:46:01.235;
cong: 120000,170000,94000,152000,97000,117000,148000,96000,210000,123000,86000,338000,
refl: 36000,42000,29000,76000,
symm: 131000,
trans: 246000,
equiv1: 236000,
equiv2: 247000,
or_neg: 309000,357000,366000,
and_neg: 330000,
and_pos: 291000,347000,
implies: 276000,
not_not: 240000,
parsing: 4956000,
subproof: 4144000,
equiv_pos2: 156000,121000,163000,299000,
reordering: 469000,581000,
resolution: 298000,397000,332000,763000,721000,580000,512000,541000,715000,286000,272000,473000,381000,
contraction: 4338000,438000,520000,
implies_neg1: 515000,
implies_neg2: 352000,
__local_input: 54000,57000,
equiv_simplify: 443000,396000,
__normalized_input: 941000,920000,880000,1184000,
rare_rewrite_bool-double-not-elim: 262000,

