1; Draft.Scratch_smt_check_7_26443; 2026-04-10 13:51:54.583;
bind: 547000,748000,719000,593000,646000,546000,664000,603000,
cong: 184000,173000,146000,316000,237000,157000,124000,108000,397000,379000,144000,219000,148000,175000,
refl: 52000,71000,103000,613000,49000,
symm: 514000,
trans: 307000,324000,538000,527000,608000,527000,474000,554000,495000,511000,377000,596000,577000,604000,
choice: 34000,38000,90000,
equiv1: 499000,395000,
equiv2: 503000,509000,
or_neg: 277000,323000,281000,523000,579000,673000,566000,
or_pos: 628000,
not_not: 500000,
parsing: 7351000,
aci_simp: 1216000,2270000,1946000,2140000,
evaluate: 493000,
onepoint: 2311000,
qnt_join: 626000,
equiv_pos1: 333000,
equiv_pos2: 198000,322000,479000,137000,485000,608000,257000,
reordering: 392000,1415000,1505000,828000,
resolution: 312000,273000,427000,478000,372000,440000,454000,465000,658000,606000,470000,486000,518000,831000,677000,678000,735000,625000,780000,1035000,453000,582000,
sko_forall: 7928000,
contraction: 420000,957000,
forall_inst: 9689000,2016000,1613000,
equiv_simplify: 650000,582000,672000,575000,
__normalized_input: 36460000,26475000,16271000,3796000,2885000,
rare_rewrite_eq-refl: 366000,
rare_rewrite_eq-symm: 379000,
rare_rewrite_or-not-refl: 12556000,
rare_rewrite_bool-impl-elim: 6551000,12504000,12204000,
rare_rewrite_bool-and-de-morgan: 6255000,12307000,
rare_rewrite_bool-double-not-elim: 184000,499000,

