1; Draft.Scratch_smt_check_7_29001; 2026-04-10 13:51:55.162;
bind: 384000,397000,368000,378000,415000,424000,334000,390000,691000,657000,710000,676000,652000,
cong: 76000,74000,71000,71000,75000,113000,100000,71000,54000,65000,66000,124000,141000,179000,82000,59000,69000,71000,120000,202000,117000,89000,97000,62000,73000,73000,83000,72000,117000,161000,112000,103000,105000,104000,184000,173000,178000,111000,120000,125000,107000,184000,301000,173000,317000,
refl: 20000,74000,18000,22000,66000,21000,25000,44000,19000,54000,33000,37000,68000,27000,33000,74000,66000,82000,
symm: 227000,242000,266000,233000,409000,397000,
trans: 336000,346000,342000,457000,376000,316000,501000,330000,291000,342000,347000,316000,603000,634000,523000,578000,523000,
equiv1: 481000,
equiv2: 369000,
or_neg: 332000,343000,370000,
and_neg: 684000,
and_pos: 359000,342000,
implies: 334000,320000,541000,
not_not: 330000,
parsing: 5048000,
subproof: 1384000,1394000,2567000,
equiv_pos2: 75000,138000,139000,187000,117000,72000,242000,258000,396000,314000,
reordering: 533000,
resolution: 386000,462000,341000,429000,418000,481000,471000,334000,454000,375000,419000,548000,563000,517000,437000,450000,641000,331000,341000,462000,425000,316000,442000,703000,808000,813000,588000,711000,
contraction: 453000,490000,387000,415000,777000,
forall_inst: 1144000,989000,1865000,
implies_neg1: 405000,674000,785000,
implies_neg2: 387000,352000,649000,
__local_input: 319000,475000,98000,328000,
equiv_simplify: 411000,629000,
__normalized_input: 56708000,15884000,12783000,11598000,11281000,
rare_rewrite_eq-refl: 242000,430000,
rare_rewrite_eq-symm: 244000,313000,224000,300000,251000,311000,257000,305000,289000,289000,386000,573000,390000,500000,395000,531000,380000,554000,500000,
rare_rewrite_bool-eq-true: 7004000,12780000,
rare_rewrite_bool-double-not-elim: 632000,

