1; Draft.Scratch_smt_check_7_757; 2026-04-10 13:51:55.656;
bind: 731000,715000,729000,346000,455000,771000,1351000,1432000,622000,823000,
cong: 249000,59000,83000,282000,262000,140000,127000,148000,175000,185000,89000,199000,147000,147000,356000,91000,121000,451000,439000,224000,241000,224000,301000,299000,124000,
refl: 70000,90000,22000,82000,76000,108000,35000,64000,130000,174000,36000,180000,135000,197000,29000,
symm: 389000,
trans: 581000,566000,473000,497000,292000,297000,402000,408000,391000,581000,1050000,906000,954000,550000,543000,743000,725000,
equiv1: 383000,738000,
or_pos: 629000,1096000,
and_neg: 914000,
and_pos: 601000,572000,
implies: 651000,
parsing: 16030000,
aci_simp: 1440000,2871000,
subproof: 1592000,
equiv_pos2: 469000,178000,38000,883000,346000,66000,
reordering: 1032000,838000,1185000,1972000,
resolution: 288000,418000,522000,492000,301000,410000,295000,615000,715000,631000,815000,415000,530000,518000,550000,697000,654000,
contraction: 833000,821000,
forall_inst: 1433000,2644000,
implies_neg1: 1788000,
implies_neg2: 796000,
__local_input: 262000,233000,
connective_def: 392000,469000,723000,968000,
__normalized_input: 32643000,14372000,5310000,5069000,4583000,5384000,
rare_rewrite_bool-impl-elim: 6964000,13283000,
rare_rewrite_bool-and-de-morgan: 6290000,6372000,6717000,12273000,12363000,13494000,
rare_rewrite_bool-double-not-elim: 294000,419000,545000,761000,

