1; Draft.Scratch_smt_check_7_14883; 2026-04-10 13:43:22.001;
bind: 424000,420000,864000,832000,809000,803000,371000,367000,632000,386000,376000,755000,412000,455000,423000,427000,440000,233000,198000,217000,201000,
cong: 268000,187000,167000,147000,132000,253000,445000,382000,568000,526000,511000,271000,234000,302000,352000,288000,316000,269000,329000,244000,221000,319000,233000,278000,110000,110000,434000,355000,295000,295000,222000,246000,439000,198000,327000,324000,263000,147000,136000,190000,145000,146000,146000,134000,190000,151000,289000,316000,
refl: 29000,27000,200000,166000,203000,41000,25000,99000,95000,105000,67000,76000,
symm: 765000,209000,402000,
trans: 372000,309000,327000,300000,284000,252000,218000,190000,294000,862000,820000,817000,815000,783000,821000,562000,385000,369000,433000,333000,322000,331000,304000,348000,376000,314000,336000,299000,222000,684000,587000,610000,569000,691000,500000,443000,361000,285000,433000,431000,420000,434000,423000,422000,260000,195000,199000,181000,196000,169000,200000,195000,177000,184000,181000,
choice: 72000,
equiv1: 167000,
equiv2: 231000,
or_neg: 274000,338000,221000,273000,321000,259000,274000,313000,231000,276000,302000,306000,160000,183000,137000,192000,188000,142000,277000,354000,246000,
or_pos: 394000,464000,719000,823000,386000,875000,
and_neg: 291000,332000,
and_pos: 171000,173000,172000,322000,401000,340000,208000,244000,313000,175000,175000,178000,
implies: 326000,
not_not: 202000,
parsing: 110974000,
aci_simp: 1443000,1189000,1547000,2815000,2093000,1857000,1876000,1792000,1823000,1895000,1858000,4114000,2192000,1465000,1445000,1105000,996000,1001000,982000,1030000,
not_symm: 91000,155000,
qnt_join: 846000,442000,
subproof: 2066000,
equiv_pos2: 326000,701000,515000,296000,205000,334000,298000,305000,302000,327000,356000,155000,153000,144000,289000,330000,375000,
reordering: 254000,248000,557000,250000,771000,8699000,497000,1138000,474000,426000,504000,737000,336000,416000,410000,1554000,639000,249000,267000,579000,244000,209000,225000,435000,1555000,
resolution: 161000,381000,693000,150000,154000,149000,305000,430000,388000,699000,394000,202000,272000,250000,554000,735000,644000,223000,316000,348000,498000,328000,243000,430000,560000,267000,459000,549000,277000,473000,439000,461000,634000,625000,673000,615000,464000,428000,706000,235000,246000,356000,691000,1245000,574000,148000,154000,141000,311000,421000,375000,162000,278000,306000,163000,289000,315000,154000,293000,275000,464000,597000,
sko_forall: 2217000,1425000,
contraction: 449000,457000,452000,701000,470000,489000,244000,250000,456000,
forall_inst: 1026000,987000,1023000,1837000,1602000,985000,1025000,
implies_neg1: 381000,
implies_neg2: 299000,
__local_input: 30000,49000,
connective_def: 505000,467000,269000,290000,
equiv_simplify: 387000,309000,
miniscope_split: 1027000,569000,
__normalized_input: 2067000,1766000,1645000,1001000,897000,
rare_rewrite_eq-symm: 74000,75000,76000,74000,83000,125000,207000,199000,213000,137000,171000,149000,144000,131000,142000,150000,135000,141000,171000,83000,73000,76000,77000,80000,94000,106000,111000,119000,75000,79000,90000,79000,79000,99000,
rare_rewrite_bool-impl-elim: 6800000,12721000,6914000,7092000,
rare_rewrite_bool-and-de-morgan: 5954000,6084000,6238000,6382000,6595000,11721000,12094000,11729000,12038000,9000000,6413000,6960000,6725000,7268000,6104000,6473000,6180000,6680000,
rare_rewrite_bool-double-not-elim: 371000,159000,163000,164000,208000,88000,90000,194000,268000,

