1; Draft.Scratch_smt_check_7_24915; 2026-04-10 13:52:11.206;
bind: 304000,305000,269000,454000,358000,356000,327000,319000,258000,318000,316000,339000,325000,254000,264000,317000,312000,340000,328000,332000,327000,6017000,321000,334000,344000,310000,327000,313000,315000,308000,316000,331000,306000,319000,240000,250000,258000,304000,419000,
cong: 273000,346000,342000,354000,472000,153000,133000,136000,169000,122000,130000,134000,546000,429000,420000,268000,214000,116000,121000,75000,122000,99000,74000,409000,260000,160000,203000,146000,179000,156000,190000,157000,86000,170000,149000,198000,167000,121000,448000,346000,176000,269000,239000,112000,120000,295000,732000,362000,342000,496000,194000,159000,161000,95000,188000,151000,188000,85000,462000,302000,319000,165000,196000,167000,146000,166000,110000,617000,268000,340000,336000,351000,461000,153000,132000,136000,165000,118000,123000,168000,122000,137000,85000,175000,96000,72000,387000,268000,160000,206000,167000,546000,496000,427000,399000,207000,172000,161000,195000,153000,88000,173000,151000,188000,147000,89000,435000,336000,191000,265000,230000,122000,118000,329000,730000,340000,339000,498000,863000,1007000,329000,1376000,185000,189000,156000,164000,89000,188000,153000,171000,91000,459000,283000,320000,170000,176000,278000,143000,158000,111000,614000,185000,151000,160000,87000,183000,157000,157000,85000,470000,307000,313000,167000,217000,158000,142000,189000,617000,176000,159000,191000,185000,90000,175000,152000,186000,149000,95000,431000,354000,165000,263000,225000,108000,103000,292000,720000,338000,334000,118000,96000,75000,117000,100000,74000,373000,261000,157000,196000,148000,907000,731000,630000,411000,337000,528000,966000,622000,584000,595000,739000,249000,247000,234000,297000,185000,187000,174000,160000,3420000,
ite1: 482000,453000,471000,
refl: 30000,31000,26000,22000,22000,22000,42000,43000,92000,36000,33000,63000,61000,74000,67000,210000,84000,228000,237000,76000,81000,29000,97000,31000,32000,26000,24000,23000,27000,43000,42000,97000,33000,34000,59000,61000,70000,64000,90000,86000,217000,229000,80000,77000,31000,93000,80000,75000,29000,98000,50000,46000,89000,35000,32000,61000,57000,71000,57000,80000,22000,21000,170000,62000,443000,458000,48000,37000,36000,
symm: 277000,429000,452000,475000,705000,245000,291000,462000,283000,
true: 97000,107000,99000,
trans: 492000,531000,513000,546000,252000,254000,228000,586000,505000,305000,202000,188000,289000,220000,238000,178000,159000,257000,213000,236000,180000,161000,248000,311000,207000,179000,618000,263000,238000,211000,147000,258000,246000,204000,196000,271000,282000,229000,279000,496000,528000,508000,533000,292000,247000,269000,312000,202000,199000,474000,557000,558000,321000,249000,237000,239000,204000,151000,263000,214000,233000,179000,161000,244000,300000,388000,177000,604000,726000,1221000,1113000,1238000,187000,1079000,1096000,259000,278000,242000,202000,145000,259000,314000,200000,155000,280000,336000,230000,255000,250000,240000,201000,150000,271000,235000,199000,152000,283000,271000,224000,348000,246000,212000,234000,181000,150000,256000,225000,241000,180000,143000,294000,290000,187000,174000,289000,193000,192000,1081000,936000,584000,1088000,1145000,978000,996000,986000,478000,615000,409000,
equiv1: 1013000,2062000,235000,142000,132000,977000,1860000,
equiv2: 808000,808000,780000,
or_neg: 275000,252000,305000,402000,408000,497000,946000,1049000,1014000,1065000,1110000,258000,259000,332000,393000,415000,511000,409000,431000,490000,255000,252000,302000,
or_pos: 438000,435000,448000,443000,450000,433000,
and_pos: 1060000,1289000,1132000,1155000,1224000,1055000,1137000,1123000,1165000,1251000,
implies: 350000,316000,328000,247000,364000,601000,324000,479000,351000,482000,341000,223000,365000,2008000,355000,340000,232000,345000,350000,
not_and: 1312000,
parsing: 80728000,
aci_simp: 1165000,1139000,1257000,1357000,1248000,1157000,
evaluate: 487000,394000,210000,274000,541000,354000,335000,370000,
subproof: 1382000,1307000,1386000,1310000,1361000,2062000,1255000,1329000,1399000,1379000,1209000,1421000,2981000,1346000,1309000,1177000,1259000,1433000,
and_intro: 392000,307000,315000,1111000,
poly_simp: 1934000,1842000,3045000,3183000,3517000,1850000,1729000,4150000,2397000,1599000,1802000,2366000,1559000,1851000,1972000,1954000,2116000,2298000,2962000,4751000,3958000,2710000,3172000,2848000,2707000,2061000,2819000,2084000,1834000,2061000,9985000,1659000,1773000,2405000,1624000,1869000,2786000,3064000,3605000,3494000,3756000,2266000,2010000,4041000,3555000,1890000,1909000,1960000,2055000,3042000,1888000,4585000,3084000,2405000,5022000,1900000,10583000,2672000,2675000,3584000,12575000,2757000,3108000,1913000,2511000,2441000,2863000,2563000,2032000,2747000,1804000,1890000,2046000,2900000,1912000,2233000,1581000,1821000,2225000,1552000,1787000,1934000,3050000,5535000,6155000,3634000,3416000,6471000,6698000,3229000,3301000,3320000,
equiv_pos1: 100000,103000,102000,
equiv_pos2: 379000,183000,190000,603000,138000,141000,437000,184000,186000,486000,102000,102000,280000,140000,75000,228000,1560000,182000,193000,596000,51000,131000,146000,552000,378000,140000,151000,458000,324000,180000,186000,634000,326000,174000,186000,485000,95000,103000,270000,139000,70000,238000,1408000,580000,165000,1012000,148000,151000,181000,191000,529000,54000,141000,157000,554000,155000,178000,187000,533000,128000,148000,538000,180000,185000,505000,101000,98000,272000,146000,68000,228000,54000,1230000,145000,146000,425000,175000,335000,1185000,763000,3528000,
la_generic: 16778000,
reordering: 308000,366000,567000,574000,522000,1596000,6710000,304000,380000,570000,590000,583000,7688000,583000,521000,312000,411000,598000,
resolution: 345000,522000,332000,315000,525000,797000,764000,425000,330000,306000,315000,453000,579000,561000,321000,523000,432000,376000,388000,342000,545000,639000,748000,416000,343000,279000,257000,243000,419000,440000,441000,283000,282000,299000,337000,335000,483000,692000,947000,807000,711000,291000,340000,359000,360000,550000,649000,655000,392000,380000,306000,363000,693000,1045000,1876000,5431000,1215000,1420000,1717000,1361000,4732000,164000,270000,268000,254000,313000,298000,403000,1463000,522000,530000,349000,376000,315000,369000,521000,574000,566000,332000,328000,205000,356000,397000,340000,331000,522000,791000,850000,426000,356000,222000,784000,445000,372000,426000,392000,478000,713000,813000,428000,362000,268000,262000,219000,351000,422000,418000,269000,268000,249000,231000,398000,481000,578000,912000,788000,652000,363000,442000,274000,304000,354000,359000,377000,519000,692000,684000,364000,389000,322000,356000,714000,997000,3538000,2804000,5106000,305000,331000,351000,353000,530000,652000,653000,408000,355000,387000,693000,953000,551000,4982000,375000,344000,484000,636000,695000,412000,345000,253000,240000,225000,364000,436000,437000,260000,263000,266000,230000,324000,490000,590000,296000,969000,816000,291000,310000,522000,561000,560000,313000,312000,318000,325000,529000,784000,762000,401000,354000,857000,1095000,
contraction: 735000,501000,539000,433000,437000,543000,718000,2485000,1587000,2237000,317000,506000,691000,535000,340000,394000,546000,692000,3412000,3601000,549000,688000,538000,346000,392000,480000,741000,
forall_inst: 1096000,955000,996000,862000,841000,1058000,935000,1164000,1017000,825000,827000,1027000,1005000,1031000,825000,946000,942000,1980000,
la_mult_neg: 816000,593000,658000,
implies_neg1: 571000,429000,489000,299000,492000,426000,592000,464000,296000,259000,486000,2096000,487000,476000,304000,420000,1113000,5729000,
implies_neg2: 795000,516000,570000,380000,616000,1219000,218000,520000,832000,574000,359000,560000,3340000,568000,566000,383000,504000,799000,
__local_input: 194000,229000,212000,231000,279000,252000,252000,189000,238000,166000,297000,68000,187000,115000,136000,220000,186000,247000,195000,201000,258000,111000,239000,197000,253000,415000,
poly_simp_rel: 1081000,1044000,1353000,1038000,1045000,1117000,1121000,1283000,1451000,1281000,1900000,1053000,1064000,1205000,1285000,1203000,1080000,1324000,1322000,1124000,1145000,1386000,1499000,1043000,1083000,1294000,1150000,1137000,1930000,1538000,1601000,1017000,1074000,1315000,1203000,1231000,1056000,1156000,1192000,1064000,1050000,1208000,1104000,1108000,1101000,1181000,1127000,1944000,2605000,3596000,
equiv_simplify: 1236000,219000,220000,1132000,2274000,
implies_simplify: 2216000,335000,
__normalized_input: 43554000,10866000,10300000,9997000,8157000,3936000,766000,769000,637000,1202000,
rare_rewrite_ite-eq: 8639000,8464000,8589000,
rare_rewrite_eq-refl: 537000,523000,1170000,
rare_rewrite_eq-symm: 318000,3416000,193000,170000,291000,188000,181000,193000,173000,178000,290000,193000,
rare_rewrite_ite-not-cond: 7256000,7511000,14621000,
rare_rewrite_arith-elim-lt: 5985000,6954000,6013000,6243000,6184000,6521000,6608000,6749000,13845000,6335000,14783000,6516000,6359000,6283000,6368000,6404000,7105000,6359000,7028000,6336000,6090000,6436000,6266000,6295000,6405000,6291000,14247000,6243000,6083000,6360000,6352000,6578000,6658000,6688000,6650000,6933000,6148000,6032000,7379000,6346000,6007000,6307000,6360000,6048000,6052000,6114000,6088000,6031000,6209000,6192000,6198000,11837000,13013000,
rare_rewrite_bool-impl-elim: 6257000,6286000,6820000,6585000,6363000,6471000,6562000,6584000,6860000,6500000,6286000,6279000,
rare_rewrite_bool-and-de-morgan: 6117000,6591000,6645000,9009000,6153000,6100000,
rare_rewrite_bool-double-not-elim: 572000,120000,163000,120000,176000,144000,191000,148000,257000,570000,151000,173000,119000,180000,155000,181000,157000,271000,144000,152000,246000,117000,170000,119000,158000,149000,1054000,543000,

