1; Draft.Scratch_smt_check_7_11896; 2026-04-10 13:51:29.631;
bind: 521000,553000,395000,462000,459000,466000,445000,
cong: 224000,130000,81000,139000,132000,101000,68000,80000,115000,97000,87000,169000,113000,89000,84000,166000,443000,267000,110000,103000,131000,134000,
refl: 77000,40000,60000,89000,87000,50000,
symm: 353000,
false: 21000,
trans: 357000,443000,483000,412000,459000,404000,451000,349000,362000,365000,
equiv2: 365000,219000,
or_pos: 611000,501000,
implies: 527000,
not_not: 239000,
parsing: 3741000,
aci_simp: 3953000,
evaluate: 339000,
subproof: 2296000,
equiv_pos1: 67000,
equiv_pos2: 261000,395000,142000,113000,239000,241000,446000,115000,44000,
reordering: 845000,709000,718000,
resolution: 338000,425000,395000,448000,516000,552000,515000,675000,640000,382000,499000,448000,495000,398000,474000,437000,552000,667000,764000,674000,513000,577000,553000,295000,
contraction: 695000,
forall_inst: 1691000,1610000,1281000,1327000,1533000,
implies_neg1: 614000,
implies_neg2: 632000,
__local_input: 420000,
equiv_simplify: 514000,302000,
__normalized_input: 12864000,7682000,7285000,7362000,6465000,1369000,1208000,906000,800000,
rare_rewrite_eq-symm: 359000,240000,359000,241000,352000,348000,323000,
rare_rewrite_bool-impl-elim: 11769000,12249000,
rare_rewrite_bool-and-de-morgan: 11951000,

