1; Draft.Scratch_smt_check_7_1401; 2026-04-10 13:42:53.819;
cong: 291000,196000,358000,297000,302000,245000,135000,
refl: 45000,43000,37000,46000,
false: 22000,
trans: 387000,378000,249000,363000,450000,394000,168000,189000,
parsing: 5182000,
evaluate: 506000,688000,
poly_simp: 5436000,4509000,11430000,7028000,3406000,4419000,
equiv_pos2: 347000,376000,182000,
resolution: 172000,250000,437000,584000,
poly_simp_rel: 2049000,2072000,
__normalized_input: 1141000,1325000,
rare_rewrite_arith-elim-leq: 20306000,
rare_rewrite_bool-double-not-elim: 387000,

