1; Draft.Scratch_smt_check_7_11784; 2026-04-10 13:43:40.475;
bind: 334000,255000,348000,261000,342000,341000,328000,260000,242000,369000,330000,241000,168000,347000,262000,167000,323000,318000,251000,411000,321000,258000,
cong: 265000,157000,177000,57000,62000,251000,282000,207000,174000,45000,63000,47000,82000,279000,245000,264000,261000,178000,148000,90000,285000,334000,278000,55000,193000,172000,55000,118000,83000,57000,307000,317000,276000,50000,69000,158000,174000,45000,64000,106000,75000,47000,67000,270000,320000,230000,194000,294000,170000,297000,142000,193000,138000,586000,
refl: 45000,41000,19000,22000,33000,22000,59000,45000,37000,43000,21000,36000,41000,20000,21000,35000,58000,110000,282000,
symm: 60000,86000,58000,57000,61000,
trans: 163000,173000,323000,330000,331000,330000,321000,331000,345000,331000,494000,323000,320000,232000,197000,223000,379000,420000,436000,408000,331000,318000,326000,303000,301000,225000,200000,210000,294000,299000,
equiv1: 312000,555000,
equiv2: 555000,
or_neg: 307000,258000,
not_and: 268000,
parsing: 82592000,
aci_simp: 1527000,1345000,1317000,1178000,1099000,1149000,1376000,1135000,1138000,2527000,
equiv_pos2: 111000,38000,261000,680000,732000,
reordering: 456000,
resolution: 158000,218000,240000,362000,215000,361000,387000,389000,453000,394000,
contraction: 436000,
connective_def: 413000,
equiv_simplify: 691000,708000,
miniscope_split: 471000,
__normalized_input: 1806000,931000,1093000,1359000,867000,
rare_rewrite_eq-symm: 77000,93000,67000,100000,541000,77000,78000,121000,83000,134000,139000,
rare_rewrite_bool-eq-false: 6376000,
rare_rewrite_bool-impl-elim: 6828000,6219000,11899000,
rare_rewrite_bool-impl-false1: 12893000,12965000,
rare_rewrite_bool-and-de-morgan: 6107000,6350000,5899000,5729000,6501000,25986000,11611000,
rare_rewrite_bool-double-not-elim: 315000,

