1; Draft.Scratch_smt_check_7_20854; 2026-04-10 13:50:11.910;
bind: 508000,542000,900000,915000,531000,566000,
cong: 234000,234000,531000,394000,380000,377000,954000,655000,436000,251000,402000,245000,156000,246000,242000,254000,556000,649000,635000,
refl: 88000,94000,162000,157000,195000,83000,93000,96000,125000,60000,75000,
symm: 552000,276000,318000,837000,147000,152000,428000,
trans: 345000,360000,341000,366000,316000,668000,705000,676000,766000,586000,838000,855000,305000,422000,425000,345000,367000,353000,374000,
equiv1: 701000,399000,
equiv2: 780000,850000,435000,
or_neg: 454000,413000,421000,505000,
or_pos: 451000,809000,532000,
and_pos: 1085000,1092000,1456000,563000,699000,677000,
implies: 508000,1057000,1891000,507000,
not_and: 442000,
not_not: 570000,295000,
parsing: 38061000,
aci_simp: 1217000,1246000,2393000,2350000,1245000,1335000,
evaluate: 367000,
subproof: 2129000,2865000,3792000,2002000,2035000,
and_intro: 475000,
equiv_pos2: 327000,331000,710000,702000,660000,1404000,561000,48000,256000,328000,335000,727000,678000,
reordering: 777000,9992000,1541000,5696000,799000,
resolution: 241000,326000,405000,387000,559000,717000,733000,412000,435000,880000,2348000,470000,414000,547000,457000,1520000,310000,490000,610000,730000,639000,977000,1328000,1322000,721000,685000,570000,516000,788000,2079000,1648000,3399000,269000,308000,274000,444000,334000,409000,400000,564000,763000,746000,411000,416000,
contraction: 737000,1169000,593000,658000,1453000,2367000,2655000,752000,
forall_inst: 1185000,2084000,1189000,
implies_neg1: 677000,1358000,1431000,717000,1390000,
implies_neg2: 759000,434000,1490000,2336000,766000,
__local_input: 175000,255000,164000,196000,196000,135000,55000,37000,99000,
equiv_simplify: 1122000,1090000,527000,509000,
implies_simplify: 820000,
__normalized_input: 910000,916000,944000,918000,1127000,999000,
rare_rewrite_eq-symm: 408000,820000,435000,
rare_rewrite_bool-eq-false: 13484000,16352000,6748000,6892000,
rare_rewrite_bool-impl-elim: 6390000,6477000,12579000,12318000,6802000,7597000,
rare_rewrite_bool-and-de-morgan: 5764000,5897000,12228000,11468000,6004000,6321000,
rare_rewrite_bool-double-not-elim: 433000,

