1; Draft.Scratch_smt_check_7_155; 2026-04-10 13:50:12.038;
bind: 211000,193000,238000,211000,241000,210000,217000,185000,405000,389000,416000,376000,
cong: 143000,99000,98000,273000,253000,269000,96000,173000,99000,85000,105000,262000,875000,495000,455000,467000,228000,293000,178000,148000,189000,573000,2067000,
refl: 24000,36000,154000,44000,46000,30000,201000,50000,58000,146000,134000,151000,143000,89000,113000,
symm: 116000,122000,364000,93000,433000,255000,271000,294000,133000,135000,182000,124000,268000,280000,474000,502000,580000,620000,252000,246000,368000,326000,506000,555000,949000,
trans: 185000,195000,292000,203000,464000,552000,262000,278000,291000,330000,237000,431000,189000,477000,477000,388000,902000,1091000,537000,566000,577000,658000,447000,820000,396000,939000,959000,
equiv1: 833000,485000,
equiv2: 445000,341000,768000,
or_neg: 1275000,1211000,16102000,1215000,1290000,1196000,1189000,1252000,1264000,1240000,1238000,1230000,1222000,1244000,
or_pos: 245000,250000,468000,473000,265000,270000,861000,451000,481000,
and_pos: 612000,615000,3877000,3630000,3582000,3546000,3935000,3650000,3549000,3834000,3788000,3863000,3824000,3625000,3635000,3730000,
implies: 2382000,
not_and: 1339000,
not_not: 259000,492000,
parsing: 67264000,
evaluate: 249000,
subproof: 1624000,6459000,
and_intro: 1356000,
equiv_pos2: 111000,121000,119000,111000,296000,30000,218000,210000,298000,2688000,
reordering: 336000,345000,850000,3048000,1278000,859000,362000,341000,33685000,1723000,664000,649000,
resolution: 658000,213000,253000,203000,243000,261000,324000,402000,273000,3971000,27110000,1246000,454000,614000,477000,806000,174000,282000,327000,384000,314000,336000,253000,413000,209000,270000,215000,244000,268000,2639000,1900000,15555000,797000,689000,541000,595000,626000,446000,659000,390000,546000,393000,479000,449000,
contraction: 13410000,817000,838000,3065000,7018000,
forall_inst: 784000,771000,1048000,1188000,801000,793000,2031000,1467000,1436000,
implies_neg1: 856000,4170000,
implies_neg2: 508000,2669000,
__local_input: 84000,133000,83000,32000,33000,31000,109000,40000,85000,72000,69000,78000,71000,48000,46000,87000,
equiv_simplify: 544000,452000,868000,678000,
implies_simplify: 986000,
__normalized_input: 6204000,6139000,5877000,5840000,4244000,3826000,2863000,2974000,2530000,2336000,1405000,1065000,1236000,656000,642000,924000,
rare_rewrite_eq-symm: 130000,152000,138000,125000,453000,248000,268000,966000,
rare_rewrite_bool-eq-false: 6764000,6844000,13438000,9969000,
rare_rewrite_bool-impl-elim: 5850000,5998000,6285000,5951000,11505000,11527000,
rare_rewrite_bool-double-not-elim: 411000,

