1; Draft.Scratch_smt_check_7_5132; 2026-04-10 13:51:05.293;
bind: 427000,363000,534000,378000,293000,302000,
cong: 104000,289000,193000,143000,266000,194000,149000,474000,346000,135000,115000,162000,160000,284000,175000,91000,121000,54000,72000,61000,68000,99000,139000,103000,194000,161000,82000,160000,160000,139000,144000,161000,104000,89000,136000,46000,55000,147000,161000,132000,58000,144000,201000,152000,124000,137000,243000,
refl: 75000,76000,41000,32000,24000,32000,25000,25000,46000,37000,27000,27000,35000,25000,
symm: 124000,123000,206000,236000,140000,256000,286000,
trans: 160000,308000,307000,355000,199000,152000,320000,284000,316000,189000,153000,178000,162000,212000,171000,172000,208000,155000,172000,195000,131000,119000,131000,142000,144000,130000,129000,127000,184000,198000,197000,134000,181000,241000,247000,296000,236000,306000,269000,279000,282000,302000,302000,302000,301000,305000,316000,
equiv1: 235000,124000,186000,291000,289000,
or_neg: 220000,204000,221000,193000,200000,
or_pos: 388000,
and_pos: 190000,170000,184000,147000,155000,431000,314000,
implies: 355000,249000,146000,323000,348000,
not_and: 231000,194000,
parsing: 25955000,
aci_simp: 1349000,1526000,
evaluate: 505000,280000,205000,199000,277000,281000,568000,478000,510000,520000,586000,
subproof: 2230000,1347000,1165000,1136000,2083000,2120000,
and_intro: 133000,269000,306000,
poly_simp: 2503000,2285000,2859000,2432000,2927000,2860000,2713000,4055000,2921000,3142000,2845000,2815000,2144000,2456000,2393000,2868000,4094000,1905000,1980000,1935000,3348000,4673000,3394000,
equiv_pos1: 67000,
equiv_pos2: 58000,235000,233000,534000,155000,164000,325000,41000,36000,93000,94000,135000,136000,137000,44000,52000,99000,110000,123000,85000,102000,204000,
la_generic: 8946000,10830000,
reordering: 250000,448000,319000,491000,276000,651000,
resolution: 219000,367000,311000,410000,436000,501000,685000,775000,450000,450000,223000,238000,393000,383000,470000,478000,273000,365000,249000,329000,463000,440000,422000,270000,309000,282000,596000,203000,296000,209000,290000,206000,335000,368000,301000,290000,236000,235000,277000,257000,433000,165000,217000,238000,377000,395000,420000,453000,397000,467000,412000,492000,513000,427000,620000,623000,860000,509000,
contraction: 580000,395000,320000,228000,272000,211000,201000,202000,317000,485000,505000,
forall_inst: 1018000,884000,
la_mult_neg: 245000,467000,
implies_neg1: 536000,357000,229000,263000,372000,462000,
implies_neg2: 566000,375000,214000,201000,254000,460000,
__local_input: 297000,253000,54000,50000,173000,146000,76000,148000,69000,174000,
poly_simp_rel: 5270000,1099000,1177000,1259000,1100000,1076000,998000,1301000,1037000,1080000,1140000,1075000,999000,985000,1160000,2027000,2068000,2099000,
equiv_simplify: 195000,394000,
implies_simplify: 303000,249000,402000,
__normalized_input: 56819000,30064000,21754000,21687000,4040000,3144000,847000,
rare_rewrite_eq-symm: 184000,178000,
rare_rewrite_arith-elim-gt: 11519000,
rare_rewrite_arith-elim-lt: 6598000,6377000,6356000,6539000,6725000,11757000,15225000,11734000,12022000,
rare_rewrite_arith-elim-leq: 6344000,6394000,7332000,15438000,6294000,6770000,6633000,6912000,6761000,6473000,6584000,11282000,
rare_rewrite_bool-impl-elim: 7214000,7048000,
rare_rewrite_arith-geq-tighten: 6237000,6649000,
rare_rewrite_bool-and-de-morgan: 6529000,7045000,
rare_rewrite_bool-double-not-elim: 136000,130000,187000,393000,341000,

