1; Draft.Scratch_smt_check_7_11982; 2026-04-10 13:48:00.570;
bind: 407000,430000,522000,317000,244000,252000,243000,248000,
cong: 331000,231000,139000,167000,84000,147000,320000,162000,154000,97000,103000,233000,103000,93000,61000,84000,66000,57000,88000,74000,40000,47000,53000,162000,188000,126000,53000,58000,55000,180000,124000,51000,65000,96000,
ite1: 242000,110000,
ite2: 228000,
refl: 33000,41000,41000,32000,26000,37000,25000,16000,24000,33000,32000,34000,27000,
symm: 121000,111000,
true: 135000,74000,
trans: 196000,141000,139000,183000,150000,144000,180000,123000,135000,
equiv1: 208000,177000,171000,178000,
equiv2: 332000,167000,
and_neg: 318000,410000,
and_pos: 242000,260000,258000,257000,235000,257000,245000,278000,329000,308000,293000,270000,304000,262000,292000,298000,282000,301000,
implies: 367000,458000,282000,291000,323000,193000,330000,205000,
parsing: 24527000,
aci_simp: 972000,
subproof: 2223000,1311000,1200000,1202000,1264000,1205000,1351000,1146000,
and_intro: 260000,322000,
equiv_pos2: 489000,309000,416000,413000,277000,312000,335000,181000,267000,47000,98000,117000,124000,132000,140000,208000,219000,137000,145000,198000,208000,
reordering: 363000,246000,444000,927000,949000,522000,1353000,1351000,
resolution: 620000,354000,322000,497000,475000,586000,602000,572000,368000,534000,303000,641000,515000,410000,390000,346000,462000,502000,401000,389000,222000,333000,211000,205000,183000,204000,536000,407000,380000,911000,207000,181000,201000,408000,365000,951000,216000,184000,234000,222000,258000,198000,698000,463000,393000,1270000,208000,224000,204000,199000,251000,264000,293000,357000,342000,196000,262000,200000,454000,390000,1304000,203000,251000,269000,302000,327000,310000,202000,276000,211000,232000,235000,
contraction: 637000,363000,402000,451000,404000,470000,439000,576000,298000,443000,565000,293000,
forall_inst: 2693000,866000,671000,848000,952000,764000,752000,709000,663000,770000,814000,820000,763000,768000,
implies_neg1: 493000,316000,433000,424000,269000,262000,499000,541000,
implies_neg2: 448000,307000,377000,358000,396000,274000,389000,276000,
__local_input: 180000,125000,20000,30000,27000,45000,27000,38000,32000,64000,119000,96000,22000,29000,32000,26000,48000,23000,36000,29000,21000,57000,
equiv_simplify: 280000,247000,263000,264000,
__normalized_input: 24926000,9846000,6390000,5915000,1277000,
rare_rewrite_ite-eq: 12018000,6841000,
rare_rewrite_eq-refl: 113000,136000,123000,130000,135000,
rare_rewrite_eq-symm: 355000,372000,360000,283000,308000,217000,182000,168000,123000,150000,216000,178000,167000,180000,190000,177000,

