1; Draft.Scratch_smt_check_7_26592; 2026-04-10 13:44:05.568;
bind: 295000,296000,297000,499000,545000,584000,528000,531000,
cong: 156000,144000,59000,158000,250000,85000,484000,256000,260000,240000,87000,254000,251000,84000,459000,243000,115000,
refl: 71000,66000,72000,123000,135000,138000,126000,122000,
symm: 218000,
trans: 238000,201000,263000,207000,231000,510000,381000,434000,360000,
or_pos: 358000,382000,
and_neg: 386000,
and_pos: 284000,359000,
implies: 226000,368000,436000,
parsing: 50234000,
subproof: 1201000,2202000,2177000,
poly_simp: 3324000,3250000,
equiv_pos2: 208000,474000,658000,434000,421000,647000,
reordering: 543000,584000,887000,521000,
resolution: 217000,159000,199000,217000,301000,332000,400000,393000,225000,306000,680000,620000,571000,867000,378000,374000,499000,543000,696000,665000,357000,538000,284000,
contraction: 353000,568000,588000,650000,
forall_inst: 688000,1425000,1376000,1224000,
implies_neg1: 622000,577000,535000,
implies_neg2: 294000,494000,604000,
__local_input: 141000,126000,36000,65000,
poly_simp_rel: 1897000,1915000,
__normalized_input: 2327000,5773000,880000,1157000,
rare_rewrite_eq-symm: 73000,121000,116000,124000,121000,123000,
rare_rewrite_bool-impl-elim: 7138000,25487000,12068000,12037000,
rare_rewrite_bool-double-not-elim: 95000,98000,184000,160000,

