1; Draft.Scratch_smt_check_7_8123; 2026-04-10 13:51:15.639;
bind: 656000,630000,663000,650000,699000,697000,708000,656000,672000,630000,666000,642000,665000,630000,663000,662000,653000,636000,667000,633000,
cong: 407000,187000,424000,193000,430000,202000,187000,115000,79000,131000,190000,87000,138000,215000,75000,151000,216000,113000,161000,194000,264000,121000,119000,93000,137000,131000,85000,71000,63000,143000,112000,136000,125000,83000,62000,59000,144000,108000,373000,185000,164000,196000,130000,83000,64000,85000,177000,145000,182000,160000,205000,164000,115000,162000,162000,153000,88000,63000,62000,160000,134000,166000,148000,196000,157000,102000,404000,175000,161000,156000,127000,78000,64000,66000,162000,136000,166000,151000,165000,160000,109000,167000,196000,125000,79000,65000,65000,166000,130000,166000,144000,168000,155000,104000,423000,196000,153000,103000,75000,118000,194000,67000,120000,226000,120000,161000,191000,342000,603000,664000,55000,56000,81000,56000,55000,82000,101000,122000,59000,59000,90000,222000,257000,120000,124000,
refl: 54000,50000,28000,48000,48000,21000,50000,23000,50000,45000,67000,28000,29000,58000,36000,32000,214000,220000,43000,40000,37000,29000,208000,205000,44000,53000,36000,30000,215000,202000,40000,41000,28000,199000,199000,36000,46000,39000,20000,48000,41000,22000,58000,50000,57000,59000,182000,62000,93000,19000,17000,21000,20000,55000,46000,
symm: 186000,230000,188000,213000,195000,253000,524000,500000,499000,499000,191000,214000,187000,227000,179000,212000,
trans: 425000,403000,270000,221000,202000,205000,228000,347000,223000,516000,515000,358000,749000,673000,723000,559000,404000,441000,518000,503000,532000,520000,374000,395000,529000,573000,556000,522000,520000,512000,538000,517000,395000,261000,193000,197000,588000,592000,205000,335000,230000,
choice: 27000,67000,
equiv1: 351000,346000,382000,235000,380000,361000,360000,
equiv2: 205000,254000,214000,253000,199000,251000,236000,189000,255000,192000,243000,205000,241000,
or_neg: 265000,310000,282000,292000,283000,284000,281000,282000,286000,288000,289000,290000,259000,285000,260000,265000,271000,268000,274000,295000,357000,409000,452000,410000,396000,387000,406000,276000,295000,279000,
and_pos: 295000,289000,303000,297000,313000,278000,285000,279000,276000,286000,300000,288000,287000,287000,288000,279000,272000,282000,283000,274000,282000,344000,297000,312000,288000,272000,280000,294000,269000,283000,
implies: 453000,496000,470000,356000,468000,231000,258000,448000,484000,465000,341000,296000,381000,284000,
not_and: 294000,285000,304000,275000,274000,438000,279000,
not_not: 228000,219000,247000,213000,206000,241000,
parsing: 47751000,
aci_simp: 1093000,1130000,
evaluate: 323000,340000,334000,303000,313000,315000,
subproof: 1552000,1588000,1544000,1634000,1344000,1434000,1563000,1509000,1499000,1355000,1673000,1553000,1452000,1289000,1300000,1570000,1521000,1363000,1682000,1370000,
and_intro: 286000,270000,319000,288000,
equiv_pos1: 97000,95000,
equiv_pos2: 540000,81000,580000,572000,99000,29000,172000,50000,170000,31000,172000,99000,150000,163000,287000,368000,366000,547000,81000,372000,371000,537000,369000,406000,567000,99000,32000,168000,36000,175000,95000,159000,164000,348000,15100000,34000,55000,32000,53000,29000,32000,52000,163000,305000,
reordering: 533000,535000,512000,659000,617000,748000,640000,729000,347000,479000,667000,501000,619000,618000,737000,602000,618000,763000,
resolution: 451000,1940000,328000,624000,676000,605000,396000,332000,573000,706000,620000,405000,483000,576000,734000,769000,394000,548000,631000,338000,374000,488000,787000,255000,272000,345000,302000,531000,522000,330000,342000,384000,374000,720000,264000,265000,346000,300000,517000,504000,785000,530000,510000,386000,345000,393000,376000,730000,260000,263000,346000,302000,496000,491000,882000,396000,405000,338000,432000,422000,378000,273000,261000,272000,420000,499000,473000,360000,317000,2092000,313000,479000,530000,641000,597000,318000,466000,339000,614000,564000,834000,617000,360000,485000,314000,475000,528000,654000,564000,308000,485000,475000,488000,317000,362000,352000,745000,262000,249000,302000,289000,488000,502000,323000,367000,367000,359000,730000,261000,246000,304000,299000,494000,516000,914000,488000,448000,400000,457000,662000,478000,959000,3607000,567000,288000,251000,477000,488000,303000,334000,373000,364000,735000,263000,264000,334000,300000,327000,300000,501000,500000,784000,326000,319000,399000,548000,494000,367000,
sko_forall: 1201000,2031000,
contraction: 710000,761000,736000,450000,345000,400000,459000,334000,383000,465000,519000,429000,342000,403000,452000,486000,348000,334000,441000,682000,753000,703000,419000,329000,374000,434000,330000,364000,446000,523000,423000,346000,1240000,416000,318000,367000,479000,481000,482000,
forall_inst: 1192000,1215000,1304000,1026000,965000,1161000,1211000,1137000,1006000,
or_simplify: 765000,722000,
implies_neg1: 618000,669000,664000,403000,350000,458000,548000,461000,301000,427000,602000,657000,643000,382000,351000,500000,313000,350000,560000,395000,
implies_neg2: 565000,617000,634000,294000,291000,525000,302000,473000,302000,429000,562000,618000,614000,282000,268000,478000,300000,272000,462000,429000,
__local_input: 303000,327000,386000,100000,105000,153000,84000,137000,197000,126000,147000,165000,98000,172000,211000,93000,137000,151000,178000,129000,336000,308000,319000,96000,123000,134000,136000,141000,201000,166000,180000,242000,307000,76000,100000,169000,50000,54000,177000,135000,
qnt_rm_unused: 249000,254000,255000,297000,
equiv_simplify: 318000,340000,296000,331000,289000,329000,321000,337000,266000,328000,286000,333000,285000,315000,
implies_simplify: 473000,434000,465000,437000,418000,432000,
__normalized_input: 10597000,8913000,5981000,5571000,5096000,5017000,2611000,1372000,1411000,
miniscope_distribute: 881000,
rare_rewrite_eq-refl: 181000,145000,219000,
rare_rewrite_eq-symm: 398000,435000,181000,188000,381000,231000,392000,167000,415000,206000,383000,161000,398000,205000,181000,205000,174000,411000,
rare_rewrite_bool-eq-true: 7273000,6845000,
rare_rewrite_bool-not-eq-elim1: 7354000,6212000,6141000,6115000,
rare_rewrite_bool-double-not-elim: 231000,273000,278000,270000,199000,207000,211000,318000,183000,180000,178000,215000,

