1; Draft.Scratch_smt_check_7_6819; 2026-04-10 13:51:15.220;
cong: 40000,41000,55000,26000,100000,57000,49000,26000,25000,93000,95000,55000,78000,82000,43000,67000,89000,53000,38000,25000,24000,24000,90000,88000,53000,72000,91000,259000,
refl: 19000,17000,27000,28000,18000,20000,17000,16000,18000,29000,20000,19000,59000,74000,
symm: 117000,181000,126000,
trans: 221000,239000,366000,244000,
equiv1: 222000,
equiv2: 167000,
or_neg: 248000,279000,281000,
and_neg: 301000,
and_pos: 222000,393000,
implies: 269000,
not_not: 188000,
parsing: 3446000,
subproof: 1857000,
equiv_pos2: 79000,100000,97000,68000,97000,257000,
reordering: 476000,
resolution: 234000,223000,270000,323000,501000,534000,601000,378000,377000,534000,257000,216000,221000,277000,330000,
contraction: 454000,340000,375000,
implies_neg1: 360000,
implies_neg2: 313000,
__local_input: 104000,49000,
equiv_simplify: 285000,314000,
__normalized_input: 8449000,878000,959000,965000,
rare_rewrite_eq-symm: 212000,207000,
rare_rewrite_bool-double-not-elim: 220000,

