1; Draft.Scratch_smt_check_7_24329; 2026-04-10 13:45:31.015;
bind: 181000,212000,149000,191000,218000,182000,108000,2324000,321000,228000,316000,303000,1397000,185000,
cong: 96000,70000,96000,64000,102000,88000,112000,85000,84000,115000,72000,211000,115000,217000,131000,80000,89000,143000,163000,123000,170000,182000,114000,329000,186000,146000,81000,
refl: 22000,23000,25000,65000,59000,72000,66000,58000,34000,41000,109000,172000,47000,111000,98000,34000,
symm: 94000,94000,136000,91000,133000,190000,241000,225000,176000,167000,
trans: 130000,142000,110000,182000,129000,139000,167000,130000,141000,298000,192000,149000,329000,220000,252000,324000,232000,247000,201000,
or_pos: 208000,405000,
and_neg: 775000,
and_pos: 571000,666000,545000,568000,612000,604000,
implies: 189000,182000,348000,362000,
parsing: 30246000,
subproof: 1699000,1046000,2410000,4544000,
equiv_pos2: 72000,61000,118000,111000,227000,72000,262000,207000,209000,457000,105000,131000,
reordering: 261000,588000,14252000,480000,
resolution: 410000,351000,182000,204000,237000,291000,323000,347000,508000,206000,273000,154000,138000,176000,166000,285000,329000,302000,179000,161000,805000,477000,427000,3163000,299000,313000,395000,394000,464000,604000,608000,402000,411000,298000,283000,4214000,317000,316000,
contraction: 286000,314000,477000,683000,572000,
forall_inst: 735000,639000,579000,690000,717000,1382000,1350000,1212000,1088000,1285000,
implies_neg1: 248000,250000,496000,1125000,
implies_neg2: 256000,278000,398000,470000,
__local_input: 51000,58000,95000,37000,64000,28000,34000,47000,63000,
__normalized_input: 12476000,3397000,6489000,1941000,5634000,938000,882000,874000,
rare_rewrite_eq-symm: 186000,86000,83000,98000,80000,152000,83000,185000,151000,153000,263000,209000,150000,
rare_rewrite_bool-impl-elim: 7419000,6447000,25229000,24887000,

