1; Draft.Scratch_smt_check_7_5171; 2026-04-10 13:46:35.199;
bind: 418000,422000,454000,477000,525000,165000,198000,280000,277000,155000,196000,240000,267000,199000,
cong: 373000,195000,206000,91000,191000,219000,771000,501000,339000,83000,143000,121000,124000,364000,269000,176000,125000,111000,55000,70000,71000,72000,214000,588000,
refl: 76000,77000,63000,98000,190000,43000,60000,76000,48000,43000,44000,42000,66000,68000,41000,117000,
symm: 138000,108000,
trans: 394000,297000,264000,284000,958000,189000,211000,225000,158000,147000,169000,430000,187000,253000,176000,145000,
equiv1: 159000,
equiv2: 174000,
or_neg: 437000,429000,462000,429000,425000,468000,455000,
or_pos: 452000,260000,
and_neg: 627000,
and_pos: 364000,215000,535000,568000,557000,516000,610000,547000,199000,
implies: 383000,719000,591000,337000,213000,
not_not: 151000,
parsing: 23737000,
not_symm: 200000,95000,
subproof: 2140000,2555000,1612000,1370000,1166000,
equiv_pos2: 220000,484000,276000,380000,414000,819000,92000,124000,142000,194000,191000,456000,92000,124000,141000,143000,123000,252000,696000,
reordering: 777000,529000,552000,282000,3507000,567000,282000,408000,
resolution: 538000,269000,372000,319000,490000,592000,552000,354000,387000,412000,464000,292000,284000,437000,485000,432000,782000,951000,894000,487000,548000,215000,229000,173000,261000,1322000,4899000,1023000,711000,582000,2522000,195000,179000,230000,170000,243000,265000,278000,417000,511000,490000,261000,297000,216000,221000,191000,243000,250000,256000,281000,168000,239000,199000,303000,380000,349000,260000,
contraction: 564000,1011000,1993000,837000,1106000,523000,311000,
forall_inst: 1306000,1463000,2189000,1930000,834000,768000,974000,817000,782000,832000,736000,807000,
implies_neg1: 494000,860000,432000,280000,1008000,
implies_neg2: 587000,1060000,655000,533000,298000,
__local_input: 91000,203000,85000,54000,24000,37000,40000,37000,54000,43000,
equiv_simplify: 246000,246000,
__normalized_input: 7065000,24376000,12683000,11174000,6344000,6012000,1724000,2209000,1831000,
rare_rewrite_eq-symm: 244000,422000,161000,278000,198000,305000,220000,920000,333000,300000,130000,146000,142000,122000,142000,118000,402000,147000,165000,127000,150000,94000,146000,288000,
rare_rewrite_bool-impl-elim: 11634000,6991000,
rare_rewrite_bool-double-not-elim: 179000,108000,181000,

