1; Draft.Scratch_smt_check_7_6734; 2026-04-10 13:46:34.842;
cong: 276000,170000,166000,360000,292000,209000,144000,484000,260000,296000,201000,198000,70000,106000,
refl: 40000,129000,31000,
symm: 444000,133000,
false: 19000,
trans: 285000,
equiv2: 602000,581000,
implies: 476000,
not_not: 381000,
parsing: 3638000,
evaluate: 340000,
subproof: 2133000,
equiv_pos2: 300000,655000,338000,56000,
resolution: 275000,270000,338000,463000,342000,589000,725000,644000,376000,366000,485000,524000,
contraction: 773000,
forall_inst: 1499000,
implies_neg1: 743000,
implies_neg2: 712000,
__local_input: 136000,
equiv_simplify: 687000,780000,
__normalized_input: 13002000,2567000,2356000,2479000,
rare_rewrite_eq-symm: 466000,

