1; Draft.Scratch_smt_check_7_13848; 2026-04-10 13:49:54.358;
bind: 627000,364000,
cong: 303000,134000,257000,220000,180000,126000,284000,255000,323000,161000,140000,59000,199000,96000,98000,127000,75000,62000,66000,195000,
refl: 142000,238000,29000,47000,32000,74000,146000,
symm: 319000,165000,134000,94000,
trans: 536000,405000,459000,204000,214000,213000,210000,213000,195000,499000,290000,224000,261000,
equiv1: 446000,216000,125000,
or_neg: 370000,345000,381000,
or_pos: 487000,
and_pos: 342000,325000,345000,176000,175000,178000,
implies: 171000,228000,437000,
not_and: 383000,
parsing: 21244000,
aci_simp: 2169000,1377000,
evaluate: 324000,178000,260000,473000,345000,
subproof: 2194000,2200000,1244000,2322000,
and_intro: 123000,212000,
poly_simp: 2932000,3552000,5401000,2439000,
equiv_pos2: 435000,94000,67000,81000,57000,127000,67000,62000,49000,51000,153000,73000,300000,246000,
la_generic: 7495000,
reordering: 1003000,559000,802000,
resolution: 580000,601000,813000,373000,378000,424000,686000,742000,473000,535000,536000,475000,1086000,360000,370000,406000,413000,422000,395000,418000,625000,514000,231000,218000,223000,254000,242000,290000,418000,406000,687000,255000,242000,293000,455000,737000,813000,482000,376000,
contraction: 587000,453000,531000,282000,344000,371000,647000,
forall_inst: 1319000,731000,778000,1258000,
la_mult_neg: 360000,
implies_neg1: 128000,249000,349000,643000,
implies_neg2: 329000,211000,358000,774000,
__local_input: 119000,35000,59000,103000,50000,84000,92000,167000,
poly_simp_rel: 1088000,1486000,
equiv_simplify: 189000,
implies_simplify: 608000,370000,
__normalized_input: 31334000,3943000,2656000,2177000,2626000,3081000,
rare_rewrite_arith-elim-lt: 10343000,7434000,7147000,
rare_rewrite_arith-elim-leq: 12276000,7739000,7493000,7496000,
rare_rewrite_bool-impl-elim: 12601000,8820000,
rare_rewrite_bool-and-de-morgan: 12127000,7243000,
rare_rewrite_bool-double-not-elim: 149000,

