1; Draft.Scratch_smt_check_7_28778; 2026-04-10 13:49:54.547;
bind: 208000,205000,199000,237000,230000,210000,232000,242000,193000,
cong: 76000,69000,84000,113000,90000,65000,81000,76000,120000,95000,64000,84000,70000,183000,124000,
refl: 24000,15000,22000,18000,24000,35000,
trans: 196000,203000,196000,205000,134000,193000,207000,137000,163000,136000,
implies: 229000,
parsing: 6275000,
subproof: 1125000,
equiv_pos1: 49000,
equiv_pos2: 125000,54000,201000,54000,123000,199000,
reordering: 240000,
resolution: 188000,184000,269000,172000,275000,253000,271000,325000,308000,190000,267000,272000,
contraction: 298000,
forall_inst: 746000,780000,
implies_neg1: 275000,
implies_neg2: 280000,
__local_input: 118000,
__normalized_input: 9518000,21161000,7236000,3505000,3569000,
rare_rewrite_eq-refl: 125000,
rare_rewrite_eq-symm: 112000,148000,123000,133000,120000,116000,92000,132000,114000,110000,132000,
rare_rewrite_bool-eq-true: 5886000,
rare_rewrite_bool-double-not-elim: 155000,137000,

