1; Draft.Scratch_smt_check_7_29071; 2026-04-10 13:45:56.308;
bind: 367000,352000,633000,617000,1196000,694000,663000,1089000,1113000,676000,
cong: 53000,47000,48000,68000,1153000,163000,148000,82000,106000,1084000,145000,129000,145000,92000,98000,49000,57000,71000,39000,44000,41000,32000,44000,58000,83000,99000,50000,41000,45000,36000,59000,63000,69000,50000,47000,60000,64000,378000,347000,679000,319000,307000,277000,250000,205000,188000,173000,170000,1406000,84000,490000,483000,510000,400000,339000,323000,319000,299000,87000,86000,79000,96000,1750000,295000,251000,132000,175000,1713000,276000,283000,257000,149000,149000,74000,96000,120000,73000,78000,79000,59000,86000,109000,139000,175000,88000,74000,85000,72000,207000,100000,107000,83000,74000,121000,102000,700000,591000,1062000,546000,520000,482000,440000,223000,192000,173000,174000,942000,66000,274000,252000,253000,218000,205000,208000,221000,175000,309000,133000,130000,
refl: 29000,38000,32000,33000,42000,21000,19000,62000,25000,30000,32000,118000,45000,39000,41000,49000,66000,55000,53000,41000,24000,28000,133000,40000,44000,49000,73000,23000,33000,29000,
symm: 83000,143000,
trans: 146000,201000,122000,105000,839000,820000,102000,662000,683000,588000,583000,597000,577000,578000,563000,520000,488000,448000,358000,327000,311000,292000,1111000,1174000,1241000,1190000,1126000,1057000,864000,846000,782000,741000,300000,338000,218000,172000,1517000,1495000,178000,1245000,1195000,1114000,1165000,1114000,1168000,1077000,1066000,966000,909000,831000,466000,335000,328000,290000,810000,619000,713000,634000,600000,562000,477000,446000,424000,407000,240000,241000,
implies: 538000,
parsing: 67365000,
aci_simp: 1981000,1455000,2670000,2869000,2866000,2829000,2655000,2457000,2376000,2519000,2271000,2250000,3782000,2830000,1509000,1594000,1607000,1528000,1761000,1516000,1323000,1583000,1543000,1392000,1080000,
evaluate: 400000,
subproof: 2988000,
equiv_pos2: 56000,92000,47000,62000,37000,46000,46000,45000,1096000,101000,179000,104000,105000,69000,97000,74000,81000,610000,768000,
reordering: 892000,1672000,
resolution: 164000,466000,182000,211000,171000,191000,165000,194000,221000,1273000,227000,568000,841000,839000,488000,839000,306000,352000,334000,316000,296000,400000,378000,2237000,349000,
contraction: 1004000,
forall_inst: 1280000,
implies_neg1: 475000,
implies_neg2: 853000,
__local_input: 118000,
connective_def: 1300000,697000,
miniscope_split: 911000,1794000,
__normalized_input: 7207000,1084000,1471000,911000,825000,17527000,1291000,1368000,1281000,1300000,1194000,1217000,1291000,2336000,
rare_rewrite_eq-refl: 320000,133000,263000,
rare_rewrite_eq-symm: 84000,264000,137000,94000,209000,146000,150000,481000,321000,156000,380000,98000,
rare_rewrite_bool-and-de-morgan: 5802000,5928000,5980000,6116000,6445000,19458000,12432000,12449000,12879000,5915000,5950000,5992000,6147000,6192000,6475000,6695000,6786000,7193000,
rare_rewrite_bool-double-not-elim: 573000,87000,96000,1061000,164000,166000,

