1; Draft.Scratch_smt_check_7_17422; 2026-04-10 13:49:20.403;
bind: 392000,278000,245000,265000,227000,384000,508000,680000,597000,681000,
cong: 173000,105000,113000,133000,116000,358000,176000,132000,159000,133000,208000,278000,198000,199000,248000,258000,123000,269000,169000,172000,
refl: 37000,136000,64000,49000,45000,39000,52000,60000,243000,
trans: 308000,242000,255000,202000,187000,189000,233000,230000,313000,338000,568000,457000,552000,409000,516000,431000,393000,457000,576000,455000,473000,387000,369000,333000,
choice: 65000,
or_pos: 445000,472000,559000,564000,
and_neg: 291000,298000,
and_pos: 111000,117000,285000,272000,
implies: 196000,194000,512000,
parsing: 9447000,
aci_simp: 1162000,1384000,2053000,2345000,2227000,1895000,1828000,2187000,1942000,
subproof: 1552000,3518000,
equiv_neg1: 55000,
equiv_neg2: 30000,
equiv_pos1: 81000,88000,
equiv_pos2: 275000,46000,164000,152000,477000,129000,220000,94000,306000,429000,489000,
reordering: 159000,176000,231000,204000,539000,499000,444000,342000,357000,573000,840000,460000,286000,811000,
resolution: 442000,357000,428000,156000,203000,151000,187000,204000,249000,2073000,225000,239000,261000,403000,319000,373000,439000,250000,317000,359000,640000,353000,487000,528000,813000,602000,304000,929000,1173000,786000,626000,
sko_forall: 1787000,
contraction: 343000,844000,
forall_inst: 780000,1374000,1316000,1494000,1585000,1452000,
implies_neg1: 350000,426000,
implies_neg2: 261000,679000,
__local_input: 121000,179000,
__normalized_input: 19500000,18644000,15395000,2276000,2347000,2143000,906000,946000,846000,591000,783000,
rare_rewrite_eq-symm: 122000,116000,209000,268000,258000,
rare_rewrite_bool-impl-elim: 6219000,6663000,6299000,11655000,11802000,11906000,
rare_rewrite_bool-and-de-morgan: 5845000,5985000,5926000,11586000,11868000,11884000,11923000,11512000,11633000,11838000,

