1; Draft.Scratch_smt_check_7_7593; 2026-04-10 13:49:20.871;
bind: 277000,306000,232000,325000,274000,312000,242000,332000,
cong: 129000,73000,136000,59000,90000,119000,62000,153000,
refl: 30000,32000,375000,39000,25000,28000,30000,394000,48000,
symm: 253000,282000,228000,292000,
trans: 235000,233000,190000,122000,264000,221000,244000,253000,181000,197000,224000,242000,188000,114000,267000,228000,246000,252000,179000,197000,
or_pos: 215000,
implies: 201000,
parsing: 4917000,
aci_simp: 1009000,1020000,1046000,980000,1069000,1100000,
evaluate: 236000,223000,
onepoint: 1219000,1218000,
qnt_join: 269000,268000,
subproof: 1384000,
equiv_pos2: 178000,59000,177000,
reordering: 256000,
resolution: 221000,295000,215000,233000,354000,361000,229000,274000,
contraction: 300000,
forall_inst: 778000,
implies_neg1: 276000,
implies_neg2: 288000,
__local_input: 122000,
qnt_rm_unused: 381000,1262000,375000,1260000,
__normalized_input: 875000,464000,452000,623000,
rare_rewrite_eq-refl: 106000,113000,
rare_rewrite_or-not-refl: 6287000,6353000,
rare_rewrite_bool-impl-elim: 6029000,7070000,
rare_rewrite_bool-and-de-morgan: 5746000,6217000,

