1; Draft.Scratch_smt_check_7_28295; 2026-04-10 13:47:35.268;
bind: 292000,253000,287000,352000,364000,298000,385000,368000,241000,297000,
cong: 83000,60000,85000,152000,65000,167000,128000,147000,128000,122000,118000,116000,
refl: 28000,25000,30000,38000,457000,35000,32000,31000,34000,
symm: 296000,348000,
trans: 215000,289000,291000,312000,238000,107000,320000,290000,290000,306000,221000,247000,194000,204000,185000,
choice: 77000,
or_neg: 143000,150000,160000,131000,
or_pos: 213000,237000,212000,
implies: 193000,
parsing: 26328000,
aci_simp: 1076000,1135000,1100000,1095000,1010000,
evaluate: 216000,
onepoint: 1303000,
qnt_join: 367000,
subproof: 1472000,
equiv_pos2: 159000,142000,218000,109000,150000,104000,309000,
reordering: 249000,199000,308000,246000,
resolution: 237000,285000,237000,200000,240000,298000,269000,308000,341000,167000,163000,277000,353000,237000,289000,333000,364000,217000,300000,
sko_forall: 1146000,
contraction: 216000,312000,
forall_inst: 782000,839000,1379000,
implies_neg1: 488000,
implies_neg2: 244000,
__local_input: 200000,
qnt_rm_unused: 496000,1570000,
__normalized_input: 14389000,13257000,7342000,4789000,1014000,1252000,
rare_rewrite_eq-refl: 104000,
rare_rewrite_eq-symm: 106000,
rare_rewrite_or-not-refl: 6595000,
rare_rewrite_bool-impl-elim: 6818000,6819000,6443000,6426000,21575000,
rare_rewrite_bool-and-de-morgan: 6072000,6557000,
rare_rewrite_bool-double-not-elim: 123000,

