1; Draft.Scratch_smt_check_7_6729; 2026-04-10 13:47:36.080;
bind: 215000,239000,215000,703000,690000,605000,612000,598000,237000,213000,259000,255000,211000,212000,417000,240000,255000,249000,256000,187000,192000,191000,187000,287000,242000,235000,167000,165000,152000,167000,166000,152000,290000,267000,204000,217000,193000,163000,192000,190000,182000,176000,163000,176000,158000,165000,173000,161000,1012000,283000,223000,204000,194000,152000,274000,267000,197000,277000,241000,194000,166000,174000,149000,164000,167000,160000,278000,308000,205000,209000,172000,154000,188000,182000,174000,190000,210000,235000,275000,233000,241000,
cong: 109000,56000,62000,82000,69000,65000,137000,97000,60000,131000,354000,530000,205000,79000,150000,366000,517000,65000,68000,78000,195000,104000,140000,93000,56000,70000,352000,589000,92000,342000,540000,112000,180000,338000,519000,216000,135000,118000,181000,95000,69000,84000,93000,93000,78000,70000,97000,80000,96000,95000,48000,130000,82000,74000,81000,73000,184000,99000,84000,89000,56000,259000,136000,189000,124000,72000,57000,155000,66000,174000,124000,101000,196000,63000,167000,123000,107000,195000,62000,169000,109000,106000,95000,59000,41000,75000,155000,98000,55000,50000,52000,137000,133000,92000,124000,116000,123000,94000,56000,83000,43000,56000,67000,47000,87000,58000,96000,55000,84000,49000,58000,68000,47000,87000,50000,149000,69000,62000,173000,148000,112000,101000,93000,148000,183000,57000,65000,155000,117000,90000,51000,42000,75000,107000,98000,53000,48000,60000,90000,54000,90000,49000,56000,69000,47000,89000,64000,90000,51000,85000,44000,58000,71000,50000,93000,56000,131000,68000,63000,192000,173000,118000,107000,88000,146000,184000,51000,62000,157000,133000,135000,96000,127000,125000,124000,133000,129000,92000,122000,120000,112000,54000,94000,53000,94000,48000,62000,73000,53000,86000,56000,90000,51000,85000,42000,55000,68000,49000,92000,51000,136000,72000,68000,177000,145000,111000,99000,86000,138000,178000,56000,59000,145000,125000,93000,52000,41000,71000,103000,99000,51000,48000,58000,128000,116000,136000,125000,141000,105000,182000,299000,446000,71000,179000,157000,61000,59000,43000,65000,39000,290000,428000,160000,133000,116000,153000,289000,226000,115000,127000,117000,81000,78000,84000,
refl: 36000,45000,87000,27000,35000,15000,18000,90000,24000,32000,24000,251000,66000,37000,74000,49000,77000,166000,37000,25000,22000,25000,47000,45000,149000,18000,34000,24000,30000,35000,18000,61000,35000,66000,38000,31000,16000,27000,31000,16000,27000,25000,79000,37000,18000,57000,38000,63000,40000,27000,17000,29000,27000,32000,29000,29000,73000,28000,18000,26000,27000,16000,49000,25000,74000,34000,17000,60000,36000,69000,31000,72000,42000,49000,75000,62000,48000,75000,26000,28000,
symm: 101000,69000,92000,581000,70000,123000,110000,109000,158000,146000,137000,75000,153000,89000,127000,147000,
trans: 117000,191000,150000,172000,118000,627000,672000,581000,586000,580000,586000,593000,582000,238000,591000,147000,242000,584000,206000,217000,188000,201000,234000,163000,133000,131000,130000,136000,154000,127000,130000,123000,111000,139000,139000,132000,76000,170000,323000,245000,251000,187000,209000,128000,130000,220000,158000,173000,186000,169000,185000,219000,194000,173000,187000,174000,191000,189000,219000,150000,162000,150000,191000,221000,159000,167000,137000,144000,125000,159000,156000,142000,145000,128000,257000,205000,187000,158000,144000,177000,187000,158000,155000,143000,160000,165000,132000,146000,127000,155000,160000,140000,143000,144000,270000,207000,204000,202000,144000,180000,202000,165000,188000,237000,114000,162000,156000,129000,135000,123000,162000,169000,132000,136000,126000,254000,196000,185000,160000,137000,176000,175000,146000,158000,143000,194000,210000,187000,195000,178000,182000,536000,502000,201000,210000,192000,197000,162000,
choice: 24000,28000,29000,60000,
equiv1: 180000,150000,135000,100000,101000,
equiv2: 100000,96000,118000,104000,104000,101000,
or_neg: 154000,160000,128000,137000,159000,153000,157000,129000,158000,159000,185000,118000,127000,202000,202000,198000,254000,169000,182000,165000,159000,163000,170000,165000,196000,154000,180000,190000,155000,208000,223000,194000,160000,158000,199000,216000,237000,183000,172000,170000,217000,162000,193000,169000,154000,179000,149000,163000,190000,154000,163000,212000,160000,209000,222000,186000,167000,164000,195000,165000,194000,165000,199000,213000,307000,301000,385000,
or_pos: 193000,225000,237000,599000,255000,236000,303000,228000,208000,293000,198000,216000,293000,193000,280000,188000,193000,180000,237000,237000,
and_neg: 179000,199000,166000,218000,173000,227000,304000,
and_pos: 127000,144000,136000,138000,119000,113000,122000,124000,114000,125000,118000,412000,122000,129000,168000,124000,134000,147000,142000,143000,155000,141000,149000,151000,110000,108000,108000,132000,156000,140000,144000,158000,166000,130000,130000,151000,
implies: 137000,147000,168000,151000,155000,194000,207000,201000,137000,134000,178000,156000,205000,164000,205000,151000,164000,255000,
not_and: 167000,340000,
not_not: 117000,124000,133000,116000,
parsing: 128434000,
aci_simp: 1060000,985000,1373000,964000,1085000,1095000,992000,1009000,1014000,1041000,956000,1012000,978000,2630000,
evaluate: 178000,
qnt_join: 600000,
subproof: 1085000,1058000,1091000,1125000,1089000,1063000,1091000,1118000,1176000,1075000,1117000,1095000,1106000,1210000,1276000,1190000,1114000,1088000,
and_intro: 118000,164000,141000,170000,120000,257000,
equiv_pos1: 51000,53000,37000,44000,40000,56000,
equiv_pos2: 40000,83000,98000,144000,57000,151000,26000,95000,463000,49000,169000,67000,67000,62000,61000,108000,134000,138000,231000,175000,114000,264000,103000,151000,157000,208000,119000,43000,191000,125000,85000,111000,137000,97000,97000,156000,211000,148000,232000,79000,131000,109000,45000,95000,105000,158000,238000,144000,215000,79000,128000,189000,141000,111000,128000,114000,217000,125000,80000,116000,113000,91000,98000,157000,215000,142000,211000,80000,128000,107000,44000,124000,127000,131000,128000,175000,94000,189000,836000,237000,218000,
reordering: 290000,188000,280000,300000,246000,247000,226000,184000,279000,287000,337000,389000,849000,592000,349000,302000,168000,262000,391000,396000,241000,182000,170000,475000,478000,198000,409000,207000,252000,262000,271000,242000,229000,321000,191000,404000,269000,223000,208000,371000,577000,294000,400000,269000,225000,206000,235000,326000,205000,606000,235000,326000,247000,395000,261000,221000,197000,233000,291000,223000,205000,304000,294000,299000,359000,387000,
resolution: 149000,163000,183000,194000,158000,217000,225000,226000,215000,233000,2487000,246000,263000,288000,257000,243000,366000,158000,252000,241000,371000,157000,190000,194000,2024000,182000,244000,226000,309000,280000,284000,396000,319000,188000,193000,208000,204000,479000,161000,155000,151000,187000,257000,264000,574000,288000,379000,403000,527000,205000,272000,280000,224000,227000,371000,269000,252000,512000,161000,220000,267000,257000,519000,238000,195000,329000,341000,215000,283000,212000,175000,237000,280000,320000,300000,175000,263000,1911000,512000,1441000,409000,281000,280000,589000,175000,311000,281000,584000,179000,154000,218000,174000,248000,286000,369000,348000,350000,326000,312000,243000,240000,366000,168000,236000,237000,386000,171000,156000,209000,161000,158000,192000,193000,240000,281000,275000,339000,352000,240000,287000,191000,201000,268000,222000,163000,292000,231000,220000,357000,175000,269000,323000,255000,282000,174000,167000,261000,302000,275000,269000,165000,261000,195000,206000,196000,337000,289000,265000,322000,319000,368000,171000,224000,344000,370000,449000,260000,252000,741000,165000,190000,203000,282000,217000,188000,175000,261000,253000,287000,278000,176000,324000,186000,196000,191000,301000,258000,275000,330000,305000,366000,174000,216000,360000,374000,241000,289000,226000,219000,346000,203000,274000,344000,275000,297000,251000,253000,784000,171000,292000,227000,215000,327000,181000,287000,337000,253000,294000,181000,171000,260000,247000,274000,274000,174000,265000,416000,203000,190000,296000,259000,263000,299000,292000,349000,169000,216000,345000,350000,199000,206000,256000,208000,182000,208000,237000,177000,307000,276000,281000,308000,276000,296000,337000,379000,351000,320000,328000,451000,580000,671000,448000,
sko_forall: 1155000,1496000,1604000,1113000,1090000,1477000,1163000,1063000,
contraction: 212000,190000,212000,191000,217000,270000,170000,203000,225000,259000,217000,256000,219000,253000,255000,287000,487000,264000,295000,274000,305000,230000,276000,184000,215000,190000,210000,275000,252000,236000,226000,301000,270000,263000,335000,235000,316000,296000,253000,224000,263000,308000,252000,235000,234000,300000,273000,252000,282000,276000,535000,
forall_inst: 718000,725000,720000,729000,860000,1274000,824000,768000,750000,748000,934000,726000,763000,758000,879000,690000,830000,710000,720000,752000,737000,9016000,757000,717000,870000,942000,693000,824000,703000,684000,701000,720000,817000,
implies_neg1: 229000,204000,205000,150000,204000,212000,219000,244000,237000,244000,142000,158000,233000,197000,189000,197000,199000,219000,211000,240000,
implies_neg2: 132000,177000,185000,120000,194000,202000,199000,232000,221000,219000,151000,157000,230000,193000,172000,194000,164000,194000,214000,220000,
__local_input: 22000,29000,34000,36000,22000,20000,38000,21000,21000,40000,19000,18000,28000,19000,22000,47000,74000,21000,24000,24000,27000,22000,52000,36000,24000,23000,43000,114000,61000,82000,63000,24000,18000,17000,23000,19000,19000,21000,49000,65000,
qnt_rm_unused: 193000,339000,281000,
connective_def: 286000,273000,237000,372000,266000,251000,231000,267000,282000,
equiv_simplify: 171000,217000,162000,174000,175000,215000,174000,171000,169000,180000,
miniscope_split: 344000,787000,
implies_simplify: 227000,
__normalized_input: 19600000,19426000,19427000,18990000,18941000,19077000,20130000,18560000,15010000,8029000,6616000,6150000,5439000,3145000,1286000,1245000,1058000,1029000,1037000,1753000,951000,870000,817000,701000,683000,664000,595000,631000,621000,1053000,
miniscope_distribute: 1229000,
rare_rewrite_eq-symm: 99000,97000,146000,139000,87000,121000,116000,134000,143000,121000,108000,129000,114000,89000,91000,101000,94000,95000,91000,108000,95000,123000,130000,92000,134000,115000,101000,135000,86000,133000,124000,83000,100000,102000,91000,124000,88000,136000,128000,96000,124000,87000,130000,125000,93000,97000,119000,124000,125000,82000,132000,115000,90000,130000,82000,130000,118000,87000,96000,100000,90000,
rare_rewrite_bool-impl-elim: 6106000,5728000,6186000,5979000,6993000,5892000,5901000,7153000,6410000,6117000,6143000,6219000,6682000,6396000,5942000,5871000,5753000,5600000,6206000,27260000,
rare_rewrite_bool-impl-false1: 13574000,5890000,6108000,5805000,5847000,6607000,
rare_rewrite_bool-and-de-morgan: 5871000,5789000,5931000,5753000,6326000,5809000,5863000,5824000,6016000,6308000,6250000,6349000,6754000,6274000,5823000,5656000,5910000,5947000,5815000,6610000,
rare_rewrite_bool-double-not-elim: 109000,113000,115000,145000,137000,121000,132000,95000,116000,123000,118000,97000,99000,97000,98000,105000,102000,104000,103000,114000,111000,116000,169000,107000,113000,118000,124000,164000,116000,109000,122000,109000,111000,103000,103000,163000,97000,93000,105000,171000,224000,178000,

