1; Draft.Scratch_smt_check_7_5712; 2026-04-10 13:49:20.159;
bind: 766000,495000,648000,284000,346000,277000,323000,
cong: 200000,212000,267000,375000,407000,222000,235000,131000,230000,246000,134000,161000,115000,227000,123000,204000,317000,125000,147000,
refl: 67000,58000,55000,
trans: 424000,426000,433000,473000,245000,276000,233000,257000,
choice: 25000,29000,73000,
not_or: 736000,414000,
or_neg: 384000,362000,303000,339000,369000,325000,269000,285000,253000,272000,184000,195000,178000,
or_pos: 479000,417000,258000,
implies: 234000,263000,233000,
not_not: 230000,244000,
parsing: 6246000,
aci_simp: 2054000,
subproof: 1184000,1388000,1530000,
equiv_pos2: 224000,232000,418000,244000,123000,228000,240000,101000,194000,115000,234000,
reordering: 432000,489000,618000,284000,233000,278000,
resolution: 428000,469000,354000,408000,398000,457000,1305000,516000,585000,530000,655000,582000,653000,456000,570000,927000,467000,428000,471000,415000,372000,515000,373000,394000,435000,392000,375000,282000,333000,365000,428000,266000,253000,549000,
sko_forall: 1947000,1165000,
contraction: 498000,510000,396000,382000,340000,316000,264000,333000,
forall_inst: 1541000,833000,821000,
implies_neg1: 325000,281000,298000,
implies_neg2: 279000,260000,274000,
__local_input: 126000,124000,154000,
connective_def: 582000,332000,312000,333000,301000,347000,
__normalized_input: 3236000,1128000,916000,1315000,
rare_rewrite_bool-impl-elim: 12292000,
rare_rewrite_bool-and-de-morgan: 11924000,12220000,10165000,7048000,7101000,6293000,6413000,
rare_rewrite_bool-double-not-elim: 298000,294000,250000,229000,158000,

