1; Draft.Scratch_smt_check_7_21174; 2026-04-10 13:49:20.490;
bind: 200000,206000,276000,334000,205000,228000,229000,261000,253000,
cong: 136000,123000,139000,138000,109000,51000,129000,59000,103000,63000,
refl: 71000,24000,63000,26000,32000,349000,23000,31000,29000,
symm: 105000,206000,248000,
trans: 190000,206000,188000,195000,164000,181000,285000,348000,201000,204000,216000,183000,113000,229000,213000,221000,200000,224000,188000,188000,185000,
equiv1: 172000,
or_pos: 282000,
parsing: 22941000,
aci_simp: 983000,951000,1232000,952000,976000,997000,964000,
evaluate: 211000,
onepoint: 1051000,
qnt_join: 244000,
equiv_pos2: 33000,95000,210000,
reordering: 329000,
resolution: 212000,195000,245000,232000,275000,301000,
forall_inst: 808000,
qnt_rm_unused: 309000,862000,
miniscope_split: 298000,
__normalized_input: 862000,577000,668000,670000,
rare_rewrite_eq-refl: 104000,
rare_rewrite_eq-symm: 133000,
rare_rewrite_or-not-refl: 5920000,
rare_rewrite_bool-eq-false: 5550000,
rare_rewrite_bool-impl-elim: 5699000,
rare_rewrite_bool-impl-false1: 6035000,6806000,
rare_rewrite_bool-and-de-morgan: 5526000,5987000,5801000,5976000,

