1; Draft.Scratch_smt_check_7_15133; 2026-04-10 13:51:01.042;
bind: 488000,520000,423000,377000,487000,557000,869000,752000,556000,543000,254000,300000,280000,252000,
cong: 497000,110000,110000,103000,118000,469000,91000,88000,149000,100000,93000,119000,104000,83000,297000,225000,191000,174000,233000,338000,88000,79000,504000,106000,106000,99000,124000,554000,92000,94000,143000,96000,146000,182000,179000,120000,529000,362000,418000,272000,394000,550000,152000,132000,1087000,1024000,153000,222000,175000,208000,169000,105000,128000,104000,133000,100000,77000,
refl: 20000,35000,30000,33000,32000,48000,32000,23000,29000,29000,24000,34000,23000,30000,26000,38000,22000,34000,27000,29000,30000,20000,33000,25000,32000,34000,117000,186000,33000,48000,43000,64000,54000,42000,72000,24000,32000,24000,48000,21000,67000,72000,
trans: 369000,417000,157000,335000,337000,347000,328000,319000,300000,264000,342000,152000,143000,225000,218000,369000,438000,355000,642000,781000,682000,809000,648000,638000,476000,537000,291000,291000,460000,437000,435000,489000,336000,178000,228000,255000,218000,172000,
or_pos: 600000,
implies: 532000,
parsing: 9517000,
aci_simp: 1654000,1235000,1010000,1167000,1128000,2798000,2430000,2198000,1940000,2108000,
evaluate: 600000,749000,421000,423000,
subproof: 3409000,
poly_simp: 1982000,2052000,2068000,2548000,2519000,1897000,2257000,3788000,4806000,4974000,3433000,3634000,3618000,3405000,2996000,1955000,1948000,2623000,
equiv_pos2: 64000,291000,110000,584000,1457000,61000,135000,60000,136000,115000,115000,
reordering: 835000,
resolution: 440000,742000,445000,291000,636000,942000,1311000,681000,458000,494000,437000,687000,500000,220000,323000,279000,193000,225000,211000,314000,
contraction: 720000,
forall_inst: 2052000,814000,792000,731000,846000,
implies_neg1: 1441000,
implies_neg2: 718000,
__local_input: 391000,
poly_simp_rel: 1062000,1072000,1058000,2068000,2072000,2003000,1985000,2114000,2265000,1161000,1056000,1071000,
__normalized_input: 20558000,3051000,916000,911000,1024000,1102000,725000,707000,
rare_rewrite_arith-elim-leq: 5933000,6686000,6192000,6140000,12618000,12585000,12181000,12152000,6804000,6440000,
rare_rewrite_bool-impl-elim: 6996000,13475000,
rare_rewrite_bool-and-de-morgan: 6361000,6398000,6940000,6967000,13212000,12749000,13248000,13509000,

