1; Draft.Scratch_smt_check_7_6819; 2026-04-10 13:50:55.150;
bind: 279000,498000,533000,595000,302000,283000,
cong: 127000,106000,124000,77000,99000,83000,118000,124000,103000,120000,192000,260000,226000,432000,216000,245000,197000,174000,533000,521000,237000,179000,207000,128000,145000,136000,180000,288000,251000,126000,196000,171000,193000,197000,186000,185000,531000,224000,245000,187000,176000,291000,129000,97000,128000,78000,89000,89000,118000,173000,150000,78000,122000,110000,122000,122000,106000,112000,252000,126000,165000,120000,119000,472000,
refl: 28000,23000,28000,40000,39000,77000,34000,53000,111000,38000,36000,43000,36000,79000,33000,30000,50000,25000,23000,23000,23000,43000,22000,105000,58000,60000,
symm: 469000,352000,355000,171000,161000,
trans: 260000,232000,394000,325000,312000,503000,471000,405000,421000,323000,277000,261000,202000,212000,169000,
equiv1: 1024000,339000,
equiv2: 670000,477000,250000,
or_neg: 767000,677000,742000,728000,
and_pos: 784000,853000,462000,400000,394000,427000,
implies: 226000,569000,566000,461000,1173000,290000,231000,
not_and: 726000,
not_not: 458000,239000,
parsing: 29098000,
evaluate: 512000,
subproof: 2404000,2417000,2616000,2329000,2345000,1699000,1224000,1369000,
and_intro: 364000,
poly_simp: 1997000,2075000,3562000,4855000,3659000,3634000,3600000,3657000,4992000,3541000,2176000,2309000,2253000,3018000,2370000,
equiv_pos2: 82000,123000,147000,302000,542000,729000,722000,163000,207000,272000,302000,566000,52000,366000,81000,111000,145000,153000,283000,478000,
reordering: 1514000,2139000,
resolution: 301000,309000,308000,226000,235000,341000,404000,645000,782000,480000,620000,517000,751000,880000,852000,573000,1418000,3595000,749000,736000,941000,771000,1263000,403000,541000,512000,803000,877000,855000,551000,478000,608000,578000,683000,440000,603000,666000,830000,820000,535000,618000,501000,1707000,817000,1592000,268000,429000,497000,462000,314000,293000,269000,313000,298000,336000,325000,346000,372000,699000,439000,270000,351000,310000,
contraction: 427000,888000,1746000,938000,953000,824000,754000,1702000,926000,454000,396000,
forall_inst: 919000,1718000,1800000,1701000,1632000,1666000,1033000,984000,1048000,
implies_neg1: 672000,692000,776000,687000,1176000,378000,352000,919000,
implies_neg2: 13401000,794000,748000,776000,747000,1461000,437000,396000,
__local_input: 327000,177000,182000,378000,157000,1783000,163000,285000,70000,47000,60000,211000,
equiv_simplify: 871000,776000,355000,438000,
implies_simplify: 1268000,
__normalized_input: 6495000,2731000,1332000,909000,912000,
rare_rewrite_eq-symm: 245000,222000,398000,663000,663000,586000,449000,451000,317000,271000,213000,257000,
rare_rewrite_bool-double-not-elim: 280000,

