1; Draft.Scratch_smt_check_7_29437; 2026-04-10 13:51:00.931;
bind: 527000,495000,429000,264000,276000,239000,271000,246000,233000,
cong: 160000,245000,132000,129000,125000,146000,88000,127000,171000,118000,120000,207000,181000,160000,196000,162000,128000,183000,127000,195000,138000,216000,127000,159000,208000,173000,125000,159000,157000,100000,136000,188000,139000,127000,113000,107000,116000,113000,87000,123000,88000,98000,74000,164000,83000,93000,120000,112000,112000,114000,120000,94000,123000,170000,80000,79000,93000,158000,80000,75000,79000,122000,76000,79000,115000,86000,344000,
refl: 28000,42000,32000,32000,33000,45000,23000,20000,23000,20000,26000,80000,
symm: 126000,123000,
trans: 374000,395000,446000,492000,319000,413000,279000,405000,324000,339000,506000,243000,166000,216000,183000,256000,206000,235000,203000,139000,257000,162000,
equiv1: 1562000,
or_neg: 526000,529000,496000,
and_pos: 517000,478000,261000,247000,232000,
implies: 314000,
not_and: 523000,
parsing: 4094000,
evaluate: 706000,759000,384000,613000,
not_symm: 166000,
subproof: 2371000,1430000,
and_intro: 221000,
poly_simp: 3583000,3363000,3574000,3609000,4687000,3293000,3571000,3493000,3621000,3538000,2284000,1970000,2600000,1714000,1860000,1779000,2723000,1791000,2355000,1548000,1663000,1792000,1930000,2002000,
equiv_pos2: 104000,161000,103000,115000,241000,109000,164000,59000,140000,58000,112000,136000,55000,55000,84000,257000,
reordering: 620000,884000,777000,
resolution: 452000,526000,507000,462000,478000,622000,493000,910000,1100000,610000,616000,738000,613000,1016000,348000,600000,525000,474000,465000,546000,316000,247000,625000,516000,846000,227000,331000,227000,293000,267000,
contraction: 948000,575000,634000,458000,473000,
forall_inst: 1562000,883000,841000,
implies_neg1: 322000,479000,
implies_neg2: 460000,473000,
__local_input: 65000,167000,62000,74000,191000,
poly_simp_rel: 1921000,2196000,2064000,1988000,1114000,1066000,1082000,1132000,1037000,
implies_simplify: 814000,
__normalized_input: 5477000,1024000,689000,955000,
rare_rewrite_bool-double-not-elim: 204000,

