1; Draft.Scratch_smt_check_7_21141; 2026-04-10 13:43:15.862;
bind: 304000,493000,292000,347000,804000,767000,283000,341000,179000,213000,370000,166000,192000,188000,222000,248000,219000,279000,160000,150000,181000,301000,339000,
cong: 148000,151000,179000,171000,161000,171000,168000,249000,307000,337000,183000,205000,175000,329000,157000,442000,342000,334000,189000,209000,151000,289000,113000,195000,205000,114000,129000,98000,184000,100000,99000,171000,101000,189000,210000,135000,122000,137000,54000,130000,51000,155000,61000,111000,119000,102000,89000,52000,110000,56000,110000,60000,200000,109000,166000,
refl: 38000,134000,61000,84000,262000,83000,48000,49000,44000,32000,37000,313000,31000,31000,26000,25000,34000,26000,435000,25000,29000,21000,27000,110000,31000,256000,28000,28000,28000,29000,561000,44000,37000,42000,141000,
symm: 175000,220000,255000,302000,355000,
trans: 157000,175000,298000,300000,280000,280000,681000,569000,594000,245000,313000,154000,174000,174000,186000,179000,185000,179000,176000,161000,185000,204000,183000,170000,174000,61000,229000,206000,249000,184000,233000,177000,165000,159000,122000,127000,134000,138000,137000,125000,115000,108000,63000,135000,155000,124000,124000,73000,173000,160000,184000,275000,340000,250000,247000,
choice: 35000,45000,35000,31000,37000,36000,69000,
equiv1: 268000,
not_or: 509000,654000,
or_neg: 202000,221000,184000,228000,238000,183000,219000,233000,202000,220000,253000,214000,222000,242000,179000,222000,231000,245000,333000,348000,208000,248000,180000,306000,299000,184000,212000,180000,195000,133000,141000,119000,169000,185000,123000,138000,113000,142000,
or_pos: 275000,383000,361000,289000,282000,588000,344000,
implies: 295000,228000,145000,137000,131000,
not_not: 235000,266000,
parsing: 56628000,
aci_simp: 1010000,1881000,2420000,907000,924000,959000,1040000,982000,878000,891000,944000,1939000,1825000,
evaluate: 193000,227000,
onepoint: 1039000,1293000,938000,1208000,
qnt_join: 224000,251000,346000,
subproof: 1977000,1966000,1058000,1290000,1020000,
equiv_pos1: 174000,
equiv_pos2: 392000,165000,211000,198000,183000,192000,184000,470000,393000,216000,386000,173000,697000,160000,318000,97000,187000,204000,84000,167000,93000,86000,164000,98000,642000,
reordering: 264000,344000,305000,492000,289000,271000,284000,300000,511000,361000,355000,275000,1068000,159000,535000,159000,218000,646000,
resolution: 209000,217000,256000,274000,277000,309000,275000,221000,360000,430000,281000,359000,410000,283000,246000,280000,496000,724000,273000,217000,286000,288000,312000,2604000,346000,405000,347000,423000,1295000,370000,449000,343000,393000,418000,477000,357000,320000,329000,748000,518000,543000,614000,483000,470000,340000,483000,738000,573000,487000,491000,594000,469000,451000,505000,466000,363000,315000,297000,422000,300000,310000,343000,289000,267000,212000,240000,284000,301000,339000,281000,267000,219000,304000,203000,316000,
sko_forall: 3031000,1734000,1631000,968000,964000,
contraction: 310000,362000,329000,317000,339000,343000,515000,528000,332000,452000,387000,495000,259000,248000,232000,183000,232000,217000,339000,
forall_inst: 1325000,1284000,1688000,1366000,1363000,1190000,1666000,1464000,
implies_neg1: 404000,320000,195000,181000,169000,
implies_neg2: 356000,290000,191000,179000,173000,
__local_input: 77000,56000,43000,32000,29000,
qnt_rm_unused: 333000,1338000,443000,1492000,
connective_def: 362000,453000,350000,470000,210000,250000,359000,472000,
__normalized_input: 2951000,3061000,2675000,1645000,1034000,1171000,1151000,
rare_rewrite_eq-refl: 59000,62000,68000,
rare_rewrite_eq-symm: 68000,76000,73000,113000,
rare_rewrite_or-not-refl: 5994000,6050000,6138000,25690000,
rare_rewrite_bool-impl-elim: 5967000,11529000,12025000,
rare_rewrite_bool-and-de-morgan: 5572000,11153000,11524000,10954000,11228000,11130000,12512000,5742000,5833000,5829000,5983000,6129000,11388000,11556000,
rare_rewrite_bool-double-not-elim: 129000,209000,161000,133000,154000,156000,287000,138000,272000,159000,142000,95000,136000,95000,102000,

