1; Draft.Scratch_smt_check_7_1355; 2026-04-10 13:45:58.296;
bind: 336000,306000,336000,311000,228000,216000,219000,207000,212000,204000,204000,207000,209000,203000,202000,210000,216000,193000,207000,197000,189000,195000,201000,193000,232000,197000,180000,198000,208000,381000,369000,264000,230000,192000,214000,196000,213000,208000,205000,244000,212000,195000,206000,195000,179000,202000,183000,384000,367000,257000,244000,180000,213000,199000,216000,200000,210000,210000,206000,204000,214000,194000,205000,197000,189000,215000,210000,196000,212000,196000,179000,202000,191000,203000,188000,205000,212000,187000,203000,213000,195000,206000,199000,188000,203000,185000,323000,314000,336000,309000,385000,361000,263000,243000,186000,234000,256000,235000,215000,329000,308000,327000,313000,234000,212000,225000,210000,214000,200000,221000,202000,212000,209000,212000,247000,210000,194000,211000,207000,219000,236000,208000,211000,238000,205000,198000,236000,193000,391000,379000,269000,252000,193000,225000,203000,229000,198000,204000,355000,372000,359000,368000,381000,341000,392000,355000,699000,694000,513000,456000,309000,
cong: 181000,162000,136000,121000,101000,103000,169000,133000,54000,78000,65000,61000,182000,163000,127000,112000,96000,97000,167000,137000,55000,79000,71000,57000,330000,293000,193000,188000,120000,132000,106000,96000,142000,90000,59000,136000,109000,94000,124000,89000,53000,199000,169000,155000,82000,71000,70000,48000,52000,121000,112000,123000,100000,51000,155000,82000,70000,67000,48000,51000,120000,110000,117000,105000,54000,170000,108000,132000,126000,77000,62000,60000,50000,51000,131000,136000,113000,125000,121000,75000,63000,60000,48000,51000,129000,135000,110000,236000,134000,125000,75000,71000,262000,106000,94000,255000,195000,187000,96000,198000,128000,95000,96000,51000,187000,188000,133000,126000,77000,63000,60000,49000,51000,128000,136000,123000,130000,127000,76000,67000,59000,49000,51000,126000,130000,110000,235000,139000,129000,78000,74000,274000,105000,92000,260000,194000,179000,92000,191000,126000,95000,94000,54000,190000,183000,117000,160000,73000,74000,68000,215000,157000,82000,71000,65000,49000,52000,124000,122000,113000,108000,57000,160000,86000,69000,68000,49000,52000,118000,110000,119000,105000,55000,170000,110000,133000,127000,77000,63000,61000,49000,51000,126000,130000,115000,133000,126000,76000,64000,61000,48000,55000,125000,134000,110000,229000,127000,122000,79000,76000,132000,120000,70000,58000,55000,45000,53000,133000,131000,116000,132000,129000,76000,62000,60000,49000,50000,128000,130000,113000,239000,146000,120000,79000,74000,121000,166000,81000,78000,73000,216000,118000,51000,180000,154000,132000,113000,100000,96000,176000,134000,58000,78000,67000,62000,187000,155000,126000,109000,115000,103000,171000,141000,51000,79000,70000,66000,344000,296000,192000,213000,273000,108000,98000,262000,190000,209000,102000,200000,130000,97000,98000,55000,188000,188000,133000,110000,99000,121000,87000,58000,135000,104000,105000,131000,91000,54000,200000,174000,114000,48000,190000,153000,127000,111000,101000,98000,171000,135000,56000,78000,65000,60000,182000,155000,129000,108000,99000,97000,178000,133000,51000,76000,65000,59000,315000,297000,196000,193000,133000,107000,99000,125000,91000,58000,129000,108000,99000,123000,89000,54000,207000,173000,161000,84000,73000,68000,47000,54000,126000,126000,112000,102000,51000,151000,76000,64000,61000,45000,54000,126000,120000,114000,102000,52000,183000,113000,128000,121000,74000,65000,60000,49000,103000,131000,139000,119000,131000,127000,77000,68000,60000,49000,61000,125000,130000,117000,231000,130000,127000,85000,81000,275000,106000,106000,261000,197000,194000,109000,198000,128000,106000,93000,61000,198000,196000,133000,128000,79000,64000,61000,50000,62000,127000,130000,123000,222000,199000,126000,104000,102000,99000,84000,245000,226000,183000,429000,227000,207000,132000,133000,443000,230000,164000,436000,326000,304000,155000,337000,225000,103000,94000,54000,193000,188000,116000,168000,81000,77000,72000,218000,250000,
refl: 28000,18000,22000,23000,21000,32000,17000,20000,20000,18000,22000,27000,34000,24000,26000,23000,30000,16000,20000,20000,19000,25000,34000,32000,34000,32000,33000,18000,44000,19000,36000,18000,42000,19000,42000,42000,45000,40000,138000,22000,30000,21000,23000,24000,28000,68000,18000,21000,8956000,43000,132000,23000,31000,20000,21000,23000,26000,70000,19000,24000,53000,20000,49000,16000,39000,17000,41000,19000,40000,43000,42000,40000,41000,41000,53000,27000,17000,21000,22000,21000,29000,17000,19000,20000,19000,23000,30000,19000,22000,23000,21000,28000,18000,24000,52000,19000,22000,151000,23000,30000,22000,23000,25000,28000,69000,20000,26000,36000,31000,33000,33000,31000,31000,18000,22000,23000,26000,27000,16000,19000,20000,20000,25000,28000,18000,23000,24000,24000,29000,15000,19000,20000,18000,22000,36000,34000,33000,32000,34000,21000,44000,16000,38000,18000,61000,15000,39000,45000,45000,44000,141000,20000,27000,19000,21000,25000,25000,75000,18000,24000,50000,69000,272000,38000,47000,38000,39000,38000,48000,83000,19000,25000,52000,
symm: 64000,64000,65000,65000,135000,102000,96000,66000,64000,
trans: 273000,212000,261000,178000,194000,191000,167000,146000,138000,169000,176000,196000,156000,274000,235000,220000,180000,198000,183000,157000,141000,131000,169000,173000,166000,139000,186000,154000,163000,118000,121000,135000,107000,185000,142000,157000,117000,119000,135000,112000,180000,200000,181000,192000,180000,142000,154000,138000,190000,198000,191000,190000,178000,139000,156000,139000,216000,211000,194000,169000,131000,206000,213000,189000,171000,123000,337000,325000,351000,106000,125000,131000,253000,258000,249000,248000,133000,222000,171000,5676000,264000,125000,162000,109000,217000,212000,186000,217000,138000,214000,206000,183000,163000,124000,349000,326000,336000,113000,122000,126000,247000,252000,251000,250000,135000,222000,168000,135000,151000,127000,130000,111000,138000,182000,200000,167000,175000,175000,140000,151000,145000,188000,199000,171000,177000,188000,139000,153000,132000,154000,213000,210000,192000,168000,133000,217000,211000,183000,166000,125000,205000,201000,210000,164000,132000,211000,207000,186000,171000,130000,96000,270000,225000,228000,183000,189000,189000,162000,148000,135000,169000,172000,149000,157000,274000,219000,244000,186000,212000,183000,156000,150000,134000,172000,177000,152000,137000,354000,330000,354000,112000,123000,128000,242000,250000,250000,252000,134000,239000,175000,133000,149000,129000,134000,117000,212000,148000,162000,114000,128000,125000,108000,198000,158000,165000,107000,117000,140000,115000,147000,91000,275000,211000,240000,189000,212000,182000,168000,147000,134000,169000,175000,158000,138000,277000,211000,228000,179000,196000,223000,163000,139000,133000,209000,176000,156000,143000,187000,148000,165000,113000,121000,132000,123000,201000,147000,164000,107000,117000,133000,108000,180000,194000,347000,173000,182000,136000,154000,160000,214000,197000,181000,180000,189000,132000,145000,139000,211000,206000,193000,179000,134000,278000,216000,183000,167000,130000,351000,335000,355000,106000,117000,153000,255000,263000,256000,252000,142000,373000,188000,141000,155000,134000,139000,114000,218000,221000,190000,168000,135000,370000,382000,343000,294000,227000,633000,624000,643000,193000,220000,232000,447000,483000,458000,459000,253000,407000,306000,315000,269000,227000,137000,118000,
choice: 25000,27000,65000,
equiv1: 162000,
equiv2: 106000,110000,
or_neg: 194000,247000,179000,198000,263000,178000,157000,151000,130000,186000,248000,174000,197000,219000,190000,248000,173000,109000,184000,181000,203000,169000,112000,199000,221000,140000,153000,128000,196000,260000,182000,202000,262000,192000,187000,255000,181000,149000,158000,124000,195000,260000,183000,195000,258000,181000,188000,252000,178000,201000,224000,190000,253000,177000,107000,
or_pos: 318000,232000,364000,233000,366000,234000,179000,175000,225000,234000,378000,330000,261000,340000,235000,402000,254000,366000,240000,220000,
and_pos: 129000,138000,157000,148000,154000,158000,
implies: 250000,175000,164000,187000,192000,200000,157000,199000,190000,194000,250000,178000,246000,248000,179000,156000,204000,191000,349000,
not_and: 186000,
not_not: 111000,
parsing: 266674000,
aci_simp: 1286000,1030000,899000,873000,853000,866000,1215000,1010000,901000,871000,867000,850000,992000,902000,847000,990000,892000,854000,964000,953000,955000,959000,942000,979000,1361000,900000,1062000,1088000,881000,1110000,858000,1356000,885000,1027000,979000,878000,1108000,864000,996000,930000,988000,1004000,940000,998000,1183000,985000,891000,867000,855000,858000,1203000,999000,924000,871000,856000,883000,1437000,910000,1050000,958000,904000,1111000,897000,1019000,915000,868000,1025000,927000,889000,1217000,999000,902000,866000,853000,861000,1204000,1002000,898000,867000,870000,870000,1058000,913000,880000,1006000,926000,857000,995000,938000,1140000,1006000,1477000,982000,1406000,925000,1074000,1032000,949000,1142000,905000,2881000,1777000,2093000,1849000,1443000,1173000,926000,
evaluate: 188000,
subproof: 1136000,1673000,1041000,1424000,1083000,1429000,1038000,1038000,1435000,1078000,1442000,1131000,1689000,1221000,1158000,1697000,1034000,1568000,1152000,2796000,
and_intro: 160000,
equiv_pos2: 235000,238000,394000,215000,215000,116000,159000,156000,246000,32000,136000,32000,140000,211000,179000,178000,306000,317000,206000,201000,176000,181000,308000,332000,208000,202000,106000,188000,207000,31000,143000,30000,139000,210000,185000,183000,297000,173000,176000,297000,101000,192000,198000,118000,233000,238000,386000,216000,217000,323000,214000,212000,153000,160000,264000,25000,116000,241000,244000,388000,231000,218000,153000,158000,249000,54000,136000,35000,143000,209000,180000,181000,309000,330000,207000,221000,358000,342000,631000,327000,205000,204000,107000,197000,198000,176000,
reordering: 295000,295000,463000,180000,289000,539000,284000,303000,541000,288000,306000,214000,324000,246000,305000,309000,173000,290000,294000,535000,283000,480000,328000,714000,177000,289000,314000,478000,295000,556000,286000,312000,542000,289000,319000,218000,
resolution: 193000,396000,582000,315000,372000,480000,820000,579000,336000,197000,356000,1119000,190000,358000,1170000,153000,374000,259000,242000,293000,257000,282000,357000,455000,292000,248000,193000,205000,218000,174000,255000,314000,324000,206000,223000,178000,150000,185000,222000,240000,267000,296000,374000,392000,259000,258000,162000,333000,358000,408000,348000,336000,1183000,318000,328000,257000,345000,294000,261000,220000,246000,265000,321000,365000,389000,239000,267000,169000,335000,363000,404000,344000,343000,1142000,471000,1383000,195000,176000,218000,205000,353000,143000,141000,186000,204000,226000,188000,264000,309000,326000,203000,234000,197000,159000,183000,153000,144000,176000,221000,264000,270000,302000,371000,394000,239000,268000,307000,329000,253000,350000,301000,259000,239000,244000,259000,303000,362000,394000,246000,263000,233000,258000,393000,595000,307000,353000,484000,845000,581000,312000,199000,357000,1167000,195000,360000,1180000,165000,341000,349000,404000,353000,354000,1218000,250000,304000,277000,280000,351000,462000,304000,274000,341000,309000,794000,158000,232000,263000,393000,573000,309000,360000,487000,826000,578000,310000,194000,366000,1154000,193000,425000,1183000,252000,294000,261000,286000,354000,485000,304000,269000,195000,196000,230000,197000,256000,306000,328000,204000,227000,195000,147000,175000,215000,249000,277000,312000,385000,423000,254000,334000,169000,345000,360000,425000,377000,370000,1194000,317000,337000,254000,353000,307000,302000,220000,249000,311000,518000,649000,666000,424000,430000,288000,601000,656000,852000,621000,368000,1199000,
sko_forall: 1866000,1884000,1791000,1822000,1903000,1915000,1918000,1868000,
contraction: 393000,332000,323000,210000,273000,246000,325000,314000,312000,303000,334000,310000,465000,215000,239000,251000,338000,310000,303000,327000,202000,393000,330000,333000,324000,282000,327000,386000,208000,389000,349000,328000,287000,246000,353000,317000,344000,306000,621000,323000,
forall_inst: 788000,674000,667000,683000,854000,692000,882000,673000,698000,707000,810000,890000,740000,807000,699000,712000,751000,927000,1367000,954000,
implies_neg1: 363000,238000,220000,271000,260000,200000,220000,260000,259000,224000,365000,244000,170000,387000,238000,221000,258000,554000,207000,294000,
implies_neg2: 346000,257000,211000,263000,192000,256000,130000,218000,256000,201000,259000,349000,235000,273000,348000,242000,213000,271000,207000,465000,
__local_input: 74000,53000,49000,61000,67000,49000,50000,59000,62000,51000,79000,53000,19000,32000,79000,57000,54000,65000,120000,44000,21000,16000,18000,18000,
connective_def: 335000,329000,347000,352000,643000,
equiv_simplify: 185000,202000,
miniscope_split: 308000,313000,302000,307000,301000,311000,
implies_simplify: 241000,
__normalized_input: 3542000,3452000,2076000,1555000,743000,458000,449000,454000,568000,485000,
rare_rewrite_eq-symm: 70000,72000,69000,66000,82000,67000,67000,66000,64000,71000,63000,103000,69000,105000,70000,97000,74000,63000,68000,107000,103000,105000,89000,66000,69000,65000,82000,75000,74000,71000,71000,72000,70000,77000,67000,86000,75000,73000,70000,66000,72000,72000,115000,77000,220000,75000,113000,
rare_rewrite_bool-eq-false: 5173000,5204000,5404000,5237000,10611000,5431000,
rare_rewrite_bool-impl-elim: 6007000,5865000,12503000,5463000,5375000,5426000,5969000,5714000,5857000,5695000,6035000,5550000,5973000,5941000,6245000,5839000,5845000,6027000,5961000,5970000,5935000,5787000,5712000,5815000,6526000,6087000,13115000,6366000,
rare_rewrite_bool-impl-false1: 5328000,5563000,5345000,5715000,5655000,7483000,6135000,5545000,5609000,5988000,5329000,5602000,5427000,5821000,5618000,5907000,5959000,6375000,5579000,6116000,10860000,11455000,10999000,11774000,
rare_rewrite_bool-and-de-morgan: 5563000,5539000,5629000,5599000,5695000,13352000,5394000,5465000,5515000,5691000,5490000,5523000,5298000,5359000,5421000,5369000,5580000,5398000,5554000,5383000,5326000,5469000,5341000,5378000,5765000,5362000,5449000,6862000,8793000,5536000,5375000,5250000,5341000,5297000,5363000,5770000,5337000,5459000,5982000,5384000,5656000,5571000,5565000,5377000,5576000,5404000,5587000,5418000,5324000,5524000,11884000,5571000,5664000,5413000,5471000,5509000,5688000,7295000,5391000,5475000,5423000,5533000,5979000,5482000,5510000,5455000,5668000,13746000,5687000,5492000,5534000,5518000,5797000,5658000,5406000,5515000,5538000,5658000,5743000,5461000,5570000,5494000,5521000,5569000,5607000,6005000,6012000,5957000,5574000,5673000,5793000,5911000,5864000,6396000,5832000,5914000,6544000,10942000,11451000,11165000,11711000,13144000,10699000,10828000,11406000,6033000,8229000,
rare_rewrite_bool-double-not-elim: 80000,101000,80000,77000,140000,74000,73000,76000,75000,75000,74000,74000,65000,82000,74000,90000,66000,201000,95000,73000,76000,75000,76000,77000,163000,111000,90000,74000,83000,80000,77000,71000,77000,76000,108000,76000,77000,87000,85000,76000,78000,77000,81000,91000,80000,83000,76000,175000,141000,137000,68000,162000,124000,

