1; Draft.Scratch_smt_check_7_21636; 2026-04-10 13:45:57.192;
bind: 304000,300000,234000,235000,121000,118000,121000,123000,317000,271000,304000,279000,289000,272000,300000,271000,298000,272000,316000,271000,307000,299000,244000,247000,129000,127000,123000,140000,122000,127000,251000,261000,311000,327000,
cong: 122000,129000,176000,120000,118000,135000,57000,68000,127000,196000,117000,199000,111000,377000,184000,159000,115000,156000,168000,138000,146000,111000,94000,333000,201000,180000,131000,56000,57000,56000,60000,154000,201000,139000,181000,102000,135000,84000,209000,145000,183000,100000,138000,83000,425000,358000,109000,76000,72000,208000,143000,183000,101000,128000,82000,201000,139000,188000,103000,129000,78000,435000,363000,102000,79000,79000,211000,142000,180000,99000,127000,82000,205000,144000,183000,107000,147000,87000,468000,372000,106000,77000,75000,179000,115000,187000,224000,75000,164000,196000,353000,200000,143000,199000,113000,388000,184000,159000,122000,142000,102000,141000,105000,100000,139000,106000,94000,352000,212000,187000,204000,129000,134000,54000,72000,58000,63000,52000,66000,194000,522000,563000,632000,1980000,227000,222000,319000,191000,185000,211000,223000,298000,218000,182000,163000,138000,69000,77000,146000,171000,149000,145000,119000,136000,354000,205000,240000,141000,135000,125000,54000,73000,147000,212000,132000,208000,122000,391000,188000,162000,126000,1495000,
refl: 37000,23000,40000,31000,34000,21000,25000,59000,64000,96000,28000,26000,69000,61000,97000,30000,27000,64000,65000,99000,49000,27000,93000,30000,22000,31000,20000,25000,27000,91000,162000,74000,86000,87000,67000,40000,59000,65000,34000,23000,34000,23000,26000,31000,82000,79000,50000,94000,93000,40000,44000,
symm: 56000,66000,69000,209000,256000,240000,171000,95000,57000,227000,76000,73000,161000,327000,97000,68000,88000,
trans: 166000,171000,186000,103000,167000,105000,235000,164000,187000,232000,172000,190000,263000,232000,180000,183000,114000,113000,233000,215000,229000,128000,134000,99000,227000,210000,227000,133000,134000,96000,123000,97000,105000,229000,210000,230000,134000,133000,97000,230000,217000,233000,129000,129000,94000,123000,97000,129000,228000,230000,225000,140000,129000,96000,228000,214000,238000,141000,141000,103000,126000,92000,102000,216000,221000,230000,234000,233000,241000,90000,209000,156000,224000,234000,168000,189000,240000,161000,187000,264000,241000,173000,186000,182000,183000,97000,105000,118000,111000,641000,613000,621000,175000,532000,432000,315000,306000,331000,182000,345000,340000,368000,264000,248000,109000,185000,187000,93000,102000,177000,242000,258000,196000,389000,171000,196000,263000,247000,
equiv1: 208000,88000,884000,171000,82000,85000,
or_neg: 253000,276000,658000,663000,628000,669000,649000,611000,623000,628000,625000,618000,
or_pos: 320000,348000,367000,
and_pos: 514000,509000,518000,494000,466000,516000,523000,1292000,1400000,1221000,1303000,1356000,1186000,1241000,1261000,1324000,1181000,
implies: 116000,256000,230000,120000,268000,204000,286000,216000,294000,246000,244000,265000,146000,231000,130000,127000,185000,217000,2003000,231000,230000,122000,275000,
not_and: 720000,
parsing: 83247000,
aci_simp: 1163000,1138000,1131000,1174000,1133000,1157000,
evaluate: 329000,331000,368000,263000,136000,191000,218000,259000,286000,360000,141000,198000,460000,204000,230000,317000,360000,526000,510000,
subproof: 1002000,1197000,1177000,1023000,1216000,1153000,1241000,1078000,1025000,1185000,1414000,1099000,1184000,1205000,1048000,1070000,4142000,1080000,1245000,1039000,1343000,
and_intro: 166000,148000,97000,135000,145000,1122000,
poly_simp: 2227000,1560000,1647000,2195000,2795000,2029000,2037000,1531000,1593000,2819000,1999000,2002000,1560000,1494000,3641000,2068000,2112000,1717000,1743000,1639000,1506000,2147000,1738000,1730000,2429000,1848000,1709000,1729000,1677000,2532000,2108000,1673000,2159000,1721000,1674000,6391000,1692000,2558000,2100000,1711000,2132000,1743000,1718000,1888000,1957000,2614000,2144000,1705000,2182000,1908000,1509000,1578000,3247000,2831000,2039000,2016000,1571000,1597000,2834000,2027000,2055000,1523000,1571000,3726000,2295000,2159000,2668000,2225000,1698000,1680000,1819000,1691000,3116000,2440000,1853000,2372000,3608000,3649000,3773000,1393000,1534000,10498000,2982000,18911000,4246000,3021000,3131000,4371000,3388000,3283000,2662000,2143000,2063000,1930000,2024000,2248000,3181000,2654000,3130000,2432000,2456000,1737000,1816000,3151000,2413000,2237000,1751000,1927000,4628000,2635000,2686000,
equiv_pos2: 124000,127000,49000,137000,216000,220000,419000,158000,162000,388000,116000,70000,145000,196000,201000,482000,48000,59000,195000,200000,495000,48000,58000,200000,206000,488000,52000,61000,167000,182000,164000,309000,219000,224000,436000,187000,123000,129000,160000,168000,398000,150000,52000,176000,72000,77000,176000,97000,129000,1084000,260000,267000,238000,262000,155000,76000,161000,167000,393000,151000,55000,127000,218000,230000,446000,1122000,
la_generic: 6630000,20200000,
reordering: 436000,440000,454000,1183000,4673000,16434000,
resolution: 414000,250000,241000,168000,143000,212000,249000,242000,156000,210000,309000,389000,491000,453000,222000,311000,207000,274000,367000,503000,477000,249000,268000,172000,193000,228000,256000,256000,175000,208000,207000,201000,300000,321000,308000,424000,567000,604000,344000,304000,193000,213000,379000,452000,397000,393000,203000,315000,329000,345000,428000,579000,621000,341000,315000,193000,227000,434000,372000,239000,218000,275000,236000,169000,314000,220000,240000,300000,330000,304000,432000,576000,599000,345000,310000,208000,219000,167000,2501000,10681000,711000,600000,803000,685000,3437000,110000,219000,213000,194000,243000,233000,251000,824000,219000,255000,221000,330000,390000,499000,458000,230000,324000,170000,147000,223000,259000,259000,197000,164000,208000,270000,389000,511000,484000,262000,290000,157000,233000,248000,254000,165000,181000,216000,237000,175000,233000,241000,266000,300000,311000,226000,210000,233000,178000,525000,3030000,2474000,10832000,484000,272000,248000,259000,271000,203000,218000,164000,218000,217000,302000,391000,591000,492000,261000,301000,151000,236000,292000,258000,175000,185000,299000,216000,347000,511000,510000,457000,238000,344000,
contraction: 179000,419000,429000,187000,448000,337000,303000,450000,303000,208000,457000,4218000,777000,1806000,216000,424000,424000,202000,194000,3092000,5153000,195000,486000,199000,425000,
forall_inst: 629000,813000,820000,638000,716000,928000,868000,910000,816000,674000,637000,913000,669000,716000,755000,791000,917000,758000,974000,
la_mult_neg: 374000,335000,266000,344000,
la_mult_pos: 246000,
implies_neg1: 150000,397000,362000,152000,416000,423000,429000,221000,298000,306000,410000,380000,151000,291000,335000,1825000,156000,410000,150000,399000,1763000,
implies_neg2: 164000,400000,419000,159000,457000,306000,482000,295000,147000,449000,543000,142000,404000,433000,167000,172000,2954000,165000,438000,161000,402000,
__local_input: 39000,78000,62000,41000,73000,81000,79000,64000,46000,56000,78000,69000,44000,54000,91000,67000,48000,81000,68000,56000,89000,98000,47000,92000,45000,109000,39000,38000,25000,47000,57000,23000,21000,36000,35000,42000,
poly_simp_rel: 1067000,1005000,1110000,1072000,1050000,997000,1027000,916000,909000,964000,997000,998000,981000,978000,908000,974000,946000,995000,972000,1031000,951000,919000,1002000,955000,983000,948000,1112000,1023000,985000,1003000,961000,1089000,1121000,1070000,1085000,1053000,1018000,1017000,1083000,1147000,972000,1087000,1119000,1174000,2011000,2135000,1044000,1048000,1072000,1123000,1261000,1134000,1170000,1146000,
equiv_simplify: 156000,154000,174000,
implies_simplify: 284000,1130000,255000,
__normalized_input: 5593000,5293000,7002000,6375000,5858000,5908000,5012000,4324000,2010000,1003000,1258000,853000,1197000,
rare_rewrite_eq-symm: 85000,116000,110000,94000,123000,107000,
rare_rewrite_arith-elim-gt: 6188000,
rare_rewrite_arith-elim-lt: 5664000,5837000,5531000,5670000,5803000,5588000,5589000,5626000,5499000,5714000,5486000,5412000,5722000,5513000,5548000,5722000,5465000,5684000,5485000,5432000,5751000,5879000,6032000,6519000,5611000,5870000,6951000,15688000,5800000,5923000,17291000,11352000,11688000,12000000,6910000,
rare_rewrite_arith-elim-leq: 6014000,
rare_rewrite_bool-impl-elim: 5981000,5956000,5933000,5997000,5850000,6102000,
rare_rewrite_bool-and-de-morgan: 5671000,6753000,5607000,5597000,5563000,5704000,
rare_rewrite_bool-double-not-elim: 172000,72000,106000,79000,111000,73000,104000,74000,104000,74000,104000,73000,110000,217000,214000,350000,335000,189000,

