1; Draft.Scratch_smt_check_7_2705; 2026-04-10 13:49:45.874;
bind: 432000,417000,238000,447000,
cong: 232000,152000,149000,211000,151000,149000,362000,269000,94000,121000,74000,160000,
refl: 29000,170000,26000,156000,25000,
symm: 129000,
trans: 345000,269000,296000,255000,249000,234000,360000,263000,287000,260000,254000,233000,
or_pos: 784000,
implies: 326000,88000,103000,403000,
parsing: 19155000,
aci_simp: 1176000,1052000,1150000,1058000,
subproof: 2212000,1078000,1936000,2228000,
equiv_pos1: 50000,
equiv_pos2: 78000,305000,301000,465000,160000,156000,344000,
reordering: 561000,222000,147000,984000,632000,
resolution: 157000,231000,184000,206000,412000,443000,361000,410000,540000,698000,473000,353000,150000,214000,181000,256000,197000,218000,198000,12770000,409000,667000,597000,356000,470000,
contraction: 490000,137000,187000,661000,
forall_inst: 842000,894000,712000,1645000,
implies_neg1: 445000,200000,224000,597000,
implies_neg2: 464000,127000,233000,634000,
__local_input: 124000,40000,99000,459000,
__normalized_input: 3844000,3284000,2218000,919000,940000,975000,1075000,979000,
rare_rewrite_eq-symm: 113000,118000,233000,
rare_rewrite_bool-impl-elim: 6230000,6272000,
rare_rewrite_bool-and-de-morgan: 5735000,5913000,5941000,5750000,5841000,5924000,

