1; Draft.Scratch_smt_check_7_21982; 2026-04-10 13:50:16.990;
bind: 250000,369000,386000,335000,389000,480000,181000,197000,188000,136000,170000,178000,184000,194000,237000,220000,276000,245000,157000,235000,227000,228000,236000,363000,379000,326000,396000,461000,172000,194000,178000,128000,172000,187000,168000,197000,214000,215000,251000,245000,133000,348000,379000,333000,392000,471000,170000,189000,169000,237000,332000,350000,318000,367000,411000,424000,444000,489000,233000,228000,248000,
cong: 245000,95000,97000,136000,230000,67000,240000,66000,306000,109000,108000,209000,249000,245000,394000,127000,103000,77000,130000,118000,54000,93000,59000,97000,76000,131000,141000,57000,135000,60000,124000,68000,209000,60000,49000,45000,69000,131000,142000,80000,70000,220000,72000,248000,225000,97000,86000,265000,304000,230000,884000,63000,67000,47000,143000,217000,63000,228000,65000,313000,98000,100000,213000,203000,243000,391000,120000,97000,75000,131000,116000,54000,83000,54000,103000,72000,117000,140000,53000,138000,54000,116000,68000,209000,57000,48000,49000,71000,125000,145000,111000,74000,61000,62000,47000,123000,220000,62000,233000,62000,307000,94000,95000,205000,209000,244000,419000,115000,96000,72000,120000,185000,74000,137000,103000,150000,123000,188000,236000,83000,221000,88000,181000,127000,382000,87000,81000,76000,129000,196000,253000,129000,110000,216000,91000,88000,250000,71000,506000,
refl: 34000,37000,82000,820000,28000,34000,71000,39000,30000,163000,28000,31000,43000,339000,32000,29000,32000,17000,20000,19000,33000,31000,22000,39000,30000,40000,79000,824000,28000,30000,68000,31000,30000,160000,25000,26000,38000,349000,33000,24000,32000,17000,18000,18000,32000,36000,81000,808000,30000,33000,70000,37000,27000,260000,44000,43000,64000,570000,58000,40000,48000,36000,36000,31000,53000,58000,23000,36000,46000,
symm: 321000,215000,176000,164000,189000,152000,117000,333000,213000,147000,116000,334000,408000,
trans: 171000,142000,155000,432000,329000,329000,336000,112000,341000,346000,373000,341000,318000,122000,128000,325000,324000,316000,401000,435000,142000,142000,145000,158000,172000,152000,159000,137000,137000,138000,136000,140000,156000,102000,91000,122000,129000,109000,176000,140000,145000,134000,133000,194000,194000,198000,237000,90000,230000,208000,213000,185000,175000,186000,174000,409000,99000,123000,165000,168000,398000,386000,397000,125000,359000,281000,128000,150000,395000,328000,326000,324000,118000,343000,337000,356000,343000,315000,123000,122000,316000,314000,322000,369000,403000,140000,136000,140000,154000,180000,141000,145000,136000,133000,148000,143000,152000,178000,100000,96000,118000,127000,109000,173000,140000,157000,127000,128000,201000,201000,197000,164000,91000,212000,207000,205000,190000,176000,188000,172000,414000,100000,123000,143000,142000,393000,365000,322000,322000,106000,343000,338000,352000,343000,304000,113000,120000,323000,318000,289000,366000,375000,143000,145000,147000,183000,161000,140000,146000,124000,126000,136000,134000,143000,184000,212000,219000,211000,228000,220000,310000,268000,271000,258000,254000,380000,376000,378000,550000,196000,396000,372000,399000,405000,344000,346000,319000,777000,194000,235000,152000,125000,
choice: 57000,
equiv1: 550000,161000,88000,
or_neg: 225000,206000,267000,169000,196000,161000,175000,191000,158000,340000,343000,314000,327000,313000,326000,334000,5447000,403000,248000,170000,183000,154000,176000,187000,153000,161000,185000,141000,352000,367000,286000,219000,204000,248000,
or_pos: 375000,370000,677000,
and_pos: 102000,113000,320000,330000,341000,330000,330000,353000,103000,128000,340000,355000,302000,313000,326000,349000,329000,213000,219000,
implies: 188000,200000,200000,172000,201000,593000,195000,
not_and: 382000,
parsing: 89767000,
aci_simp: 1197000,1256000,1237000,891000,979000,960000,941000,921000,876000,945000,927000,971000,952000,1084000,966000,974000,1329000,1342000,1182000,1226000,1188000,887000,947000,925000,929000,896000,845000,949000,927000,920000,940000,1020000,986000,945000,1325000,1381000,1133000,1165000,1161000,856000,941000,927000,929000,17337000,1699000,1846000,1729000,1763000,1819000,1953000,1892000,1834000,2525000,2576000,
evaluate: 215000,193000,198000,224000,154000,169000,237000,228000,199000,192000,192000,213000,322000,309000,
onepoint: 1946000,770000,1329000,1903000,766000,1285000,1897000,1372000,2355000,
qnt_join: 365000,250000,364000,241000,350000,440000,
subproof: 1060000,1282000,1034000,1085000,1535000,1079000,
and_intro: 141000,147000,137000,420000,
poly_simp: 2683000,2206000,2721000,2382000,2224000,2633000,2600000,2244000,2365000,2165000,2304000,1359000,1371000,1408000,1419000,1545000,7178000,2299000,2198000,2157000,2688000,
equiv_pos1: 67000,68000,68000,
equiv_pos2: 233000,148000,77000,131000,36000,353000,70000,40000,134000,149000,48000,50000,235000,147000,100000,93000,225000,136000,141000,240000,109000,145000,65000,109000,281000,120000,36000,363000,87000,40000,135000,149000,48000,53000,74000,129000,38000,683000,139000,67000,234000,313000,94000,158000,64000,234000,143000,222000,137000,433000,
la_generic: 13755000,
reordering: 302000,270000,227000,235000,165000,157000,497000,237000,238000,2103000,275000,276000,204000,197000,161000,161000,495000,221000,249000,2696000,206000,197000,326000,307000,963000,504000,464000,262000,284000,
resolution: 313000,184000,206000,220000,431000,492000,219000,206000,310000,170000,185000,181000,272000,314000,177000,196000,187000,301000,309000,346000,378000,171000,158000,216000,173000,218000,277000,313000,195000,185000,294000,346000,330000,208000,192000,295000,1113000,4103000,350000,368000,489000,403000,1872000,132000,195000,215000,222000,213000,514000,236000,210000,212000,199000,220000,188000,188000,202000,215000,411000,509000,155000,209000,192000,256000,298000,349000,324000,194000,266000,205000,204000,198000,286000,215000,176000,174000,166000,254000,293000,189000,197000,1197000,284000,298000,334000,351000,186000,165000,204000,179000,214000,272000,315000,217000,825000,752000,2480000,168000,175000,171000,283000,289000,178000,189000,176000,292000,306000,467000,344000,315000,288000,364000,322000,390000,544000,570000,339000,371000,345000,191000,307000,344000,330000,218000,209000,198000,279000,406000,480000,219000,190000,279000,
sko_forall: 1165000,1157000,2208000,
contraction: 391000,243000,256000,298000,1493000,511000,711000,186000,378000,294000,233000,254000,828000,1059000,253000,510000,556000,370000,
forall_inst: 688000,821000,811000,766000,846000,896000,647000,719000,765000,718000,704000,789000,726000,759000,707000,734000,878000,639000,680000,711000,1650000,1136000,1230000,710000,770000,671000,763000,
la_mult_neg: 259000,274000,228000,
implies_neg1: 269000,270000,156000,569000,264000,844000,
implies_neg2: 266000,355000,126000,263000,825000,264000,
__local_input: 118000,129000,79000,33000,37000,43000,37000,38000,84000,145000,37000,41000,25000,28000,29000,40000,80000,
poly_simp_rel: 1018000,963000,993000,967000,963000,984000,967000,965000,993000,937000,947000,953000,920000,957000,
equiv_simplify: 153000,
miniscope_split: 279000,316000,275000,281000,271000,512000,
implies_simplify: 652000,265000,
__normalized_input: 7620000,5716000,5579000,4734000,1520000,805000,628000,499000,479000,468000,588000,
rare_rewrite_eq-refl: 101000,84000,85000,96000,81000,84000,96000,174000,162000,
rare_rewrite_eq-symm: 160000,111000,83000,90000,91000,81000,93000,95000,100000,91000,125000,147000,106000,79000,89000,91000,84000,87000,96000,95000,92000,123000,105000,80000,89000,169000,165000,175000,174000,257000,173000,244000,147000,
rare_rewrite_or-not-refl: 6729000,5872000,6141000,6381000,5711000,5916000,6306000,10761000,12408000,
rare_rewrite_arith-elim-lt: 6659000,5701000,5914000,7402000,5803000,
rare_rewrite_bool-impl-false1: 5819000,6400000,5932000,6635000,5716000,5698000,5857000,6583000,5918000,10955000,10862000,12240000,
rare_rewrite_bool-or-de-morgan: 6122000,6198000,5672000,5674000,5559000,5613000,
rare_rewrite_bool-and-de-morgan: 6502000,16673000,6589000,5758000,6016000,5543000,5799000,5649000,5851000,5700000,5885000,6252000,5547000,5710000,13440000,5661000,5585000,5753000,5648000,5945000,6160000,5535000,5693000,10602000,10777000,10688000,10944000,
rare_rewrite_bool-double-not-elim: 166000,118000,87000,115000,91000,119000,145000,167000,103000,86000,105000,87000,99000,137000,101000,86000,99000,85000,97000,282000,151000,147000,

