1; Draft.Scratch_smt_check_7_3151; 2026-04-10 13:43:46.246;
bind: 169000,212000,157000,218000,170000,159000,190000,178000,174000,306000,331000,328000,297000,331000,393000,
cong: 97000,83000,107000,82000,69000,60000,89000,74000,85000,107000,85000,74000,86000,106000,154000,91000,75000,75000,77000,73000,75000,69000,165000,71000,69000,77000,127000,120000,105000,272000,143000,129000,123000,107000,407000,142000,117000,100000,144000,121000,96000,246000,154000,125000,107000,190000,121000,122000,266000,
refl: 21000,22000,17000,27000,29000,27000,30000,25000,20000,23000,20000,22000,18000,40000,29000,62000,29000,70000,88000,41000,26000,40000,28000,40000,31000,37000,49000,
symm: 74000,75000,76000,
trans: 166000,152000,163000,127000,159000,188000,129000,191000,181000,
equiv1: 206000,
equiv2: 270000,
or_neg: 179000,177000,197000,
and_neg: 358000,339000,
and_pos: 172000,175000,299000,320000,288000,300000,323000,298000,
implies: 169000,156000,169000,152000,357000,306000,270000,304000,290000,
not_not: 210000,
parsing: 30919000,
subproof: 1074000,1064000,1240000,2061000,2028000,2006000,1929000,2001000,5760000,
and_intro: 145000,252000,
equiv_pos1: 108000,
equiv_pos2: 90000,105000,104000,188000,51000,108000,107000,180000,99000,215000,338000,201000,374000,189000,226000,318000,194000,216000,325000,
not_equiv1: 122000,
not_equiv2: 124000,
reordering: 237000,254000,369000,703000,392000,466000,661000,726000,
resolution: 294000,152000,181000,267000,230000,150000,219000,261000,268000,263000,155000,247000,155000,224000,243000,266000,253000,149000,252000,388000,406000,344000,283000,274000,466000,154000,147000,203000,347000,473000,478000,330000,410000,504000,462000,792000,291000,267000,332000,259000,398000,527000,481000,408000,670000,312000,268000,331000,402000,436000,475000,258000,339000,467000,423000,653000,258000,334000,470000,493000,697000,256000,394000,
contraction: 237000,231000,345000,241000,252000,13954000,507000,495000,420000,518000,404000,449000,451000,438000,
forall_inst: 707000,733000,1257000,1325000,1232000,2329000,
implies_neg1: 203000,203000,376000,486000,452000,360000,368000,429000,458000,
implies_neg2: 201000,198000,213000,388000,380000,375000,362000,363000,391000,
__local_input: 40000,43000,81000,40000,48000,72000,65000,74000,73000,42000,46000,41000,67000,
equiv_simplify: 453000,365000,
__normalized_input: 7795000,2674000,1449000,1398000,1492000,
rare_rewrite_eq-symm: 156000,114000,117000,103000,108000,122000,99000,124000,149000,238000,257000,288000,
rare_rewrite_bool-double-not-elim: 286000,

