1; Draft.Scratch_smt_check_7_23025; 2026-04-10 13:49:20.291;
bind: 622000,282000,306000,305000,203000,373000,234000,252000,246000,281000,300000,274000,343000,419000,403000,253000,381000,692000,474000,478000,498000,536000,471000,494000,798000,378000,504000,456000,481000,565000,560000,347000,193000,204000,214000,222000,259000,
cong: 291000,300000,168000,206000,127000,62000,155000,66000,59000,103000,67000,129000,128000,143000,125000,58000,159000,58000,138000,57000,161000,60000,128000,124000,249000,120000,286000,120000,224000,167000,142000,252000,379000,328000,243000,248000,206000,81000,244000,97000,246000,196000,319000,327000,211000,197000,210000,262000,384000,370000,237000,209000,242000,90000,217000,90000,306000,91000,189000,127000,103000,90000,57000,111000,61000,136000,75000,127000,64000,113000,
refl: 33000,36000,474000,31000,32000,30000,174000,30000,140000,139000,31000,37000,330000,30000,27000,26000,30000,27000,28000,436000,32000,29000,24000,30000,134000,109000,37000,47000,73000,55000,653000,65000,73000,43000,169000,58000,62000,627000,47000,55000,44000,45000,55000,43000,715000,46000,53000,37000,47000,110000,35000,259000,29000,27000,38000,32000,328000,26000,24000,28000,87000,
symm: 264000,321000,348000,232000,283000,309000,435000,462000,416000,262000,299000,212000,230000,
trans: 257000,261000,264000,270000,283000,257000,219000,100000,273000,258000,291000,233000,282000,125000,118000,151000,191000,155000,333000,312000,226000,241000,223000,222000,242000,235000,237000,232000,224000,197000,104000,239000,379000,252000,220000,220000,98000,302000,265000,263000,240000,279000,224000,227000,215000,344000,285000,320000,226000,359000,297000,317000,496000,395000,395000,404000,404000,359000,179000,450000,459000,460000,387000,449000,398000,386000,388000,504000,415000,391000,425000,468000,376000,338000,434000,409000,437000,366000,405000,189000,524000,444000,518000,467000,274000,217000,215000,263000,156000,164000,164000,168000,169000,183000,154000,145000,105000,187000,215000,160000,159000,107000,227000,202000,224000,195000,232000,173000,184000,
choice: 25000,25000,25000,29000,75000,
or_neg: 272000,297000,225000,170000,187000,148000,293000,324000,246000,170000,184000,154000,396000,464000,339000,322000,325000,286000,295000,335000,261000,328000,
or_pos: 253000,222000,754000,569000,588000,
and_pos: 136000,
parsing: 84281000,
aci_simp: 1105000,1076000,1123000,999000,1037000,997000,1015000,1079000,1102000,1047000,1203000,1242000,1969000,2012000,1878000,1867000,1965000,2017000,2072000,1058000,972000,956000,967000,1040000,1045000,
evaluate: 244000,225000,222000,400000,228000,247000,
onepoint: 1236000,932000,1156000,1381000,2102000,1995000,2682000,997000,1252000,
qnt_join: 328000,275000,300000,542000,458000,329000,234000,
equiv_pos1: 147000,102000,
equiv_pos2: 483000,332000,107000,354000,116000,301000,617000,370000,435000,261000,243000,239000,216000,338000,
reordering: 345000,199000,268000,190000,527000,432000,210000,260000,1062000,525000,825000,404000,911000,375000,501000,402000,
resolution: 260000,219000,255000,290000,364000,295000,433000,179000,210000,238000,235000,370000,442000,186000,264000,313000,395000,474000,189000,264000,303000,213000,165000,283000,283000,347000,180000,293000,298000,357000,387000,180000,338000,331000,368000,364000,573000,727000,451000,575000,587000,520000,394000,646000,
sko_forall: 3395000,3169000,3221000,
contraction: 400000,229000,460000,239000,615000,466000,436000,
forall_inst: 1012000,792000,768000,909000,932000,1782000,973000,
qnt_rm_unused: 391000,1256000,454000,1705000,398000,1397000,591000,1980000,402000,1438000,290000,981000,
connective_def: 479000,425000,317000,623000,402000,316000,
miniscope_split: 2002000,
__normalized_input: 1961000,1490000,991000,919000,452000,534000,839000,
rare_rewrite_eq-refl: 102000,108000,95000,95000,202000,196000,102000,111000,
rare_rewrite_eq-symm: 117000,113000,104000,109000,186000,181000,203000,102000,116000,
rare_rewrite_or-not-refl: 7894000,7615000,6659000,6516000,12207000,12171000,13630000,6154000,6290000,
rare_rewrite_bool-impl-elim: 6022000,15439000,12075000,
rare_rewrite_bool-or-de-morgan: 11499000,
rare_rewrite_bool-and-de-morgan: 6207000,6379000,6589000,6132000,6306000,6557000,5643000,5890000,5981000,11346000,11659000,6149000,6438000,6529000,5951000,6305000,
rare_rewrite_bool-double-not-elim: 221000,121000,241000,134000,282000,264000,224000,127000,

