1; Draft.Scratch_smt_check_7_2442; 2026-04-10 13:51:02.942;
bind: 1203000,1145000,924000,1359000,1700000,1052000,4178000,1303000,1203000,1142000,1128000,877000,1212000,1222000,870000,1233000,1224000,1244000,720000,698000,578000,594000,603000,326000,337000,657000,672000,489000,703000,662000,478000,
cong: 82000,284000,81000,252000,257000,258000,160000,134000,105000,365000,43000,42000,30000,35000,25000,104000,48000,43000,28000,28000,26000,105000,45000,54000,27000,28000,27000,97000,125000,921000,102000,1077000,133000,806000,153000,478000,885000,110000,452000,334000,305000,274000,259000,250000,197000,187000,445000,875000,81000,89000,46000,103000,906000,91000,907000,100000,794000,96000,472000,852000,97000,491000,332000,334000,274000,260000,228000,205000,187000,517000,706000,84000,88000,45000,94000,913000,931000,95000,106000,708000,320000,104000,97000,63000,63000,70000,98000,60000,509000,453000,381000,487000,335000,83000,363000,94000,201000,167000,140000,199000,299000,92000,48000,103000,96000,56000,65000,74000,251000,348000,216000,187000,189000,253000,240000,249000,174000,148000,139000,255000,352000,222000,190000,182000,248000,218000,235000,172000,145000,131000,448000,228000,178000,50000,195000,176000,118000,98000,78000,53000,122000,106000,107000,72000,65000,46000,42000,30000,28000,26000,100000,44000,43000,30000,29000,27000,97000,117000,648000,295000,344000,132000,135000,51000,42000,51000,28000,42000,40000,35000,29000,28000,551000,769000,
refl: 43000,94000,53000,29000,26000,32000,32000,24000,31000,30000,25000,28000,94000,1551000,80000,61000,5132000,42000,41000,45000,48000,52000,40000,42000,37000,42000,49000,36000,41000,52000,39000,42000,29000,31000,102000,1442000,63000,50000,1439000,43000,42000,46000,45000,49000,42000,43000,39000,42000,34000,36000,33000,83000,38000,42000,33000,29000,93000,59000,33000,213000,32000,52000,51000,57000,39000,30000,32000,47000,135000,51000,55000,43000,29000,30000,41000,146000,48000,54000,16000,27000,18000,46000,30000,35000,23000,30000,29000,18000,24000,32000,55000,49000,46000,39000,34000,28000,17000,19000,20000,129000,55000,59000,
symm: 177000,173000,189000,197000,215000,205000,901000,1045000,5317000,862000,993000,880000,178000,192000,157000,
trans: 242000,217000,236000,204000,332000,241000,185000,175000,185000,241000,189000,170000,193000,287000,225000,195000,161000,173000,234000,898000,911000,906000,923000,968000,903000,857000,236000,956000,872000,927000,1107000,864000,296000,1375000,1328000,1471000,1453000,781000,712000,238000,661000,675000,662000,606000,539000,516000,481000,434000,382000,682000,1086000,871000,896000,906000,927000,919000,834000,230000,1080000,855000,910000,883000,827000,230000,965000,864000,914000,743000,772000,683000,241000,650000,710000,662000,609000,534000,518000,464000,426000,380000,656000,231000,687000,702000,680000,662000,650000,649000,513000,520000,444000,222000,435000,420000,353000,290000,416000,461000,271000,289000,575000,420000,448000,444000,387000,349000,417000,436000,507000,379000,399000,566000,334000,303000,578000,450000,467000,496000,415000,367000,415000,435000,437000,377000,384000,375000,328000,291000,209000,231000,181000,159000,170000,273000,216000,175000,170000,177000,211000,
choice: 41000,42000,46000,110000,
equiv1: 241000,184000,183000,203000,216000,392000,214000,169000,257000,166000,226000,171000,280000,211000,260000,214000,168000,205000,166000,289000,215000,
equiv2: 209000,196000,210000,189000,197000,199000,213000,286000,213000,215000,211000,200000,205000,198000,191000,217000,
not_or: 383000,7590000,369000,379000,
or_neg: 326000,302000,283000,295000,340000,415000,335000,354000,427000,340000,382000,416000,331000,342000,340000,409000,423000,376000,425000,340000,327000,371000,329000,327000,555000,589000,475000,473000,459000,463000,480000,566000,
or_pos: 828000,649000,
and_neg: 367000,308000,403000,382000,483000,528000,
and_pos: 281000,245000,234000,245000,241000,272000,241000,235000,250000,238000,229000,234000,310000,317000,359000,309000,316000,385000,276000,280000,287000,282000,279000,318000,285000,283000,247000,259000,279000,270000,269000,275000,273000,276000,282000,279000,253000,
implies: 281000,256000,279000,306000,413000,423000,324000,327000,946000,626000,327000,316000,514000,
not_not: 201000,231000,272000,199000,269000,
parsing: 307919000,
aci_simp: 1746000,2151000,1972000,3264000,2224000,1708000,1662000,1743000,8186000,1679000,2171000,2144000,1684000,1583000,1683000,1276000,1276000,1615000,1337000,8472000,1323000,1220000,
evaluate: 297000,297000,302000,368000,646000,313000,328000,285000,309000,
onepoint: 2729000,4746000,2692000,3023000,
qnt_join: 939000,999000,909000,934000,
subproof: 1243000,1340000,1241000,1250000,1410000,1430000,1319000,1275000,10467000,1586000,1271000,1270000,1484000,
and_intro: 242000,267000,393000,312000,326000,
equiv_pos1: 226000,
equiv_pos2: 182000,277000,276000,264000,375000,63000,60000,66000,61000,57000,58000,698000,700000,1191000,1204000,68000,570000,71000,61000,413000,425000,801000,180000,56000,57000,57000,57000,260000,298000,573000,567000,587000,
reordering: 369000,561000,562000,263000,219000,374000,556000,544000,481000,486000,480000,893000,882000,360000,495000,837000,361000,825000,387000,308000,1418000,356000,871000,471000,867000,335000,840000,365000,951000,322000,758000,
resolution: 408000,306000,563000,1648000,514000,377000,356000,682000,256000,368000,351000,672000,245000,261000,244000,287000,250000,329000,235000,271000,248000,264000,387000,466000,3314000,251000,238000,301000,2276000,471000,373000,345000,627000,270000,365000,371000,643000,264000,255000,276000,305000,3485000,534000,1732000,537000,1701000,553000,1620000,741000,1956000,628000,549000,521000,873000,382000,538000,512000,865000,319000,277000,384000,276000,284000,277000,266000,276000,593000,450000,420000,929000,297000,278000,295000,311000,326000,296000,437000,438000,912000,275000,241000,252000,273000,293000,277000,260000,287000,326000,919000,733000,913000,998000,1283000,1548000,919000,764000,267000,310000,544000,578000,291000,296000,450000,409000,510000,660000,834000,745000,403000,496000,560000,305000,720000,2330000,628000,431000,438000,969000,276000,264000,272000,265000,306000,241000,424000,418000,939000,263000,274000,261000,296000,269000,263000,268000,235000,279000,256000,351000,738000,2061000,588000,998000,689000,580000,1027000,3860000,
sko_forall: 7273000,
contraction: 549000,336000,374000,335000,362000,336000,358000,320000,370000,536000,542000,509000,821000,550000,562000,548000,567000,409000,510000,405000,461000,1359000,958000,842000,400000,494000,398000,463000,888000,813000,1506000,
forall_inst: 996000,1099000,954000,1695000,1325000,1335000,916000,952000,
implies_neg1: 326000,353000,316000,333000,536000,593000,424000,483000,1332000,859000,432000,449000,687000,
implies_neg2: 321000,308000,292000,301000,607000,550000,396000,391000,1367000,866000,388000,381000,644000,
__local_input: 58000,43000,40000,51000,47000,138000,40000,38000,43000,48000,49000,140000,44000,49000,72000,48000,54000,172000,46000,42000,45000,48000,56000,58000,43000,176000,373000,303000,43000,41000,42000,40000,44000,44000,43000,162000,205000,
qnt_rm_unused: 1257000,107987000,1216000,85285000,
connective_def: 565000,574000,
equiv_simplify: 255000,251000,277000,297000,270000,253000,300000,308000,391000,484000,313000,279000,308000,233000,313000,240000,279000,277000,283000,404000,327000,289000,242000,302000,274000,297000,255000,284000,370000,
miniscope_split: 1003000,1988000,1939000,
__normalized_input: 41113000,40811000,27045000,26635000,47750000,24241000,2859000,2833000,2820000,2807000,2915000,2788000,2896000,
rare_rewrite_eq-refl: 194000,205000,194000,240000,313000,240000,240000,221000,175000,181000,
rare_rewrite_eq-symm: 169000,186000,174000,189000,222000,220000,188000,185000,214000,162000,179000,233000,169000,209000,164000,192000,160000,179000,
rare_rewrite_or-not-refl: 9370000,26682000,8198000,8131000,
rare_rewrite_bool-eq-false: 6505000,6480000,6375000,6056000,6236000,
rare_rewrite_bool-impl-elim: 7922000,7586000,
rare_rewrite_bool-impl-false1: 6507000,6222000,7411000,
rare_rewrite_bool-not-eq-elim1: 8879000,7198000,5881000,6162000,5761000,5695000,
rare_rewrite_bool-or-de-morgan: 6324000,6373000,6617000,6692000,7041000,6287000,6275000,6835000,7233000,
rare_rewrite_bool-and-de-morgan: 6224000,6451000,6596000,6771000,7013000,7140000,7231000,7765000,6375000,6447000,6646000,6916000,7039000,7137000,7144000,7262000,6937000,7355000,5740000,5965000,6158000,6724000,6111000,6035000,6087000,6234000,6580000,5906000,5943000,6217000,6592000,
rare_rewrite_bool-double-not-elim: 248000,236000,203000,309000,218000,217000,199000,214000,232000,193000,210000,223000,256000,240000,491000,212000,217000,254000,
rare_rewrite_bool-implies-de-morgan: 6495000,6547000,5940000,5942000,5617000,

