1; Draft.Scratch_smt_check_7_23452; 2026-04-10 13:47:15.565;
bind: 248000,280000,355000,364000,393000,375000,666000,377000,374000,632000,305000,258000,368000,177000,211000,351000,196000,232000,168000,257000,230000,150000,252000,232000,167000,179000,162000,
cong: 81000,87000,247000,114000,88000,79000,155000,108000,110000,79000,162000,317000,90000,252000,187000,400000,288000,148000,171000,353000,463000,149000,72000,76000,195000,110000,125000,99000,321000,445000,200000,272000,84000,44000,49000,109000,63000,63000,60000,195000,284000,356000,196000,229000,73000,57000,140000,135000,186000,107000,89000,100000,173000,95000,49000,61000,
refl: 54000,57000,59000,98000,78000,51000,45000,44000,78000,32000,25000,24000,38000,34000,36000,47000,
symm: 174000,154000,
trans: 272000,356000,251000,331000,255000,187000,653000,572000,363000,318000,217000,214000,145000,
choice: 38000,37000,71000,
equiv1: 350000,
equiv2: 225000,185000,
or_neg: 334000,352000,261000,274000,287000,287000,312000,389000,478000,192000,214000,148000,167000,139000,
or_pos: 228000,227000,
and_neg: 174000,283000,
and_pos: 251000,895000,285000,270000,259000,260000,269000,266000,241000,226000,
implies: 330000,339000,362000,367000,353000,193000,186000,156000,125000,
not_and: 307000,
not_not: 208000,
parsing: 37697000,
aci_simp: 1214000,1129000,
evaluate: 314000,
subproof: 2110000,1998000,2095000,2081000,2129000,1282000,1343000,1559000,1058000,1014000,
and_intro: 246000,
equiv_neg1: 34000,
equiv_neg2: 54000,
equiv_pos1: 118000,129000,
equiv_pos2: 131000,250000,217000,224000,387000,138000,51000,210000,197000,387000,102000,382000,254000,263000,468000,127000,75000,150000,152000,261000,67000,78000,157000,88000,78000,
reordering: 446000,518000,383000,771000,895000,488000,408000,406000,500000,472000,344000,347000,287000,273000,474000,526000,179000,
resolution: 298000,393000,344000,358000,461000,370000,820000,453000,531000,323000,449000,488000,556000,510000,323000,458000,292000,695000,714000,365000,429000,4424000,504000,948000,312000,286000,300000,319000,545000,525000,1006000,585000,645000,675000,561000,590000,291000,343000,494000,348000,7549000,314000,481000,562000,530000,335000,455000,554000,426000,524000,470000,261000,352000,176000,219000,342000,361000,267000,212000,225000,240000,287000,301000,353000,369000,287000,288000,313000,325000,366000,304000,301000,241000,261000,243000,245000,165000,237000,
sko_forall: 2023000,1096000,978000,
contraction: 466000,532000,511000,366000,396000,543000,532000,595000,561000,505000,536000,286000,315000,256000,249000,200000,181000,
forall_inst: 1341000,1374000,915000,667000,779000,748000,1000000,
implies_neg1: 423000,366000,463000,458000,471000,498000,271000,247000,194000,164000,
implies_neg2: 463000,277000,460000,449000,472000,476000,280000,255000,193000,142000,
__local_input: 132000,40000,41000,61000,37000,54000,58000,98000,74000,116000,79000,88000,64000,64000,
equiv_simplify: 336000,315000,
implies_simplify: 558000,
__normalized_input: 3903000,3615000,6105000,4430000,3844000,3564000,1436000,1088000,
rare_rewrite_eq-symm: 150000,264000,159000,266000,329000,118000,144000,120000,110000,
rare_rewrite_bool-eq-false: 11747000,5769000,
rare_rewrite_bool-impl-elim: 6699000,6096000,5730000,5958000,6060000,5988000,
rare_rewrite_bool-double-not-elim: 270000,200000,387000,161000,119000,

