1; Draft.Scratch_smt_check_7_21819; 2026-04-10 13:50:57.607;
bind: 297000,262000,290000,260000,224000,204000,486000,335000,225000,319000,294000,449000,457000,462000,386000,388000,230000,208000,319000,289000,318000,298000,344000,279000,327000,282000,242000,240000,270000,271000,193000,378000,393000,235000,358000,339000,376000,344000,208000,186000,207000,205000,334000,370000,229000,359000,335000,364000,334000,196000,336000,369000,228000,388000,330000,357000,341000,211000,219000,211000,223000,276000,205000,380000,337000,358000,334000,480000,193000,253000,212000,355000,340000,371000,333000,487000,209000,252000,371000,342000,386000,333000,497000,224000,274000,525000,263000,380000,352000,371000,335000,227000,
cong: 112000,107000,248000,173000,167000,116000,121000,118000,50000,124000,129000,161000,158000,292000,188000,81000,120000,118000,228000,145000,124000,116000,225000,137000,116000,119000,117000,128000,135000,91000,182000,93000,92000,98000,77000,152000,172000,264000,163000,75000,102000,56000,56000,108000,106000,130000,96000,66000,176000,97000,96000,98000,76000,150000,146000,273000,171000,180000,96000,90000,104000,77000,147000,148000,262000,152000,108000,106000,136000,89000,292000,135000,155000,299000,295000,147000,146000,307000,150000,164000,105000,146000,203000,64000,73000,72000,105000,103000,126000,68000,66000,80000,53000,93000,114000,47000,97000,81000,144000,143000,306000,144000,75000,78000,172000,53000,103000,152000,305000,334000,151000,148000,275000,157000,175000,105000,152000,336000,97000,115000,76000,103000,101000,72000,57000,61000,166000,73000,110000,68000,97000,126000,72000,109000,151000,155000,149000,268000,153000,53000,91000,
refl: 85000,78000,87000,84000,59000,99000,90000,39000,62000,61000,64000,57000,41000,65000,43000,60000,45000,41000,51000,37000,38000,45000,43000,37000,37000,51000,44000,35000,32000,37000,59000,36000,66000,62000,58000,
symm: 248000,242000,282000,131000,307000,188000,239000,160000,129000,242000,191000,223000,151000,237000,170000,184000,161000,166000,215000,208000,227000,179000,130000,217000,320000,201000,226000,180000,168000,190000,195000,124000,218000,163000,
trans: 246000,252000,247000,256000,303000,282000,289000,272000,254000,287000,303000,247000,253000,234000,260000,185000,190000,291000,291000,285000,291000,185000,218000,203000,193000,196000,263000,284000,212000,257000,225000,248000,380000,337000,211000,201000,192000,178000,172000,174000,256000,266000,212000,249000,244000,241000,331000,326000,255000,269000,204000,241000,226000,244000,336000,337000,174000,175000,205000,335000,330000,255000,275000,206000,385000,264000,287000,340000,235000,183000,273000,229000,247000,236000,355000,339000,256000,273000,209000,331000,343000,259000,281000,209000,436000,367000,318000,354000,195000,255000,255000,285000,267000,251000,218000,331000,344000,
equiv1: 242000,231000,262000,493000,231000,258000,252000,253000,288000,
equiv2: 173000,131000,173000,211000,175000,307000,
or_neg: 312000,304000,296000,292000,292000,305000,
or_pos: 311000,352000,249000,332000,335000,345000,317000,365000,306000,254000,345000,268000,281000,243000,197000,276000,367000,286000,225000,197000,273000,363000,271000,207000,272000,366000,286000,230000,3363000,420000,207000,334000,291000,208000,352000,301000,206000,358000,340000,208000,338000,
and_neg: 477000,1246000,260000,1231000,
and_pos: 425000,453000,457000,491000,408000,489000,433000,402000,456000,419000,343000,320000,299000,307000,320000,319000,343000,337000,314000,307000,312000,333000,159000,163000,1165000,1190000,1111000,1169000,1144000,1099000,1074000,1143000,1149000,1097000,1062000,1046000,1167000,1083000,176000,164000,1158000,1166000,1080000,1124000,1100000,1115000,1122000,1051000,1049000,1104000,1077000,1079000,1077000,1125000,166000,210000,1052000,1126000,1083000,1081000,1036000,1011000,1060000,1068000,993000,991000,1099000,2277000,163000,176000,1116000,1107000,1059000,1069000,1085000,1027000,1053000,1077000,1039000,996000,1092000,1169000,161000,168000,
implies: 308000,497000,502000,315000,287000,329000,203000,336000,189000,327000,547000,321000,182000,365000,1233000,334000,330000,1231000,320000,323000,413000,1249000,326000,320000,1226000,329000,
not_and: 355000,
not_not: 148000,
parsing: 128526000,
aci_simp: 1143000,1124000,1138000,1242000,1124000,1135000,1048000,1130000,973000,1136000,977000,1157000,1007000,1143000,1018000,
evaluate: 270000,
subproof: 1576000,1489000,1479000,1762000,1549000,2051000,1219000,1562000,1316000,1086000,1574000,1551000,1546000,1099000,1255000,2284000,1193000,1550000,2251000,1550000,1236000,2262000,1642000,1237000,2320000,1583000,
and_intro: 541000,434000,1390000,1292000,
equiv_pos2: 132000,136000,312000,105000,51000,114000,105000,302000,164000,94000,169000,246000,247000,241000,242000,238000,370000,99000,148000,155000,285000,145000,156000,284000,109000,106000,92000,252000,155000,90000,178000,222000,118000,49000,185000,189000,325000,89000,91000,94000,96000,146000,174000,221000,122000,50000,186000,201000,322000,84000,30000,174000,218000,111000,49000,184000,186000,319000,83000,103000,92000,149000,92000,324000,141000,59000,359000,355000,107000,181000,185000,322000,294000,83000,136000,65000,103000,180000,186000,326000,302000,84000,135000,62000,354000,375000,183000,189000,327000,294000,86000,134000,61000,361000,303000,139000,84000,184000,185000,343000,89000,
reordering: 473000,272000,517000,504000,262000,508000,495000,741000,2079000,493000,2104000,492000,597000,414000,289000,414000,293000,299000,268000,280000,219000,398000,603000,400000,1741000,244000,364000,206000,394000,599000,379000,1955000,277000,208000,399000,602000,384000,250000,441000,227000,285000,235000,2174000,17918000,241000,410000,211000,511000,281000,231000,28737000,269000,406000,208000,525000,286000,229000,535000,1996000,26307000,238000,405000,209000,513000,295000,236000,14522000,494000,225000,291000,226000,209000,410000,
resolution: 614000,270000,294000,322000,385000,447000,460000,291000,307000,271000,264000,646000,266000,270000,220000,213000,268000,227000,265000,289000,351000,373000,280000,302000,322000,227000,248000,295000,286000,340000,332000,316000,277000,310000,407000,774000,613000,523000,1587000,303000,540000,313000,385000,644000,524000,1585000,256000,328000,313000,388000,285000,349000,392000,395000,497000,540000,364000,356000,230000,254000,288000,259000,281000,335000,365000,443000,444000,285000,332000,290000,307000,339000,371000,425000,449000,301000,378000,479000,241000,330000,291000,337000,245000,248000,340000,352000,330000,367000,263000,346000,215000,253000,265000,299000,366000,303000,404000,380000,220000,223000,190000,209000,209000,289000,255000,291000,348000,395000,462000,465000,286000,358000,223000,233000,295000,911000,3012000,320000,333000,403000,363000,1642000,187000,177000,228000,232000,250000,212000,234000,271000,275000,307000,323000,253000,281000,203000,243000,280000,316000,272000,394000,393000,263000,226000,198000,207000,203000,309000,250000,276000,330000,409000,450000,461000,278000,346000,203000,240000,275000,642000,588000,1774000,242000,275000,329000,270000,380000,352000,217000,217000,195000,214000,235000,273000,252000,291000,336000,385000,450000,465000,285000,350000,210000,244000,290000,217000,266000,280000,280000,304000,335000,233000,283000,211000,302000,182000,182000,219000,215000,332000,306000,25732000,487000,434000,296000,3166000,1433000,1017000,9222000,322000,256000,408000,461000,431000,279000,229000,258000,196000,268000,290000,353000,399000,452000,456000,289000,361000,281000,364000,385000,203000,236000,267000,184000,229000,227000,351000,1381000,1005000,9111000,241000,263000,231000,301000,201000,261000,285000,348000,383000,458000,463000,306000,343000,283000,356000,397000,208000,238000,284000,202000,215000,213000,308000,251000,395000,462000,453000,306000,460000,2542000,1407000,1072000,7669000,340000,191000,260000,295000,352000,399000,466000,477000,288000,354000,285000,365000,393000,209000,237000,312000,205000,263000,224000,322000,322000,411000,477000,451000,328000,1376000,1050000,7798000,307000,288000,378000,411000,191000,184000,223000,220000,307000,266000,283000,348000,399000,459000,471000,292000,346000,211000,243000,289000,
contraction: 421000,680000,824000,669000,842000,469000,400000,397000,294000,445000,1108000,464000,635000,254000,434000,728000,881000,438000,249000,452000,1679000,3795000,489000,496000,1672000,3711000,444000,450000,1683000,3224000,457000,465000,1685000,3251000,444000,
forall_inst: 913000,853000,760000,797000,1031000,921000,752000,987000,1005000,1019000,1024000,942000,781000,916000,981000,824000,920000,835000,883000,905000,1006000,783000,948000,822000,748000,731000,850000,1041000,8304000,880000,721000,859000,986000,769000,895000,726000,734000,827000,1889000,940000,910000,830000,898000,966000,700000,808000,858000,884000,994000,714000,784000,929000,917000,1033000,747000,868000,956000,960000,1012000,791000,904000,799000,
implies_neg1: 368000,746000,762000,405000,384000,368000,273000,426000,217000,464000,495000,426000,218000,688000,455000,451000,428000,448000,440000,2203000,2221000,442000,446000,443000,2193000,2180000,
implies_neg2: 464000,617000,571000,413000,390000,393000,249000,444000,328000,234000,426000,701000,415000,228000,454000,2088000,453000,424000,1334000,428000,446000,1411000,429000,468000,1432000,425000,
__local_input: 201000,68000,39000,42000,57000,44000,42000,42000,57000,72000,137000,237000,349000,373000,338000,220000,193000,203000,53000,42000,39000,60000,88000,74000,215000,179000,53000,53000,55000,42000,69000,91000,91000,93000,225000,217000,78000,64000,65000,32000,61000,53000,50000,62000,42000,39000,61000,51000,41000,54000,83000,66000,55000,49000,64000,61000,47000,40000,52000,57000,52000,38000,42000,128000,61000,228000,83000,236000,85000,68000,54000,51000,67000,42000,38000,80000,71000,64000,67000,100000,49000,64000,58000,62000,49000,50000,80000,76000,46000,40000,69000,225000,
equiv_simplify: 330000,307000,247000,339000,239000,315000,251000,325000,291000,305000,254000,328000,391000,427000,
implies_simplify: 582000,
__normalized_input: 39127000,36100000,39231000,33230000,32355000,31696000,28554000,27370000,27472000,29917000,26752000,26592000,26255000,25646000,24606000,17389000,16383000,11625000,8421000,54964000,11639000,11246000,10224000,8861000,8098000,4274000,3406000,2736000,3325000,1943000,1178000,1631000,
rare_rewrite_eq-symm: 207000,198000,287000,235000,184000,190000,208000,147000,224000,237000,253000,229000,223000,255000,176000,178000,210000,286000,308000,276000,155000,146000,217000,279000,276000,275000,198000,278000,274000,275000,151000,162000,126000,182000,337000,331000,178000,277000,298000,277000,121000,142000,175000,271000,269000,273000,134000,145000,329000,449000,282000,277000,283000,132000,149000,338000,134000,150000,278000,275000,279000,
rare_rewrite_bool-impl-elim: 6105000,6235000,6166000,6149000,5943000,6125000,6450000,6580000,6586000,6205000,6096000,6016000,6243000,6587000,7245000,6868000,7021000,7150000,18449000,7531000,7083000,6320000,6472000,6371000,6385000,5855000,5866000,6052000,6264000,6218000,6181000,5821000,6125000,6113000,6225000,6269000,6033000,6039000,6003000,6354000,6231000,6009000,5821000,6263000,6217000,6266000,5912000,6424000,6616000,6587000,6153000,6113000,6483000,6345000,5994000,
rare_rewrite_bool-and-de-morgan: 5790000,5758000,5964000,9012000,5990000,5816000,5764000,5894000,6083000,5784000,
rare_rewrite_bool-double-not-elim: 163000,159000,189000,178000,136000,136000,144000,138000,135000,

