1; Draft.Scratch_smt_check_7_31288; 2026-04-10 13:45:02.956;
bind: 612000,628000,616000,462000,465000,461000,334000,302000,526000,566000,525000,341000,305000,392000,378000,334000,247000,282000,254000,210000,197000,349000,383000,344000,236000,292000,257000,205000,196000,
cong: 288000,421000,153000,212000,224000,321000,192000,103000,105000,197000,239000,164000,263000,91000,141000,225000,239000,158000,253000,85000,141000,
refl: 308000,194000,200000,190000,331000,238000,115000,167000,111000,121000,113000,70000,191000,113000,117000,105000,65000,
symm: 634000,352000,492000,324000,191000,305000,183000,
trans: 604000,607000,608000,647000,589000,430000,422000,477000,393000,425000,380000,519000,486000,489000,487000,420000,320000,323000,336000,345000,331000,249000,222000,269000,225000,232000,200000,331000,334000,340000,343000,319000,236000,228000,226000,219000,221000,200000,
choice: 43000,33000,43000,49000,86000,
or_neg: 198000,184000,196000,254000,217000,130000,138000,116000,202000,277000,198000,231000,270000,201000,
or_pos: 273000,303000,
implies: 306000,
parsing: 141580000,
qnt_join: 650000,457000,547000,373000,282000,363000,270000,
subproof: 2021000,
equiv_pos2: 585000,323000,212000,102000,97000,214000,298000,266000,253000,291000,
reordering: 321000,365000,163000,331000,347000,445000,
resolution: 549000,630000,632000,270000,237000,462000,468000,490000,534000,200000,200000,388000,433000,220000,266000,189000,362000,389000,205000,352000,385000,364000,447000,527000,645000,377000,368000,
sko_forall: 1046000,5114000,
contraction: 347000,191000,365000,395000,504000,
forall_inst: 909000,902000,
implies_neg1: 459000,
implies_neg2: 423000,
__local_input: 93000,
miniscope_split: 964000,561000,671000,545000,336000,570000,320000,
__normalized_input: 1501000,1535000,1576000,
rare_rewrite_bool-impl-elim: 12187000,11754000,11552000,11659000,12261000,11435000,10248000,7077000,6195000,6162000,6221000,7514000,6205000,6154000,6111000,
rare_rewrite_bool-double-not-elim: 103000,100000,112000,148000,

