1; Draft.Scratch_smt_check_7_14039; 2026-04-10 13:51:26.010;
and: 136000,131000,
bind: 1137000,782000,1147000,763000,644000,661000,699000,664000,344000,
cong: 529000,779000,428000,315000,287000,259000,227000,200000,169000,155000,50000,62000,342000,339000,521000,787000,425000,323000,286000,255000,235000,204000,174000,172000,47000,62000,347000,331000,1097000,505000,655000,70000,268000,368000,175000,146000,131000,140000,272000,292000,47000,63000,113000,101000,89000,297000,544000,193000,144000,131000,142000,265000,294000,51000,57000,112000,88000,90000,493000,461000,
refl: 271000,29000,270000,26000,268000,28000,52000,45000,59000,24000,37000,52000,45000,52000,22000,37000,46000,36000,30000,
trans: 755000,637000,650000,587000,544000,504000,457000,416000,365000,315000,281000,706000,699000,744000,644000,654000,567000,558000,545000,462000,413000,407000,337000,307000,724000,702000,497000,384000,401000,286000,307000,314000,260000,241000,232000,312000,307000,268000,248000,503000,401000,412000,314000,330000,316000,277000,243000,248000,307000,288000,248000,263000,
or_pos: 238000,447000,
and_pos: 490000,
implies: 879000,434000,
parsing: 128351000,
aci_simp: 1467000,1573000,1606000,1694000,1952000,1621000,1566000,1585000,1504000,1212000,1347000,1309000,1159000,1673000,1590000,1453000,1078000,1214000,1026000,1039000,
not_symm: 102000,
subproof: 1862000,3161000,
equiv_pos2: 893000,893000,1548000,363000,437000,432000,640000,177000,
reordering: 1165000,281000,608000,625000,
resolution: 204000,458000,471000,756000,980000,1328000,1085000,479000,748000,547000,5203000,625000,556000,1134000,910000,580000,467000,209000,255000,337000,
contraction: 1478000,711000,666000,
forall_inst: 1559000,1116000,905000,
implies_neg1: 1325000,631000,
implies_neg2: 1252000,589000,
__local_input: 498000,345000,
connective_def: 930000,924000,
__normalized_input: 7303000,4745000,4848000,3817000,3226000,1512000,553000,646000,789000,
rare_rewrite_eq-symm: 102000,115000,100000,127000,108000,131000,119000,109000,103000,135000,
rare_rewrite_bool-impl-elim: 7513000,7103000,6280000,
rare_rewrite_bool-and-de-morgan: 6141000,6104000,6212000,6141000,6385000,6509000,6757000,6915000,6805000,6732000,6483000,6538000,6580000,6642000,6718000,7016000,5986000,6693000,6271000,6622000,6915000,6567000,7779000,6929000,6501000,6711000,
rare_rewrite_bool-double-not-elim: 101000,111000,114000,125000,116000,109000,121000,139000,

