1; Draft.Scratch_smt_check_7_16923; 2026-04-10 13:51:27.278;
and: 103000,105000,120000,114000,124000,128000,107000,113000,106000,106000,109000,97000,107000,104000,105000,102000,107000,100000,159000,181000,
bind: 370000,406000,333000,532000,268000,289000,239000,346000,250000,276000,794000,264000,356000,246000,360000,291000,295000,966000,776000,268000,299000,239000,330000,264000,245000,216000,245000,231000,302000,218000,245000,215000,285000,261000,301000,238000,341000,693000,9273000,217000,240000,219000,294000,223000,241000,240000,281000,270000,291000,243000,333000,697000,691000,226000,238000,219000,287000,211000,241000,227000,287000,258000,295000,233000,329000,713000,713000,
cong: 170000,64000,171000,176000,173000,129000,66000,80000,81000,61000,202000,134000,125000,62000,130000,136000,146000,125000,131000,92000,67000,417000,327000,267000,228000,206000,176000,178000,88000,45000,72000,44000,50000,74000,84000,60000,122000,67000,129000,141000,144000,129000,144000,83000,70000,70000,45000,52000,74000,50000,69000,67000,61000,409000,294000,259000,232000,194000,168000,173000,419000,297000,260000,228000,205000,168000,161000,122000,61000,128000,127000,141000,125000,127000,98000,67000,371000,79000,68000,78000,56000,197000,133000,62000,126000,99000,131000,57000,129000,98000,151000,76000,82000,68000,51000,120000,57000,134000,129000,96000,79000,62000,46000,69000,58000,231000,220000,177000,227000,203000,182000,454000,234000,103000,127000,63000,129000,102000,128000,64000,126000,99000,166000,79000,82000,65000,48000,129000,63000,131000,127000,82000,71000,61000,43000,66000,55000,70000,223000,225000,192000,218000,206000,185000,474000,244000,129000,59000,120000,103000,127000,60000,125000,99000,153000,81000,79000,65000,47000,123000,56000,134000,126000,83000,72000,67000,46000,66000,52000,226000,202000,175000,225000,202000,176000,454000,229000,356000,
refl: 723000,31000,72000,182000,19000,70000,403000,28000,52000,43000,294000,403000,28000,48000,44000,276000,45000,274000,405000,27000,47000,16000,643000,38000,454000,31000,464000,29000,49000,20000,18000,16000,21000,41000,53000,240000,40000,44000,245000,41000,39000,450000,30000,458000,38000,461000,30000,45000,17000,18000,16000,17000,40000,43000,240000,37000,43000,252000,34000,40000,528000,29000,447000,36000,482000,28000,48000,17000,19000,19000,17000,44000,40000,236000,39000,40000,234000,31000,47000,50000,
symm: 315000,382000,76000,246000,320000,189000,158000,154000,261000,296000,124000,73000,98000,109000,146000,119000,105000,84000,97000,79000,140000,242000,294000,106000,219000,256000,201000,270000,270000,287000,142000,139000,128000,155000,208000,278000,199000,251000,234000,292000,137000,143000,124000,101000,208000,252000,209000,243000,226000,282000,140000,144000,112000,
trans: 292000,315000,309000,209000,102000,331000,285000,275000,333000,228000,292000,206000,225000,239000,126000,166000,239000,241000,180000,103000,245000,214000,236000,256000,185000,187000,180000,202000,232000,228000,639000,569000,527000,514000,464000,463000,343000,297000,267000,173000,168000,181000,159000,139000,189000,170000,174000,132000,234000,244000,177000,198000,265000,217000,267000,263000,240000,198000,175000,213000,224000,244000,149000,120000,133000,143000,79000,150000,135000,84000,651000,579000,533000,537000,462000,400000,360000,303000,267000,651000,620000,529000,555000,481000,397000,352000,338000,268000,235000,236000,184000,98000,262000,219000,229000,256000,185000,191000,180000,177000,214000,217000,184000,211000,201000,162000,98000,223000,197000,222000,224000,193000,186000,157000,210000,197000,165000,97000,227000,197000,228000,222000,168000,177000,157000,158000,209000,249000,238000,182000,88000,251000,214000,234000,266000,179000,198000,169000,150000,480000,326000,362000,278000,299000,299000,579000,402000,342000,272000,292000,304000,215000,199000,210000,156000,103000,218000,196000,217000,217000,165000,182000,158000,207000,201000,172000,94000,223000,198000,222000,228000,167000,185000,161000,173000,203000,236000,228000,185000,104000,261000,222000,291000,254000,180000,196000,171000,149000,471000,323000,353000,273000,289000,307000,477000,324000,364000,255000,282000,298000,211000,206000,168000,91000,223000,194000,217000,230000,170000,182000,152000,232000,198000,161000,90000,258000,197000,222000,215000,171000,180000,156000,153000,172000,240000,230000,175000,91000,277000,216000,243000,258000,189000,194000,167000,157000,478000,340000,328000,262000,278000,291000,476000,315000,331000,283000,280000,298000,
choice: 85000,
equiv1: 143000,131000,129000,310000,124000,126000,222000,131000,112000,223000,119000,119000,128000,112000,
equiv2: 135000,130000,130000,130000,142000,127000,134000,150000,149000,116000,129000,130000,116000,135000,120000,109000,121000,
or_neg: 175000,193000,171000,247000,222000,217000,224000,226000,222000,234000,182000,202000,169000,172000,190000,155000,201000,180000,180000,194000,174000,194000,189000,195000,
or_pos: 210000,238000,565000,266000,588000,564000,206000,236000,213000,217000,321000,195000,208000,216000,323000,189000,220000,634000,
and_neg: 197000,223000,
and_pos: 111000,139000,105000,137000,113000,119000,144000,135000,207000,192000,339000,200000,181000,198000,210000,174000,197000,208000,323000,223000,187000,191000,228000,182000,181000,252000,316000,167000,158000,151000,175000,164000,150000,156000,165000,157000,141000,144000,169000,147000,168000,149000,171000,
implies: 144000,145000,189000,174000,225000,373000,256000,177000,466000,169000,410000,259000,176000,397000,
not_and: 267000,217000,215000,
not_not: 167000,152000,132000,
parsing: 107520000,
aci_simp: 1301000,1597000,1740000,1627000,1229000,1127000,1058000,1694000,1034000,1217000,1432000,1484000,1545000,1053000,1220000,1122000,996000,1264000,1077000,1069000,1225000,1151000,1070000,1122000,1144000,1424000,1136000,1298000,1133000,972000,1195000,1254000,1032000,1201000,1278000,1020000,1779000,1080000,1284000,1168000,1254000,1203000,1021000,1249000,1060000,989000,1207000,1117000,1051000,1133000,1083000,1437000,1093000,1247000,1123000,
evaluate: 266000,235000,234000,252000,226000,234000,233000,216000,212000,228000,244000,248000,221000,216000,213000,209000,
onepoint: 1243000,1574000,1289000,1286000,1074000,1059000,1203000,1104000,1103000,1138000,1039000,1251000,1069000,
qnt_join: 383000,282000,285000,291000,254000,240000,284000,248000,246000,303000,245000,238000,265000,
subproof: 1205000,1177000,1583000,6848000,1212000,1515000,2742000,1475000,1414000,1541000,2361000,1254000,1522000,2377000,1392000,1595000,2236000,
and_intro: 112000,169000,330000,206000,240000,
equiv_pos2: 272000,452000,190000,140000,140000,137000,572000,206000,135000,157000,136000,558000,29000,541000,193000,165000,142000,135000,205000,29000,157000,151000,154000,187000,202000,533000,452000,691000,160000,151000,358000,209000,443000,445000,664000,28000,150000,148000,188000,189000,441000,442000,700000,287000,
reordering: 269000,294000,557000,545000,244000,233000,245000,740000,425000,1206000,230000,238000,839000,433000,1645000,736000,424000,220000,232000,297000,614000,695000,258000,303000,471000,218000,610000,237000,231000,476000,738000,223000,225000,1014000,
resolution: 234000,261000,278000,279000,370000,377000,1497000,315000,257000,246000,373000,176000,261000,257000,385000,173000,215000,450000,337000,348000,8034000,273000,294000,296000,619000,166000,214000,239000,481000,406000,363000,306000,236000,185000,241000,428000,164000,167000,213000,312000,316000,278000,339000,188000,369000,376000,677000,1033000,3585000,238000,269000,296000,303000,1718000,172000,201000,335000,227000,299000,170000,165000,181000,314000,346000,287000,376000,194000,191000,350000,378000,550000,225000,493000,446000,1892000,209000,386000,393000,591000,180000,240000,290000,191000,183000,170000,306000,303000,285000,353000,509000,1494000,218000,219000,299000,244000,798000,170000,167000,215000,168000,360000,372000,901000,218000,238000,323000,265000,311000,354000,247000,309000,170000,167000,182000,227000,299000,160000,191000,286000,381000,444000,502000,654000,719000,385000,455000,532000,1458000,256000,222000,261000,254000,764000,166000,179000,327000,185000,222000,302000,340000,322000,339000,228000,282000,163000,171000,186000,217000,290000,171000,198000,292000,378000,440000,545000,642000,689000,388000,444000,165000,495000,350000,800000,183000,218000,297000,277000,313000,339000,222000,271000,163000,158000,189000,222000,303000,168000,202000,278000,377000,423000,486000,624000,659000,375000,412000,
sko_forall: 1269000,1485000,1183000,
contraction: 202000,208000,211000,207000,281000,331000,247000,311000,308000,262000,1247000,319000,456000,303000,511000,596000,253000,475000,254000,292000,345000,402000,260000,693000,478000,265000,317000,259000,739000,351000,399000,264000,652000,
forall_inst: 894000,888000,790000,1033000,1367000,904000,1859000,1295000,780000,781000,803000,1036000,734000,919000,1065000,732000,791000,1093000,
implies_neg1: 167000,174000,180000,221000,285000,300000,390000,230000,299000,213000,592000,211000,599000,230000,212000,623000,598000,
implies_neg2: 187000,178000,220000,180000,1145000,205000,421000,172000,313000,209000,553000,174000,201000,539000,310000,210000,525000,
__local_input: 21000,58000,23000,86000,20000,20000,29000,21000,21000,85000,156000,38000,22000,21000,22000,23000,25000,94000,35000,22000,22000,24000,24000,23000,82000,25000,21000,23000,78000,33000,20000,22000,88000,135000,208000,133000,219000,25000,20000,23000,83000,121000,189000,49000,53000,34000,109000,
qnt_rm_unused: 582000,3966000,402000,2191000,495000,2315000,397000,2360000,356000,1402000,358000,1794000,401000,2254000,343000,1383000,337000,1411000,405000,2305000,327000,1674000,360000,1354000,382000,2069000,
equiv_simplify: 203000,211000,189000,326000,209000,195000,231000,197000,199000,211000,204000,200000,264000,206000,203000,216000,205000,187000,214000,201000,187000,196000,202000,211000,194000,192000,230000,187000,
implies_simplify: 379000,298000,303000,
__normalized_input: 19634000,11883000,10491000,9996000,10103000,9281000,8998000,4786000,4426000,4282000,3516000,2186000,2090000,2069000,893000,
rare_rewrite_eq-refl: 108000,91000,93000,86000,81000,77000,85000,79000,82000,93000,81000,88000,90000,
rare_rewrite_eq-symm: 8047000,98000,100000,98000,102000,102000,100000,100000,120000,98000,95000,101000,162000,
rare_rewrite_or-not-refl: 8463000,7031000,7145000,6435000,6900000,6445000,6694000,6865000,6569000,7178000,6913000,6924000,6482000,
rare_rewrite_bool-impl-elim: 8032000,6392000,8518000,7758000,8059000,7671000,16639000,6612000,6777000,6540000,7746000,7049000,8368000,6866000,7072000,7026000,7119000,6498000,6588000,6228000,6564000,6697000,
rare_rewrite_bool-impl-false1: 6444000,7965000,18439000,7372000,6153000,6820000,
rare_rewrite_bool-or-de-morgan: 6902000,6981000,7248000,7523000,8198000,7521000,8863000,7819000,7111000,7128000,6981000,7460000,8376000,7668000,6264000,7207000,10162000,6722000,6775000,7268000,7397000,
rare_rewrite_bool-and-de-morgan: 9158000,7903000,6556000,6946000,7455000,7133000,6236000,6292000,6134000,6450000,6327000,6902000,6779000,7273000,6969000,6697000,6767000,6270000,6359000,6816000,6825000,18547000,6234000,6012000,5873000,5723000,6446000,5802000,6337000,
rare_rewrite_bool-double-not-elim: 139000,133000,140000,132000,146000,109000,137000,142000,140000,109000,118000,133000,110000,109000,123000,119000,116000,108000,107000,118000,117000,104000,99000,107000,260000,

