1; Draft.Scratch_smt_check_7_15875; 2026-04-10 13:49:15.625;
bind: 244000,231000,201000,201000,239000,205000,248000,224000,
cong: 132000,97000,102000,90000,89000,97000,83000,69000,64000,93000,83000,138000,89000,99000,182000,95000,119000,
refl: 97000,48000,80000,33000,29000,69000,65000,30000,89000,45000,78000,32000,43000,
symm: 203000,184000,190000,
trans: 196000,212000,184000,196000,172000,187000,190000,178000,120000,136000,192000,219000,171000,146000,132000,137000,
or_pos: 210000,208000,
and_neg: 160000,
implies: 179000,
parsing: 16291000,
subproof: 1203000,
equiv_pos1: 51000,
equiv_pos2: 161000,116000,60000,141000,242000,
reordering: 239000,236000,205000,216000,
resolution: 218000,298000,218000,201000,237000,207000,260000,247000,295000,266000,194000,278000,351000,353000,222000,308000,
contraction: 298000,
forall_inst: 833000,975000,739000,781000,
implies_neg1: 245000,
implies_neg2: 227000,
__local_input: 174000,
__normalized_input: 17667000,27693000,8050000,3293000,1127000,1078000,1136000,
rare_rewrite_eq-refl: 118000,
rare_rewrite_eq-symm: 101000,149000,128000,112000,127000,125000,85000,133000,125000,
rare_rewrite_bool-eq-true: 7300000,
rare_rewrite_bool-impl-elim: 6721000,7261000,6892000,
rare_rewrite_bool-double-not-elim: 127000,135000,

