1; Draft.Scratch_smt_check_7_8878; 2026-04-10 13:48:27.458;
bind: 488000,512000,888000,906000,494000,506000,
cong: 246000,243000,986000,665000,525000,398000,1002000,980000,478000,263000,441000,246000,160000,235000,233000,247000,530000,398000,21132000,
refl: 92000,110000,200000,189000,185000,81000,92000,103000,307000,132000,155000,
symm: 534000,274000,266000,875000,122000,139000,429000,
trans: 337000,379000,356000,360000,287000,643000,702000,693000,689000,589000,846000,827000,292000,406000,417000,336000,362000,341000,360000,
equiv1: 1511000,388000,
equiv2: 761000,844000,421000,
or_neg: 895000,803000,777000,900000,
or_pos: 809000,840000,499000,
and_pos: 1035000,1053000,626000,540000,563000,656000,
implies: 499000,976000,852000,520000,
not_and: 897000,
not_not: 575000,305000,
parsing: 39165000,
aci_simp: 1271000,1275000,2407000,2962000,1251000,1359000,
evaluate: 252000,
subproof: 2051000,2910000,3828000,1919000,2201000,
and_intro: 447000,
equiv_pos2: 330000,678000,1583000,656000,674000,1485000,257000,32000,256000,334000,330000,714000,1515000,
reordering: 1515000,2523000,1543000,2839000,784000,
resolution: 269000,329000,414000,381000,569000,724000,768000,421000,387000,1596000,4469000,867000,734000,1159000,751000,1305000,307000,454000,611000,749000,745000,1052000,1386000,1351000,926000,637000,570000,514000,783000,1130000,978000,1893000,286000,321000,280000,445000,337000,434000,391000,571000,752000,912000,422000,427000,
contraction: 733000,2322000,1288000,1252000,1456000,1194000,1362000,739000,
forall_inst: 2125000,2331000,1282000,
implies_neg1: 1351000,1339000,1270000,659000,1413000,
implies_neg2: 747000,864000,1605000,1196000,777000,
__local_input: 204000,235000,84000,98000,135000,88000,32000,37000,121000,
equiv_simplify: 1053000,1086000,563000,491000,
implies_simplify: 1693000,
__normalized_input: 1904000,1777000,1821000,2006000,2261000,1805000,
rare_rewrite_eq-symm: 791000,809000,392000,
rare_rewrite_bool-eq-false: 14452000,7910000,7407000,7752000,
rare_rewrite_bool-impl-elim: 7522000,13678000,13414000,14397000,7719000,8030000,
rare_rewrite_bool-and-de-morgan: 7254000,19808000,12289000,12542000,6541000,7005000,
rare_rewrite_bool-double-not-elim: 954000,

