1; Draft.Scratch_smt_check_7_24436; 2026-04-10 13:52:10.441;
bind: 362000,342000,348000,319000,337000,315000,348000,340000,196000,377000,317000,336000,332000,193000,259000,331000,255000,297000,250000,302000,343000,327000,351000,325000,373000,346000,194000,351000,344000,188000,349000,335000,354000,323000,369000,316000,349000,333000,358000,350000,353000,351000,186000,351000,304000,348000,312000,193000,
cong: 229000,159000,203000,133000,83000,83000,150000,137000,143000,155000,135000,140000,342000,173000,154000,162000,361000,169000,161000,92000,185000,113000,176000,94000,82000,90000,226000,207000,150000,85000,215000,170000,213000,111000,126000,83000,96000,86000,75000,77000,70000,84000,139000,107000,85000,93000,80000,91000,134000,228000,277000,270000,616000,113000,103000,116000,74000,106000,134000,78000,87000,419000,147000,91000,215000,169000,154000,85000,221000,168000,151000,81000,373000,168000,157000,92000,227000,159000,209000,128000,78000,79000,81000,77000,81000,69000,78000,63000,187000,111000,175000,93000,79000,89000,95000,64000,265000,313000,5981000,796000,153000,155000,134000,151000,147000,137000,144000,344000,174000,155000,161000,159000,92000,148000,136000,147000,150000,136000,154000,339000,182000,155000,163000,227000,164000,210000,129000,81000,80000,77000,78000,68000,80000,65000,191000,117000,177000,91000,82000,92000,90000,64000,218000,163000,145000,81000,221000,161000,146000,81000,368000,172000,152000,90000,89000,1074000,
refl: 66000,30000,55000,28000,50000,52000,84000,54000,26000,37000,36000,28000,20000,40000,34000,37000,34000,74000,52000,85000,85000,54000,29000,62000,27000,57000,52000,26000,39000,43000,27000,45000,38000,30000,29000,63000,34000,55000,52000,23000,86000,83000,58000,28000,53000,51000,35000,80000,
symm: 154000,191000,167000,177000,180000,198000,233000,234000,160000,117000,170000,246000,217000,227000,227000,234000,119000,172000,
trans: 303000,278000,318000,194000,137000,135000,306000,224000,236000,303000,226000,236000,198000,200000,182000,150000,297000,268000,274000,192000,143000,150000,273000,280000,147000,151000,139000,274000,246000,267000,203000,163000,144000,147000,152000,189000,144000,180000,208000,185000,144000,162000,144000,152000,167000,181000,203000,383000,351000,354000,156000,299000,261000,185000,178000,196000,196000,190000,200000,197000,184000,187000,208000,149000,154000,243000,246000,235000,272000,276000,146000,147000,139000,269000,284000,150000,165000,133000,205000,202000,183000,142000,174000,249000,293000,289000,295000,195000,144000,149000,150000,151000,140000,299000,261000,285000,188000,136000,155000,400000,439000,395000,157000,340000,292000,222000,224000,243000,301000,227000,253000,306000,228000,244000,247000,273000,233000,305000,229000,244000,305000,236000,242000,242000,294000,289000,297000,195000,141000,144000,152000,133000,300000,280000,273000,188000,141000,147000,271000,276000,139000,145000,134000,269000,282000,140000,150000,134000,200000,202000,191000,141000,147000,
equiv1: 438000,184000,127000,596000,227000,127000,
or_neg: 329000,299000,327000,305000,478000,440000,451000,428000,468000,479000,443000,
or_pos: 361000,313000,273000,326000,340000,429000,240000,238000,243000,245000,244000,254000,274000,359000,320000,308000,316000,364000,315000,312000,
and_pos: 292000,296000,319000,309000,323000,301000,303000,306000,415000,429000,365000,408000,476000,462000,453000,432000,486000,497000,450000,
implies: 309000,273000,278000,226000,479000,266000,277000,263000,301000,727000,302000,269000,
not_and: 336000,490000,
parsing: 36307000,
aci_simp: 1231000,1138000,1256000,1055000,1018000,1018000,1244000,1139000,1224000,1165000,
evaluate: 270000,310000,172000,239000,313000,307000,268000,293000,171000,237000,381000,363000,263000,
subproof: 1762000,1167000,1196000,1078000,1400000,1333000,1148000,5652000,1758000,1691000,1797000,1222000,
and_intro: 184000,153000,347000,208000,207000,429000,
poly_simp: 2786000,1726000,1733000,2295000,2033000,2266000,2023000,2420000,2373000,1694000,1878000,2311000,1751000,1747000,4085000,1736000,1965000,1761000,1723000,1775000,1772000,1720000,1822000,2349000,2828000,1458000,1544000,6297000,1717000,1823000,1770000,1731000,1862000,2282000,1733000,1729000,2309000,1749000,1711000,2245000,1792000,2748000,1648000,1684000,1735000,1711000,1718000,1722000,2549000,2914000,1423000,1480000,1587000,7347000,2267000,2048000,2281000,2080000,2400000,2525000,2350000,2047000,2288000,2060000,2461000,2823000,1720000,1699000,1708000,1715000,1749000,2260000,1720000,1694000,2260000,1735000,1685000,2316000,1719000,
equiv_pos2: 243000,189000,198000,399000,402000,207000,97000,204000,201000,97000,63000,141000,178000,83000,64000,66000,77000,136000,173000,91000,77000,101000,239000,100000,105000,87000,104000,93000,143000,184000,62000,351000,136000,135000,191000,208000,414000,89000,227000,99000,60000,206000,96000,157000,151000,281000,134000,136000,202000,190000,409000,147000,207000,191000,396000,223000,59000,207000,103000,197000,208000,408000,94000,653000,
la_generic: 10837000,12544000,
reordering: 481000,411000,318000,426000,420000,588000,443000,293000,1143000,294000,302000,1382000,291000,293000,482000,779000,1554000,321000,484000,433000,417000,3753000,401000,478000,427000,313000,
resolution: 352000,194000,306000,346000,384000,278000,341000,598000,431000,544000,534000,303000,354000,240000,235000,259000,412000,557000,535000,343000,278000,340000,342000,208000,274000,272000,329000,348000,366000,300000,337000,349000,213000,278000,267000,309000,223000,257000,291000,231000,305000,343000,278000,269000,670000,1745000,344000,356000,441000,369000,1087000,151000,242000,241000,229000,259000,249000,227000,444000,228000,300000,245000,244000,222000,251000,270000,236000,322000,299000,219000,239000,241000,210000,248000,285000,731000,652000,1251000,265000,223000,263000,293000,234000,302000,307000,268000,1245000,4740000,481000,419000,552000,443000,1343000,161000,260000,260000,243000,284000,274000,245000,491000,259000,314000,228000,268000,268000,366000,408000,554000,545000,297000,363000,277000,306000,346000,363000,212000,264000,255000,196000,279000,332000,347000,204000,268000,207000,253000,268000,284000,213000,266000,300000,315000,344000,428000,523000,551000,311000,349000,1068000,923000,3119000,278000,316000,355000,430000,523000,538000,310000,343000,307000,342000,365000,267000,197000,312000,332000,349000,204000,282000,195000,240000,273000,351000,412000,548000,530000,337000,358000,213000,284000,
contraction: 441000,450000,653000,402000,504000,227000,679000,731000,1809000,526000,666000,281000,455000,442000,1025000,1376000,435000,442000,
forall_inst: 695000,917000,864000,668000,893000,863000,739000,955000,857000,697000,757000,777000,723000,776000,763000,788000,850000,905000,710000,660000,850000,675000,676000,861000,856000,907000,679000,853000,662000,681000,896000,723000,
la_mult_neg: 376000,297000,366000,370000,
implies_neg1: 429000,426000,187000,473000,661000,431000,225000,438000,626000,438000,428000,1089000,
implies_neg2: 428000,425000,311000,155000,669000,396000,190000,432000,434000,1002000,431000,426000,
__local_input: 200000,226000,130000,60000,44000,56000,143000,55000,46000,66000,148000,223000,151000,223000,63000,59000,47000,143000,202000,205000,58000,47000,44000,39000,54000,72000,128000,
poly_simp_rel: 978000,987000,996000,1078000,1082000,985000,1013000,961000,1003000,990000,1041000,989000,6447000,1063000,985000,1043000,1002000,1002000,1045000,1019000,1030000,1067000,1060000,1025000,1105000,977000,995000,994000,970000,1018000,982000,1040000,969000,992000,987000,1002000,982000,984000,1008000,1080000,1084000,1100000,1101000,1095000,1098000,976000,983000,983000,983000,990000,1011000,966000,990000,986000,968000,995000,982000,1009000,
equiv_simplify: 197000,216000,
implies_simplify: 533000,266000,750000,314000,
__normalized_input: 33594000,33599000,33913000,33344000,32996000,31639000,61306000,50093000,38183000,34805000,31662000,20405000,2693000,1469000,1480000,475000,487000,717000,
rare_rewrite_eq-symm: 187000,228000,166000,232000,160000,239000,
rare_rewrite_bool-eq-true: 5764000,5653000,5790000,
rare_rewrite_arith-elim-gt: 6089000,5872000,6088000,
rare_rewrite_arith-elim-lt: 5550000,5744000,5786000,5832000,5648000,5707000,5728000,10114000,5646000,5633000,5718000,5701000,5891000,5421000,13596000,5435000,5494000,5751000,5654000,5506000,5436000,5451000,5557000,5542000,5880000,7314000,5807000,5870000,5904000,5850000,5548000,5702000,6926000,5650000,5681000,5689000,5542000,
rare_rewrite_arith-elim-leq: 5613000,5673000,5686000,5582000,5573000,5725000,5453000,5420000,5479000,7080000,5727000,5547000,5764000,5489000,5479000,5473000,5541000,5841000,
rare_rewrite_bool-impl-elim: 6059000,6076000,5973000,5952000,6032000,13344000,5928000,5817000,5618000,5824000,5657000,5678000,5888000,5926000,5946000,5833000,6010000,6090000,6256000,6048000,6096000,5966000,6063000,5906000,
rare_rewrite_bool-and-de-morgan: 5908000,5669000,5890000,5534000,5471000,5590000,5592000,5619000,12055000,5686000,
rare_rewrite_bool-double-not-elim: 131000,147000,162000,155000,128000,152000,165000,164000,162000,198000,144000,150000,139000,143000,147000,132000,151000,147000,145000,140000,2217000,267000,

