1; Draft.Scratch_smt_check_7_21257; 2026-04-10 13:45:03.342;
bind: 576000,603000,404000,642000,622000,230000,407000,
cong: 318000,65000,302000,219000,228000,292000,269000,139000,111000,350000,217000,166000,111000,
refl: 33000,101000,29000,664000,39000,40000,28000,162000,39000,160000,170000,
symm: 428000,543000,
trans: 420000,430000,445000,362000,85000,475000,394000,414000,463000,351000,368000,320000,338000,292000,309000,193000,150000,161000,147000,151000,521000,337000,310000,296000,238000,259000,
equiv1: 351000,
or_neg: 193000,175000,
or_pos: 643000,
and_pos: 73000,119000,
not_and: 201000,
parsing: 67062000,
aci_simp: 1196000,1570000,1519000,1210000,1001000,986000,2028000,1969000,1886000,1722000,
evaluate: 192000,
onepoint: 2506000,
qnt_join: 473000,
equiv_pos2: 854000,288000,106000,
reordering: 134000,998000,276000,181000,
resolution: 127000,126000,148000,242000,396000,388000,289000,394000,367000,357000,
contraction: 222000,
forall_inst: 1722000,
qnt_rm_unused: 737000,7832000,
__normalized_input: 1927000,1009000,704000,930000,847000,
rare_rewrite_eq-refl: 80000,
rare_rewrite_or-not-refl: 6710000,
rare_rewrite_bool-impl-elim: 6822000,23279000,11509000,
rare_rewrite_bool-and-de-morgan: 7440000,7244000,6799000,5657000,5971000,11047000,11385000,
rare_rewrite_bool-double-not-elim: 148000,

