1; Draft.Scratch_smt_check_7_17220; 2026-04-10 13:47:30.255;
bind: 458000,204000,380000,427000,388000,290000,323000,295000,246000,397000,567000,596000,636000,369000,357000,796000,376000,684000,702000,678000,476000,508000,485000,347000,344000,459000,204000,380000,406000,388000,278000,327000,298000,229000,228000,
cong: 201000,107000,72000,77000,84000,171000,251000,91000,141000,201000,312000,333000,161000,187000,348000,421000,349000,163000,111000,116000,104000,397000,292000,431000,149000,232000,374000,383000,199000,106000,72000,76000,74000,161000,250000,88000,139000,
refl: 24000,33000,36000,19000,23000,171000,116000,123000,110000,70000,245000,120000,47000,51000,59000,27000,35000,328000,224000,211000,218000,113000,23000,27000,35000,19000,23000,176000,117000,121000,133000,69000,
symm: 100000,350000,251000,472000,159000,639000,404000,97000,340000,220000,
trans: 379000,375000,389000,400000,382000,388000,278000,247000,252000,253000,265000,230000,1237000,540000,548000,598000,562000,689000,648000,651000,675000,663000,645000,478000,458000,466000,478000,534000,421000,379000,388000,365000,374000,401000,359000,269000,252000,259000,259000,253000,227000,
choice: 31000,22000,35000,38000,74000,
or_neg: 270000,346000,424000,483000,369000,312000,322000,245000,414000,497000,367000,477000,541000,461000,
or_pos: 527000,610000,
implies: 371000,
parsing: 78484000,
qnt_join: 403000,303000,575000,707000,564000,400000,286000,
subproof: 2032000,
equiv_pos2: 554000,460000,402000,198000,185000,420000,569000,546000,526000,303000,
reordering: 646000,806000,357000,655000,712000,911000,
resolution: 360000,407000,632000,292000,288000,490000,508000,532000,614000,387000,383000,649000,758000,426000,480000,369000,602000,740000,374000,635000,651000,764000,799000,555000,636000,410000,396000,
sko_forall: 1896000,9586000,
contraction: 813000,432000,779000,797000,557000,
forall_inst: 1536000,925000,
implies_neg1: 513000,
implies_neg2: 467000,
__local_input: 134000,
miniscope_split: 613000,365000,718000,1088000,596000,587000,354000,
__normalized_input: 10281000,2675000,2775000,2754000,
rare_rewrite_bool-impl-elim: 7136000,6509000,17647000,11537000,11550000,10971000,11191000,12007000,11232000,10869000,11041000,6407000,5964000,5771000,5905000,
rare_rewrite_bool-double-not-elim: 226000,219000,237000,346000,

