1; Draft.Scratch_smt_check_7_32164; 2026-04-10 13:46:21.988;
bind: 149000,380000,395000,292000,284000,157000,166000,301000,198000,209000,386000,293000,163000,253000,274000,217000,304000,335000,435000,625000,590000,427000,422000,320000,314000,327000,339000,155000,200000,208000,206000,211000,150000,
cong: 169000,459000,242000,334000,130000,125000,82000,84000,204000,75000,64000,111000,104000,193000,171000,121000,174000,326000,165000,74000,106000,79000,110000,119000,63000,82000,41000,47000,59000,179000,231000,246000,175000,130000,128000,104000,417000,126000,65000,163000,79000,276000,94000,239000,192000,285000,257000,371000,239000,113000,167000,176000,85000,164000,183000,79000,241000,125000,87000,154000,56000,74000,104000,83000,108000,124000,56000,63000,61000,79000,108000,86000,109000,134000,60000,65000,43000,50000,55000,
ite1: 93000,
refl: 51000,35000,122000,83000,16000,20000,34000,20000,16000,23000,35000,108000,384000,34000,684000,53000,50000,53000,73000,81000,86000,120000,42000,148000,58000,122000,125000,61000,132000,28000,16000,20000,18000,22000,37000,18000,22000,18000,22000,37000,
symm: 217000,259000,481000,542000,262000,282000,101000,142000,81000,113000,61000,77000,
true: 46000,
trans: 397000,378000,416000,413000,366000,260000,219000,215000,189000,194000,202000,150000,270000,212000,230000,175000,185000,112000,247000,259000,214000,211000,189000,141000,210000,218000,224000,229000,228000,171000,99000,235000,199000,228000,230000,184000,91000,283000,233000,427000,377000,487000,348000,370000,386000,413000,414000,395000,273000,313000,225000,289000,290000,222000,140000,86000,118000,133000,106000,113000,90000,
choice: 24000,38000,69000,
equiv1: 160000,267000,163000,169000,
equiv2: 156000,212000,167000,
or_neg: 191000,230000,177000,145000,146000,120000,185000,201000,303000,315000,187000,227000,172000,368000,393000,286000,306000,248000,252000,
or_pos: 266000,397000,168000,231000,332000,
and_neg: 161000,407000,
and_pos: 76000,78000,205000,218000,217000,100000,113000,115000,111000,126000,114000,115000,857000,262000,237000,899000,240000,231000,238000,241000,242000,227000,231000,219000,252000,266000,
implies: 171000,141000,264000,164000,396000,256000,259000,123000,120000,267000,163000,287000,172000,
not_and: 260000,
not_not: 171000,
parsing: 201392000,
aci_simp: 1241000,1010000,927000,974000,1228000,1052000,960000,1005000,927000,992000,982000,1900000,2061000,2097000,2055000,
evaluate: 202000,198000,267000,
onepoint: 1069000,9697000,
qnt_join: 267000,506000,
subproof: 1032000,1055000,1177000,1067000,2974000,1991000,2091000,1018000,992000,1040000,1175000,1082000,1198000,1102000,
and_intro: 192000,104000,289000,
equiv_pos1: 211000,
equiv_pos2: 177000,97000,327000,256000,47000,105000,83000,167000,195000,168000,344000,177000,48000,124000,126000,227000,140000,145000,317000,521000,370000,290000,283000,579000,218000,240000,346000,45000,97000,97000,124000,128000,221000,127000,128000,215000,97000,
reordering: 277000,119000,205000,190000,369000,615000,270000,201000,138000,687000,498000,302000,635000,350000,192000,208000,254000,254000,311000,513000,531000,1732000,1713000,
resolution: 334000,179000,195000,340000,1140000,137000,197000,130000,170000,175000,174000,241000,306000,387000,374000,178000,158000,185000,163000,289000,322000,298000,181000,161000,227000,250000,311000,312000,402000,305000,298000,249000,348000,296000,447000,1484000,631000,428000,363000,320000,1156000,168000,214000,244000,305000,291000,170000,237000,155000,227000,209000,218000,174000,287000,427000,238000,373000,306000,358000,466000,605000,171000,306000,363000,461000,455000,602000,666000,770000,480000,447000,283000,284000,297000,468000,397000,501000,496000,324000,419000,301000,576000,552000,297000,330000,347000,326000,884000,267000,237000,307000,245000,515000,342000,510000,271000,230000,227000,349000,149000,234000,222000,362000,865000,400000,346000,1906000,172000,147000,164000,202000,167000,216000,243000,304000,287000,169000,228000,177000,407000,344000,1880000,168000,229000,252000,310000,292000,170000,235000,190000,169000,149000,245000,
sko_forall: 1211000,2278000,
contraction: 322000,272000,196000,260000,246000,492000,427000,317000,263000,586000,632000,388000,457000,288000,341000,401000,225000,166000,185000,179000,199000,380000,560000,263000,375000,581000,263000,
forall_inst: 680000,611000,731000,914000,758000,803000,732000,1052000,869000,1286000,1386000,1324000,606000,620000,720000,711000,693000,668000,
implies_neg1: 241000,188000,359000,228000,522000,334000,323000,201000,171000,178000,222000,229000,441000,459000,
implies_neg2: 214000,181000,342000,222000,560000,311000,232000,410000,150000,162000,329000,231000,323000,226000,
__local_input: 61000,53000,71000,65000,109000,93000,27000,31000,36000,28000,30000,32000,17000,19000,26000,27000,68000,65000,17000,19000,18000,20000,16000,25000,35000,28000,28000,18000,15000,21000,20000,28000,
qnt_rm_unused: 357000,1288000,860000,2942000,
connective_def: 343000,205000,
equiv_simplify: 242000,279000,281000,249000,250000,
implies_simplify: 402000,
__normalized_input: 5957000,3847000,3762000,2665000,1694000,990000,973000,734000,496000,590000,452000,417000,395000,366000,379000,546000,
rare_rewrite_ite-eq: 5887000,
rare_rewrite_eq-refl: 102000,91000,82000,106000,107000,
rare_rewrite_eq-symm: 94000,76000,75000,76000,113000,142000,130000,110000,156000,262000,207000,167000,155000,168000,131000,173000,92000,74000,92000,79000,81000,102000,
rare_rewrite_or-not-refl: 6170000,11588000,
rare_rewrite_bool-impl-elim: 6011000,11279000,11712000,11415000,10825000,10939000,
rare_rewrite_bool-impl-false1: 6898000,5630000,6429000,
rare_rewrite_bool-and-de-morgan: 6128000,6342000,5699000,5872000,5929000,5477000,5576000,5630000,5584000,5647000,5768000,5790000,10989000,11116000,11779000,
rare_rewrite_bool-double-not-elim: 107000,108000,155000,247000,97000,281000,159000,151000,105000,

