1; Draft.Scratch_smt_check_7_21306; 2026-04-10 13:45:02.784;
bind: 288000,278000,244000,249000,440000,442000,432000,427000,
cong: 137000,72000,178000,133000,101000,92000,151000,176000,219000,124000,312000,213000,104000,147000,235000,209000,389000,212000,98000,
refl: 28000,22000,162000,47000,31000,164000,
symm: 76000,108000,
trans: 215000,220000,227000,212000,207000,218000,158000,181000,165000,187000,420000,421000,422000,387000,379000,417000,322000,334000,321000,313000,320000,142000,
or_pos: 308000,
implies: 342000,
parsing: 12972000,
aci_simp: 1293000,1045000,1053000,1008000,2041000,2003000,2104000,1834000,1690000,
evaluate: 270000,
subproof: 2763000,
equiv_pos2: 35000,337000,58000,323000,514000,
reordering: 374000,
resolution: 216000,282000,204000,321000,475000,672000,800000,497000,466000,338000,
contraction: 598000,
forall_inst: 1343000,
implies_neg1: 508000,
implies_neg2: 554000,
__local_input: 118000,
miniscope_split: 365000,764000,
__normalized_input: 1108000,991000,982000,1196000,808000,
rare_rewrite_eq-refl: 141000,
rare_rewrite_eq-symm: 113000,213000,
rare_rewrite_bool-eq-false: 6292000,11108000,
rare_rewrite_bool-impl-elim: 6711000,11732000,
rare_rewrite_bool-and-de-morgan: 6171000,6184000,11505000,11535000,

