1; Draft.Scratch_smt_check_7_2701; 2026-04-10 13:49:07.835;
and: 102000,102000,107000,103000,136000,107000,106000,102000,108000,99000,108000,109000,99000,95000,101000,97000,102000,100000,107000,188000,
bind: 363000,392000,283000,1767000,251000,285000,232000,329000,246000,266000,724000,259000,313000,237000,323000,266000,265000,724000,749000,254000,324000,232000,318000,262000,245000,215000,245000,218000,287000,211000,235000,214000,271000,261000,290000,242000,335000,695000,674000,206000,227000,213000,270000,212000,236000,216000,309000,256000,281000,234000,323000,680000,671000,218000,232000,212000,288000,224000,229000,218000,279000,254000,292000,245000,364000,692000,693000,
cong: 162000,64000,166000,184000,182000,106000,72000,79000,69000,60000,230000,111000,127000,63000,130000,122000,137000,120000,133000,81000,57000,401000,291000,259000,258000,193000,169000,154000,89000,45000,71000,40000,46000,72000,84000,61000,120000,66000,140000,123000,141000,126000,133000,84000,57000,64000,40000,54000,76000,45000,67000,65000,53000,407000,290000,262000,226000,197000,166000,161000,406000,306000,276000,224000,204000,164000,164000,119000,59000,133000,123000,146000,132000,128000,88000,112000,352000,75000,68000,62000,54000,205000,128000,53000,126000,118000,130000,58000,121000,100000,154000,79000,79000,63000,46000,120000,57000,133000,126000,88000,70000,68000,41000,67000,59000,224000,202000,178000,219000,204000,173000,450000,228000,94000,125000,56000,120000,92000,126000,71000,125000,93000,153000,76000,77000,66000,49000,119000,52000,131000,127000,81000,70000,61000,42000,73000,47000,67000,227000,201000,173000,230000,205000,179000,460000,267000,127000,54000,128000,100000,133000,52000,126000,94000,213000,77000,81000,66000,48000,119000,62000,128000,124000,85000,74000,66000,43000,64000,51000,225000,210000,176000,233000,203000,188000,455000,242000,367000,
refl: 444000,30000,44000,158000,18000,40000,400000,28000,46000,41000,275000,402000,30000,47000,42000,268000,41000,271000,394000,29000,48000,16000,451000,30000,445000,29000,457000,30000,46000,38000,17000,16000,18000,40000,40000,232000,38000,42000,232000,34000,39000,442000,27000,446000,30000,455000,28000,45000,16000,17000,16000,18000,62000,40000,235000,39000,41000,235000,33000,38000,482000,31000,543000,32000,451000,26000,46000,19000,20000,36000,16000,40000,38000,241000,38000,41000,233000,33000,49000,55000,
symm: 288000,358000,74000,226000,290000,154000,152000,156000,242000,290000,112000,68000,99000,117000,149000,105000,93000,66000,84000,69000,130000,279000,284000,103000,196000,241000,199000,284000,228000,294000,136000,136000,128000,146000,228000,244000,193000,280000,236000,285000,134000,141000,115000,100000,205000,252000,213000,261000,256000,295000,140000,147000,111000,
trans: 283000,296000,297000,196000,96000,320000,247000,249000,310000,201000,212000,239000,217000,226000,116000,163000,233000,223000,169000,87000,253000,214000,229000,254000,177000,237000,166000,177000,214000,214000,652000,563000,516000,499000,443000,397000,335000,286000,249000,175000,156000,169000,144000,127000,183000,153000,152000,127000,236000,238000,184000,85000,251000,209000,223000,263000,180000,223000,167000,174000,219000,221000,136000,109000,111000,127000,70000,152000,141000,70000,610000,555000,507000,492000,443000,396000,338000,295000,267000,608000,556000,507000,495000,444000,385000,336000,293000,266000,229000,225000,177000,88000,251000,206000,253000,252000,195000,190000,165000,185000,214000,230000,144000,201000,205000,163000,87000,216000,190000,224000,216000,162000,185000,160000,198000,199000,162000,95000,215000,192000,213000,214000,162000,181000,148000,154000,161000,231000,229000,175000,94000,256000,209000,233000,246000,188000,196000,168000,152000,475000,327000,330000,265000,305000,296000,464000,318000,335000,257000,277000,286000,175000,201000,192000,163000,87000,209000,194000,208000,221000,160000,171000,152000,193000,193000,155000,85000,230000,190000,214000,218000,161000,185000,152000,154000,165000,238000,782000,183000,85000,240000,208000,218000,241000,174000,193000,165000,142000,463000,314000,338000,266000,282000,292000,460000,322000,383000,269000,280000,293000,201000,208000,164000,90000,222000,201000,208000,220000,163000,183000,155000,208000,200000,165000,118000,216000,190000,210000,225000,173000,186000,153000,159000,177000,238000,229000,170000,89000,258000,211000,228000,256000,176000,207000,164000,146000,477000,322000,336000,273000,274000,302000,475000,326000,339000,265000,283000,372000,
choice: 81000,
equiv1: 116000,125000,120000,270000,122000,121000,213000,119000,110000,216000,121000,116000,117000,106000,
equiv2: 121000,129000,138000,128000,130000,123000,128000,117000,129000,110000,124000,127000,117000,118000,118000,111000,147000,
or_neg: 171000,189000,153000,261000,222000,219000,218000,217000,225000,227000,174000,207000,162000,169000,181000,153000,190000,188000,170000,187000,170000,181000,171000,181000,
or_pos: 201000,201000,540000,228000,609000,584000,193000,232000,219000,214000,310000,189000,206000,199000,309000,185000,207000,669000,
and_neg: 159000,200000,
and_pos: 107000,133000,100000,122000,110000,120000,135000,115000,123000,136000,313000,191000,175000,199000,177000,196000,1044000,200000,302000,194000,173000,173000,190000,164000,174000,186000,314000,157000,142000,157000,190000,167000,149000,145000,169000,158000,156000,139000,163000,137000,159000,145000,163000,
implies: 133000,138000,179000,200000,185000,327000,298000,162000,400000,161000,412000,268000,163000,398000,
not_and: 266000,206000,196000,
not_not: 128000,132000,134000,
parsing: 117560000,
aci_simp: 1006000,1215000,1187000,1110000,965000,1091000,1036000,1378000,1039000,1215000,1088000,1396000,1419000,952000,1070000,1045000,965000,1079000,1107000,971000,1074000,1075000,1163000,1099000,1130000,1252000,1107000,1237000,1092000,945000,1059000,1024000,953000,1067000,1085000,975000,1083000,1183000,1263000,1096000,1244000,1111000,978000,1091000,1057000,968000,1409000,1057000,995000,1115000,1074000,1368000,1122000,1269000,1168000,
evaluate: 216000,202000,207000,203000,206000,220000,196000,207000,226000,217000,210000,197000,200000,204000,208000,222000,
onepoint: 1132000,1028000,1024000,1039000,1047000,1114000,1028000,1012000,1027000,1045000,1024000,1029000,1064000,
qnt_join: 334000,276000,280000,272000,241000,241000,269000,242000,231000,270000,259000,239000,282000,
subproof: 1071000,1095000,1105000,1138000,9594000,1326000,1345000,1247000,1208000,1475000,2378000,1135000,1476000,2221000,1211000,1490000,2293000,
and_intro: 112000,158000,304000,199000,235000,
equiv_pos2: 266000,230000,186000,129000,127000,136000,547000,195000,134000,133000,140000,534000,28000,542000,188000,145000,152000,140000,242000,30000,143000,147000,153000,184000,195000,441000,447000,651000,150000,151000,182000,187000,438000,442000,640000,26000,175000,154000,186000,197000,446000,443000,20834000,304000,
reordering: 264000,256000,388000,390000,234000,220000,229000,734000,400000,1225000,215000,239000,721000,413000,1493000,728000,417000,210000,223000,290000,601000,684000,233000,237000,504000,215000,595000,229000,227000,478000,692000,221000,216000,1066000,
resolution: 202000,198000,225000,255000,283000,318000,1352000,287000,232000,224000,350000,169000,236000,235000,353000,156000,184000,363000,255000,241000,514000,171000,256000,248000,512000,157000,196000,221000,289000,336000,593000,347000,224000,187000,226000,289000,162000,162000,181000,337000,294000,269000,309000,178000,330000,350000,512000,965000,3470000,226000,239000,298000,294000,1702000,165000,235000,178000,221000,297000,162000,158000,175000,305000,307000,263000,341000,159000,208000,344000,386000,580000,200000,432000,411000,1727000,184000,358000,385000,533000,178000,226000,296000,165000,156000,173000,304000,306000,265000,327000,490000,1448000,205000,210000,255000,246000,771000,164000,164000,205000,163000,344000,348000,816000,179000,225000,274000,263000,306000,330000,252000,298000,153000,158000,171000,220000,277000,166000,189000,277000,380000,423000,487000,635000,692000,660000,742000,475000,1416000,202000,221000,255000,244000,754000,165000,163000,208000,177000,211000,258000,261000,306000,338000,216000,250000,152000,157000,183000,222000,283000,154000,178000,277000,360000,408000,483000,635000,661000,371000,415000,159000,377000,339000,787000,177000,213000,274000,261000,309000,327000,223000,264000,159000,157000,185000,221000,290000,157000,188000,277000,372000,421000,486000,636000,667000,374000,426000,
sko_forall: 1147000,1156000,1310000,
contraction: 196000,192000,183000,206000,228000,260000,230000,257000,316000,248000,1134000,319000,438000,244000,445000,561000,252000,441000,245000,304000,328000,379000,260000,650000,451000,288000,308000,248000,662000,351000,394000,250000,659000,
forall_inst: 827000,725000,761000,767000,1280000,789000,1262000,1223000,795000,759000,819000,1020000,716000,782000,1036000,753000,807000,1057000,
implies_neg1: 168000,174000,187000,198000,246000,268000,382000,228000,292000,211000,585000,202000,629000,220000,213000,615000,593000,
implies_neg2: 166000,173000,177000,178000,232000,190000,393000,172000,299000,203000,524000,161000,203000,523000,303000,200000,528000,
__local_input: 20000,29000,20000,79000,21000,22000,28000,21000,24000,77000,126000,29000,22000,22000,40000,20000,20000,77000,34000,22000,22000,23000,23000,24000,82000,26000,21000,22000,87000,30000,21000,23000,76000,119000,209000,148000,203000,25000,20000,21000,71000,133000,210000,34000,55000,37000,115000,
qnt_rm_unused: 503000,2928000,382000,2039000,390000,2149000,389000,2071000,318000,1367000,332000,1377000,379000,2218000,319000,1389000,319000,1359000,373000,2020000,321000,1416000,351000,1371000,387000,2148000,
equiv_simplify: 207000,196000,187000,213000,184000,187000,210000,188000,200000,200000,192000,192000,193000,200000,180000,195000,197000,184000,227000,220000,183000,189000,181000,190000,190000,190000,185000,181000,
implies_simplify: 350000,298000,301000,
__normalized_input: 20524000,12668000,11016000,10541000,10684000,9926000,11294000,5355000,4677000,4834000,3642000,2273000,2163000,2048000,965000,
rare_rewrite_eq-refl: 89000,87000,85000,108000,71000,73000,83000,75000,71000,81000,69000,71000,88000,
rare_rewrite_eq-symm: 92000,89000,94000,95000,95000,89000,96000,90000,97000,91000,89000,88000,152000,
rare_rewrite_or-not-refl: 6238000,6294000,6290000,6321000,6283000,6243000,6450000,6104000,6143000,6112000,6221000,6330000,6428000,
rare_rewrite_bool-impl-elim: 6220000,6160000,7401000,6291000,7189000,7099000,17691000,6181000,6117000,6551000,6698000,6517000,6124000,6030000,6100000,6454000,6621000,6307000,6537000,6187000,7071000,6674000,
rare_rewrite_bool-impl-false1: 5961000,6300000,16632000,6418000,6082000,6381000,
rare_rewrite_bool-or-de-morgan: 5927000,6133000,6327000,6511000,6534000,6854000,6927000,5902000,6139000,6250000,6439000,6561000,6601000,6785000,6094000,6029000,6243000,6462000,6487000,6704000,9245000,
rare_rewrite_bool-and-de-morgan: 19110000,9304000,6030000,6021000,6112000,6156000,6033000,6008000,5939000,5975000,6317000,5913000,6161000,5812000,6184000,5906000,5866000,5755000,5764000,6083000,6342000,6502000,6046000,5931000,6003000,6304000,6629000,5889000,6310000,
rare_rewrite_bool-double-not-elim: 112000,106000,153000,127000,133000,109000,129000,145000,134000,108000,109000,113000,107000,99000,107000,102000,104000,122000,102000,108000,107000,119000,103000,140000,282000,

