1; Draft.Scratch_smt_check_7_22444; 2026-04-10 13:47:45.576;
bind: 220000,515000,527000,537000,547000,523000,563000,587000,312000,315000,184000,253000,190000,183000,259000,197000,181000,209000,180000,537000,529000,503000,553000,1017000,1013000,1050000,469000,515000,317000,341000,320000,207000,276000,192000,233000,229000,206000,150000,186000,186000,
cong: 53000,84000,481000,66000,587000,125000,68000,69000,115000,399000,68000,700000,143000,145000,155000,558000,350000,329000,296000,268000,342000,998000,69000,96000,67000,94000,72000,83000,60000,78000,463000,71000,524000,122000,60000,64000,82000,356000,69000,1106000,217000,210000,217000,919000,644000,596000,501000,458000,604000,1164000,114000,170000,95000,171000,112000,89000,71000,92000,609000,529000,115000,93000,53000,77000,58000,118000,48000,43000,62000,50000,50000,56000,124000,128000,56000,90000,
refl: 24000,89000,61000,84000,54000,25000,80000,50000,29000,51000,68000,1252000,75000,37000,76000,72000,86000,69000,88000,70000,83000,49000,26000,79000,55000,33000,57000,69000,2152000,124000,64000,260000,124000,175000,128000,90000,53000,32000,64000,45000,16000,26000,
symm: 503000,1043000,88000,108000,85000,86000,
trans: 595000,509000,513000,500000,506000,545000,107000,527000,539000,592000,501000,196000,181000,195000,501000,524000,572000,477000,427000,361000,603000,510000,234000,154000,151000,165000,142000,132000,154000,156000,162000,141000,162000,158000,161000,129000,544000,495000,521000,498000,550000,513000,109000,532000,569000,13322000,971000,298000,285000,385000,940000,1135000,952000,905000,771000,774000,978000,1080000,392000,269000,300000,301000,279000,270000,159000,157000,190000,146000,153000,143000,159000,152000,165000,114000,146000,149000,134000,145000,92000,105000,
choice: 28000,66000,
equiv1: 112000,
or_neg: 172000,187000,154000,
or_pos: 568000,
and_pos: 113000,123000,122000,
implies: 487000,142000,
parsing: 151819000,
aci_simp: 1724000,1727000,1632000,1126000,1380000,1013000,1939000,1746000,2993000,3026000,1984000,1041000,1155000,1677000,1195000,1091000,950000,
evaluate: 250000,234000,
onepoint: 3718000,3947000,
qnt_join: 536000,993000,
subproof: 1675000,1157000,
equiv_pos2: 108000,502000,502000,867000,42000,34000,70000,38000,40000,145000,126000,110000,
reordering: 181000,192000,189000,792000,202000,
resolution: 190000,233000,209000,349000,497000,583000,557000,665000,915000,909000,533000,498000,189000,235000,193000,227000,268000,192000,200000,213000,249000,269000,307000,331000,275000,179000,281000,
sko_forall: 2033000,
contraction: 842000,233000,240000,
forall_inst: 1132000,724000,
implies_neg1: 704000,200000,
implies_neg2: 720000,166000,
__local_input: 138000,54000,
miniscope_split: 280000,266000,264000,531000,272000,268000,241000,
__normalized_input: 1553000,866000,722000,499000,540000,473000,485000,521000,973000,
rare_rewrite_eq-refl: 110000,112000,90000,
rare_rewrite_eq-symm: 110000,141000,84000,119000,121000,121000,120000,131000,253000,164000,189000,133000,122000,137000,97000,97000,98000,94000,
rare_rewrite_or-not-refl: 9398000,14786000,
rare_rewrite_bool-eq-false: 7207000,
rare_rewrite_bool-impl-elim: 6440000,
rare_rewrite_bool-impl-false1: 7734000,7356000,7087000,7410000,6988000,9054000,12924000,12929000,7971000,7112000,7344000,8259000,
rare_rewrite_bool-or-de-morgan: 7416000,7429000,8238000,12912000,13319000,13253000,
rare_rewrite_bool-and-de-morgan: 7867000,8212000,7906000,7997000,8724000,7476000,7863000,7111000,7102000,13539000,13831000,14134000,14979000,14621000,14634000,13023000,7866000,8221000,
rare_rewrite_bool-double-not-elim: 128000,128000,171000,138000,227000,235000,237000,232000,127000,

