1; Draft.Scratch_smt_check_7_4727; 2026-04-10 13:51:15.991;
bind: 456000,455000,295000,261000,274000,453000,454000,458000,265000,259000,280000,463000,474000,264000,302000,328000,460000,451000,448000,454000,270000,256000,264000,456000,438000,273000,306000,289000,450000,507000,
cong: 169000,170000,44000,45000,35000,230000,363000,217000,387000,64000,92000,210000,215000,156000,138000,142000,98000,97000,92000,163000,45000,50000,372000,135000,392000,62000,80000,67000,65000,84000,70000,65000,68000,114000,53000,88000,61000,59000,52000,198000,204000,223000,159000,140000,145000,98000,168000,179000,52000,46000,32000,239000,358000,214000,419000,65000,104000,208000,247000,208000,189000,154000,103000,97000,96000,167000,51000,61000,364000,88000,385000,65000,80000,69000,67000,82000,64000,71000,68000,121000,50000,92000,61000,53000,54000,197000,206000,248000,156000,140000,148000,185000,42000,45000,358000,384000,65000,96000,200000,206000,225000,162000,142000,215000,170000,218000,43000,44000,35000,239000,370000,82000,215000,405000,70000,212000,71000,69000,84000,70000,90000,61000,87000,48000,71000,60000,56000,54000,205000,217000,159000,147000,144000,101000,102000,94000,224000,38000,80000,161000,169000,50000,46000,33000,250000,347000,210000,382000,65000,96000,223000,239000,159000,141000,141000,264000,100000,98000,159000,45000,46000,35000,363000,79000,380000,64000,81000,70000,67000,82000,68000,72000,68000,90000,51000,76000,61000,53000,49000,195000,205000,220000,164000,142000,140000,170000,42000,46000,36000,359000,376000,62000,92000,195000,195000,234000,154000,141000,144000,163000,182000,76000,50000,34000,241000,358000,84000,222000,396000,69000,85000,70000,64000,78000,64000,67000,63000,83000,51000,68000,65000,58000,56000,209000,221000,155000,140000,154000,107000,102000,110000,481000,
refl: 29000,28000,31000,35000,40000,59000,66000,20000,56000,19000,26000,20000,31000,32000,38000,139000,25000,31000,31000,34000,37000,63000,71000,20000,18000,20000,28000,31000,33000,35000,39000,125000,30000,40000,33000,39000,123000,59000,65000,29000,21000,21000,19000,23000,20000,33000,34000,40000,26000,27000,26000,29000,31000,36000,39000,59000,65000,26000,20000,19000,20000,25000,19000,33000,34000,39000,127000,65000,29000,31000,34000,38000,122000,62000,70000,28000,21000,19000,25000,25000,22000,33000,34000,40000,88000,
symm: 172000,162000,164000,239000,181000,185000,178000,157000,182000,166000,231000,189000,162000,179000,164000,
trans: 515000,178000,532000,503000,414000,424000,364000,352000,359000,327000,314000,364000,341000,315000,471000,490000,178000,192000,394000,407000,443000,417000,365000,348000,384000,331000,366000,225000,172000,540000,170000,485000,410000,411000,421000,353000,399000,364000,336000,336000,357000,369000,339000,508000,481000,193000,225000,404000,404000,411000,422000,540000,363000,352000,337000,338000,498000,503000,439000,405000,419000,423000,336000,371000,362000,389000,321000,528000,172000,498000,188000,194000,411000,419000,424000,350000,370000,356000,330000,313000,341000,337000,338000,179000,229000,176000,491000,167000,481000,422000,401000,425000,344000,493000,353000,328000,322000,348000,340000,345000,486000,175000,565000,183000,205000,399000,396000,397000,423000,342000,358000,344000,324000,327000,529000,197000,481000,401000,422000,399000,416000,343000,363000,591000,323000,322000,530000,162000,471000,178000,288000,447000,394000,423000,345000,357000,371000,338000,335000,771000,398000,345000,
equiv1: 157000,170000,203000,164000,330000,188000,177000,158000,188000,160000,199000,344000,198000,193000,189000,169000,196000,183000,
equiv2: 161000,161000,251000,156000,164000,6954000,178000,225000,167000,160000,231000,
not_or: 403000,435000,441000,384000,449000,424000,436000,387000,463000,451000,446000,412000,412000,422000,427000,363000,440000,408000,362000,427000,
or_neg: 277000,269000,314000,261000,289000,301000,298000,303000,
and_pos: 271000,243000,239000,273000,261000,253000,263000,258000,306000,380000,248000,279000,248000,246000,283000,280000,
implies: 356000,360000,
not_and: 290000,302000,
not_not: 269000,249000,330000,230000,215000,194000,177000,219000,480000,
parsing: 38789000,
aci_simp: 1248000,1096000,1076000,1225000,1333000,1281000,1251000,1227000,1315000,1270000,1420000,1250000,1127000,1137000,1146000,1339000,1400000,1079000,1123000,1250000,1202000,1510000,1606000,1258000,1635000,
evaluate: 281000,306000,
subproof: 1309000,1639000,1407000,1367000,
and_intro: 296000,306000,
equiv_pos2: 266000,54000,284000,271000,53000,276000,30000,261000,58000,300000,180000,273000,53000,289000,31000,262000,56000,530000,358000,
reordering: 197000,219000,526000,385000,800000,527000,836000,544000,220000,412000,768000,526000,847000,521000,
resolution: 300000,331000,218000,246000,401000,271000,376000,362000,529000,318000,678000,340000,611000,1678000,296000,312000,346000,359000,876000,247000,250000,300000,229000,231000,250000,384000,309000,536000,347000,707000,353000,356000,478000,457000,975000,388000,305000,822000,262000,526000,313000,337000,267000,654000,1723000,313000,323000,360000,366000,899000,236000,248000,260000,234000,283000,270000,260000,264000,431000,251000,487000,323000,657000,308000,338000,308000,487000,441000,954000,418000,270000,648000,316000,299000,536000,299000,344000,
contraction: 551000,350000,419000,448000,583000,583000,358000,412000,455000,512000,
implies_neg1: 327000,442000,344000,951000,
implies_neg2: 274000,458000,280000,450000,
__local_input: 55000,33000,38000,165000,42000,39000,68000,153000,52000,45000,80000,169000,72000,84000,85000,301000,
connective_def: 512000,534000,528000,524000,528000,
equiv_simplify: 298000,305000,223000,255000,300000,451000,299000,279000,304000,243000,244000,276000,294000,309000,295000,290000,
miniscope_split: 2138000,1952000,1932000,1978000,2234000,1957000,1906000,1952000,1966000,1998000,
implies_simplify: 423000,442000,
__normalized_input: 64438000,18440000,2581000,2963000,2317000,1891000,1956000,1801000,1960000,2543000,
rare_rewrite_eq-refl: 200000,174000,196000,207000,172000,177000,176000,161000,
rare_rewrite_eq-symm: 234000,260000,261000,250000,238000,
rare_rewrite_bool-impl-false1: 14541000,6917000,7831000,7248000,6385000,6852000,6600000,7191000,46338000,29012000,
rare_rewrite_bool-and-de-morgan: 6165000,6482000,6636000,6957000,6226000,6436000,6678000,6978000,6473000,6451000,7110000,6979000,6597000,6930000,7024000,6998000,6512000,7756000,6935000,7373000,6350000,6177000,6449000,7178000,6062000,6355000,6753000,17254000,6090000,6250000,6267000,6721000,7162000,7006000,6741000,7475000,7458000,8047000,8708000,8379000,
rare_rewrite_bool-double-not-elim: 209000,384000,176000,187000,395000,183000,402000,182000,182000,179000,384000,186000,388000,178000,192000,376000,332000,489000,

