1; Draft.Scratch_smt_check_7_15981; 2026-04-10 13:51:14.904;
cong: 306000,170000,175000,62000,70000,100000,48000,37000,178000,99000,96000,100000,49000,171000,104000,194000,
refl: 37000,76000,37000,40000,32000,
symm: 364000,332000,493000,316000,
false: 22000,
trans: 362000,479000,417000,563000,532000,2503000,334000,482000,523000,548000,505000,
equiv1: 298000,
equiv2: 373000,394000,
implies: 448000,
not_not: 407000,
parsing: 1338000,
evaluate: 509000,531000,657000,
subproof: 2310000,
equiv_pos2: 379000,411000,60000,50000,166000,166000,65000,
resolution: 409000,495000,472000,525000,609000,666000,842000,728000,587000,573000,475000,741000,568000,476000,564000,611000,
contraction: 682000,
forall_inst: 1788000,
implies_neg1: 705000,
implies_neg2: 555000,
__local_input: 258000,
equiv_simplify: 554000,441000,551000,
__normalized_input: 2892000,2318000,2381000,1991000,2057000,2268000,
rare_rewrite_eq-symm: 379000,511000,343000,481000,507000,530000,
rare_rewrite_bool-eq-true: 12005000,
rare_rewrite_bool-eq-false: 13894000,27201000,12411000,

