1; Draft.Scratch_smt_check_7_31515; 2026-04-10 13:51:15.417;
bind: 998000,916000,865000,874000,941000,849000,568000,551000,
cong: 444000,410000,59000,62000,34000,43000,44000,32000,43000,25000,549000,774000,612000,120000,138000,479000,714000,517000,100000,127000,112000,131000,83000,94000,50000,49000,74000,108000,76000,455000,800000,101000,851000,115000,448000,342000,314000,302000,277000,251000,212000,173000,322000,764000,82000,98000,63000,103000,363000,147000,
refl: 336000,25000,19000,26000,36000,43000,38000,36000,52000,46000,43000,46000,28000,28000,43000,37000,42000,33000,46000,49000,32000,39000,30000,
symm: 173000,
trans: 996000,233000,956000,772000,788000,749000,773000,784000,723000,272000,713000,687000,691000,682000,615000,569000,549000,437000,354000,662000,662000,197000,
equiv1: 192000,
not_or: 576000,
or_pos: 535000,
implies: 446000,
parsing: 24367000,
aci_simp: 2013000,1669000,1655000,
subproof: 4602000,
equiv_pos2: 90000,1221000,68000,58000,238000,249000,377000,
reordering: 574000,554000,
resolution: 299000,314000,798000,346000,387000,457000,520000,601000,717000,715000,779000,519000,618000,
contraction: 650000,
forall_inst: 1569000,
implies_neg1: 602000,
implies_neg2: 558000,
__local_input: 379000,
equiv_simplify: 300000,
miniscope_split: 1451000,
__normalized_input: 19179000,18994000,18202000,2753000,1943000,1799000,1829000,
rare_rewrite_eq-refl: 178000,
rare_rewrite_eq-symm: 299000,388000,212000,178000,147000,156000,191000,358000,
rare_rewrite_bool-impl-elim: 12163000,12238000,
rare_rewrite_bool-impl-false1: 7842000,28953000,
rare_rewrite_bool-not-eq-elim1: 6676000,6537000,
rare_rewrite_bool-and-de-morgan: 6373000,6580000,7007000,7332000,7315000,7438000,7660000,7789000,
rare_rewrite_bool-double-not-elim: 181000,323000,
rare_rewrite_bool-implies-de-morgan: 6943000,6474000,

