1; Draft.Scratch_smt_check_7_9834; 2026-04-10 13:50:55.601;
bind: 658000,354000,
cong: 231000,201000,155000,
refl: 57000,42000,
trans: 533000,472000,236000,267000,
or_pos: 291000,
implies: 246000,271000,
parsing: 2669000,
aci_simp: 2022000,1104000,
subproof: 1135000,1665000,
equiv_pos2: 362000,244000,54000,215000,
reordering: 288000,348000,
resolution: 582000,592000,326000,234000,239000,338000,387000,359000,266000,456000,495000,321000,349000,
contraction: 349000,397000,
forall_inst: 866000,849000,
implies_neg1: 317000,369000,
implies_neg2: 307000,349000,
__local_input: 125000,216000,
__normalized_input: 2287000,1131000,469000,440000,568000,
rare_rewrite_eq-symm: 218000,
rare_rewrite_bool-impl-elim: 10890000,6192000,
rare_rewrite_bool-and-de-morgan: 11360000,6058000,

