1; Draft.Scratch_smt_check_7_11781; 2026-04-10 13:48:55.000;
bind: 973000,1004000,552000,548000,555000,562000,
cong: 544000,84000,119000,544000,784000,387000,366000,317000,299000,262000,304000,467000,69000,152000,143000,121000,115000,295000,65000,87000,316000,546000,253000,221000,192000,169000,173000,309000,476000,76000,153000,143000,137000,113000,529000,543000,75000,72000,
refl: 60000,76000,70000,43000,38000,39000,73000,37000,61000,73000,87000,35000,41000,33000,31000,30000,41000,75000,24000,21000,24000,33000,25000,38000,37000,45000,33000,41000,29000,39000,26000,39000,25000,22000,26000,40000,
trans: 948000,907000,818000,864000,742000,820000,757000,700000,614000,561000,496000,392000,400000,371000,325000,288000,504000,504000,436000,461000,396000,420000,404000,377000,329000,299000,293000,391000,402000,402000,340000,346000,451000,99000,
or_pos: 437000,
implies: 479000,
parsing: 45862000,
aci_simp: 3042000,2443000,1309000,1194000,1115000,1072000,1198000,1613000,1341000,1505000,1239000,1196000,1074000,1251000,1337000,
evaluate: 288000,
not_symm: 84000,
subproof: 2971000,
equiv_pos2: 404000,367000,683000,
reordering: 717000,
resolution: 990000,728000,639000,545000,758000,1135000,721000,435000,
contraction: 748000,
forall_inst: 1084000,
implies_neg1: 691000,
implies_neg2: 749000,
__local_input: 146000,
__normalized_input: 4053000,1108000,986000,975000,929000,870000,908000,835000,1153000,
rare_rewrite_eq-refl: 140000,
rare_rewrite_eq-symm: 129000,108000,126000,123000,130000,
rare_rewrite_bool-impl-elim: 12923000,7362000,
rare_rewrite_bool-and-de-morgan: 11649000,16334000,12107000,12430000,12348000,12936000,6381000,6457000,6540000,6546000,6748000,7157000,
rare_rewrite_bool-double-not-elim: 197000,173000,210000,107000,91000,117000,

