1; Draft.Scratch_smt_check_7_20538; 2026-04-10 13:47:36.613;
and: 144000,140000,136000,
bind: 244000,217000,244000,219000,142000,176000,215000,177000,308000,303000,178000,200000,180000,289000,269000,139000,135000,173000,200000,181000,294000,276000,153000,173000,311000,318000,234000,238000,309000,319000,244000,246000,257000,251000,307000,303000,499000,526000,391000,319000,
cong: 148000,112000,141000,105000,235000,121000,110000,54000,52000,195000,107000,54000,162000,150000,198000,91000,64000,155000,131000,93000,49000,54000,52000,54000,191000,91000,57000,154000,132000,181000,55000,118000,65000,123000,122000,136000,122000,144000,412000,208000,200000,113000,100000,128000,84000,94000,85000,88000,241000,134000,132000,78000,77000,107000,58000,125000,146000,122000,146000,405000,220000,210000,118000,102000,137000,77000,96000,84000,98000,264000,141000,146000,77000,79000,95000,67000,161000,203000,200000,322000,71000,97000,71000,97000,311000,142000,144000,79000,76000,61000,61000,114000,140000,115000,138000,416000,212000,201000,122000,109000,124000,310000,216000,216000,298000,162000,152000,217000,212000,187000,212000,692000,372000,316000,203000,163000,219000,121000,147000,119000,151000,471000,210000,210000,117000,104000,134000,369000,
refl: 55000,54000,32000,310000,92000,95000,48000,31000,526000,86000,92000,40000,27000,32000,305000,82000,88000,42000,33000,36000,27000,35000,30000,28000,39000,28000,26000,37000,31000,30000,42000,29000,22000,62000,30000,31000,42000,30000,27000,35000,42000,61000,46000,62000,27000,27000,40000,
symm: 166000,218000,160000,206000,92000,161000,207000,99000,163000,255000,211000,249000,
trans: 199000,171000,216000,174000,168000,211000,207000,232000,160000,113000,88000,179000,154000,195000,180000,257000,168000,131000,215000,213000,235000,163000,116000,101000,170000,157000,180000,186000,263000,156000,207000,220000,226000,166000,115000,84000,173000,148000,181000,177000,254000,156000,112000,126000,119000,104000,121000,122000,133000,113000,177000,146000,116000,117000,726000,114000,111000,171000,146000,218000,231000,213000,122000,198000,113000,132000,117000,150000,175000,179000,378000,346000,360000,222000,332000,256000,183000,212000,193000,196000,417000,280000,286000,122000,138000,115000,114000,171000,146000,
equiv1: 191000,279000,154000,99000,288000,213000,167000,
equiv2: 119000,88000,
or_neg: 160000,175000,167000,136000,215000,211000,210000,230000,144000,145000,184000,176000,206000,228000,217000,245000,225000,
or_pos: 242000,229000,221000,240000,191000,202000,197000,
and_pos: 200000,133000,141000,169000,130000,146000,142000,153000,180000,186000,186000,203000,159000,189000,194000,198000,204000,155000,192000,202000,197000,213000,347000,195000,194000,204000,201000,169000,
implies: 189000,204000,291000,227000,283000,224000,155000,199000,310000,221000,296000,228000,506000,294000,124000,291000,
not_and: 188000,237000,248000,
not_not: 128000,
parsing: 70102000,
aci_simp: 928000,1039000,928000,1015000,909000,1037000,
evaluate: 255000,222000,202000,200000,352000,300000,325000,403000,164000,242000,334000,327000,318000,445000,251000,392000,721000,679000,607000,348000,
not_symm: 134000,102000,150000,
onepoint: 1210000,1033000,1049000,
qnt_join: 205000,207000,202000,
subproof: 1215000,1138000,1198000,1278000,1227000,1219000,1091000,1290000,1245000,1330000,1177000,1298000,6966000,1980000,2309000,1687000,1107000,1393000,
and_intro: 151000,173000,138000,235000,169000,223000,
poly_simp: 1919000,1820000,1859000,1849000,1994000,1895000,2656000,1825000,1801000,1890000,1864000,1946000,1958000,1861000,1818000,1889000,1850000,2427000,1859000,1796000,1910000,2074000,2274000,3433000,2109000,3743000,2082000,1991000,2091000,1912000,1922000,1819000,1893000,2525000,2136000,1817000,4187000,5972000,7653000,3165000,3193000,3318000,3183000,4578000,3331000,3262000,4701000,2155000,1954000,2063000,1951000,2443000,1824000,1760000,
equiv_pos1: 80000,130000,81000,84000,187000,
equiv_pos2: 161000,159000,306000,75000,201000,205000,72000,27000,75000,200000,121000,57000,94000,110000,195000,205000,457000,139000,148000,148000,299000,72000,73000,67000,207000,201000,525000,114000,68000,150000,159000,308000,76000,72000,82000,174000,88000,155000,156000,343000,79000,73000,200000,208000,481000,118000,219000,46000,157000,41000,155000,232000,143000,123000,396000,370000,952000,222000,87000,195000,203000,473000,132000,237000,
la_generic: 9938000,13781000,
reordering: 262000,273000,276000,227000,423000,285000,464000,285000,262000,399000,225000,317000,210000,298000,323000,765000,399000,229000,332000,220000,317000,912000,346000,217000,312000,381000,226000,209000,184000,328000,809000,775000,555000,886000,391000,260000,
resolution: 223000,197000,204000,213000,238000,312000,313000,383000,403000,244000,305000,194000,150000,212000,223000,267000,317000,357000,361000,192000,205000,249000,240000,556000,169000,154000,217000,245000,324000,199000,151000,155000,205000,312000,302000,576000,151000,207000,234000,259000,287000,171000,164000,269000,196000,176000,265000,294000,163000,253000,266000,343000,437000,571000,523000,276000,342000,241000,202000,202000,176000,277000,220000,269000,332000,411000,385000,221000,277000,261000,549000,1542000,320000,262000,322000,307000,894000,132000,204000,233000,247000,176000,316000,232000,192000,345000,441000,172000,171000,259000,271000,327000,450000,564000,566000,286000,330000,254000,220000,230000,187000,291000,223000,275000,342000,442000,388000,228000,300000,291000,213000,215000,213000,286000,507000,487000,1033000,267000,223000,206000,184000,294000,223000,282000,356000,395000,397000,238000,280000,282000,173000,244000,259000,359000,441000,568000,536000,272000,359000,379000,405000,544000,1571000,255000,261000,328000,310000,919000,215000,324000,353000,297000,328000,342000,307000,506000,309000,271000,454000,471000,328000,300000,371000,419000,506000,743000,986000,894000,437000,588000,509000,482000,1042000,185000,296000,289000,208000,224000,256000,351000,439000,571000,697000,312000,345000,
contraction: 308000,297000,194000,239000,292000,308000,492000,371000,506000,289000,356000,213000,484000,344000,430000,509000,348000,488000,272000,510000,264000,363000,255000,1013000,450000,464000,189000,498000,
forall_inst: 753000,684000,871000,786000,727000,674000,780000,682000,743000,930000,747000,800000,900000,806000,1125000,828000,847000,936000,1623000,930000,
la_mult_neg: 250000,389000,397000,
implies_neg1: 254000,197000,255000,429000,278000,442000,294000,190000,312000,299000,439000,406000,216000,794000,303000,180000,434000,417000,
implies_neg2: 262000,150000,259000,474000,302000,208000,135000,474000,372000,418000,312000,479000,196000,184000,880000,428000,157000,485000,
__local_input: 88000,23000,30000,58000,31000,34000,57000,108000,99000,112000,112000,84000,23000,41000,37000,62000,96000,111000,30000,43000,51000,37000,79000,175000,27000,30000,22000,58000,73000,117000,25000,19000,48000,38000,
comp_simplify: 1847000,1392000,2719000,
poly_simp_rel: 1033000,1031000,1030000,1052000,1098000,1038000,1085000,972000,984000,1146000,1071000,1036000,1034000,1030000,1033000,1069000,1013000,1140000,1100000,1489000,1045000,1009000,1214000,1064000,1088000,1077000,1041000,1115000,1860000,1908000,1867000,1837000,1928000,1964000,1959000,1437000,1150000,1171000,1095000,1082000,
qnt_rm_unused: 304000,1368000,387000,1401000,307000,1271000,
equiv_simplify: 193000,163000,181000,314000,
la_disequality: 63000,67000,
implies_simplify: 256000,373000,234000,358000,340000,
__normalized_input: 10395000,10225000,9660000,3602000,3504000,4439000,29719000,2065000,1495000,1383000,1124000,910000,1179000,
miniscope_distribute: 462000,460000,451000,
rare_rewrite_eq-refl: 96000,132000,87000,
rare_rewrite_eq-symm: 128000,126000,165000,115000,120000,
rare_rewrite_or-not-refl: 6870000,7049000,6591000,
rare_rewrite_arith-elim-lt: 8108000,11974000,11312000,
rare_rewrite_arith-elim-leq: 6229000,6400000,6451000,6259000,6409000,7230000,6447000,6501000,6932000,6434000,6174000,6405000,6565000,6637000,6319000,6517000,11172000,11499000,11254000,14221000,11045000,6836000,6674000,6435000,6056000,
rare_rewrite_arith-leq-norm: 6793000,
rare_rewrite_bool-impl-elim: 6905000,6941000,7470000,6644000,6406000,
rare_rewrite_bool-or-and-distrib: 6886000,6541000,6558000,
rare_rewrite_bool-double-not-elim: 128000,123000,117000,131000,88000,248000,146000,
rare_rewrite_bool-implies-de-morgan: 7140000,6534000,6165000,

