1; Draft.Scratch_smt_check_7_11109; 2026-04-10 13:47:36.673;
bind: 388000,465000,424000,392000,456000,404000,202000,198000,196000,216000,246000,146000,143000,150000,306000,291000,155000,137000,212000,216000,188000,208000,200000,204000,205000,211000,220000,214000,411000,578000,510000,404000,401000,413000,215000,253000,435000,439000,705000,801000,767000,723000,767000,726000,233000,254000,233000,246000,200000,202000,
cong: 492000,322000,169000,492000,265000,106000,241000,139000,84000,57000,224000,249000,159000,83000,75000,236000,102000,74000,94000,221000,258000,255000,248000,195000,116000,80000,241000,105000,76000,95000,192000,197000,440000,226000,470000,233000,88000,104000,89000,197000,81000,102000,99000,124000,68000,80000,103000,103000,88000,69000,116000,89000,92000,630000,153000,85000,78000,129000,155000,75000,151000,89000,94000,127000,107000,122000,82000,81000,72000,121000,78000,175000,89000,73000,118000,79000,109000,75000,202000,86000,73000,104000,113000,197000,98000,196000,77000,89000,100000,82000,105000,92000,135000,79000,85000,80000,90000,92000,88000,117000,46000,437000,92000,93000,237000,97000,99000,218000,87000,42000,134000,205000,205000,221000,186000,99000,94000,141000,87000,44000,101000,95000,205000,159000,210000,208000,155000,241000,252000,174000,86000,78000,246000,107000,83000,101000,219000,288000,233000,251000,151000,78000,81000,269000,109000,76000,104000,179000,266000,495000,319000,170000,513000,273000,101000,140000,124000,71000,85000,90000,229000,113000,139000,115000,431000,229000,153000,152000,139000,381000,407000,262000,129000,115000,395000,244000,124000,158000,288000,296000,386000,444000,277000,146000,114000,416000,180000,125000,146000,285000,305000,870000,544000,307000,849000,461000,180000,277000,121000,67000,79000,81000,121000,74000,78000,74000,233000,133000,84000,89000,92000,95000,90000,193000,700000,
ite1: 162000,164000,
refl: 56000,71000,67000,23000,27000,19000,37000,33000,66000,61000,27000,26000,20000,39000,31000,28000,27000,34000,21000,28000,26000,72000,44000,39000,30000,59000,71000,28000,30000,30000,25000,33000,34000,37000,65000,34000,22000,35000,20000,33000,25000,20000,28000,41000,38000,28000,39000,32000,70000,89000,29000,66000,60000,30000,27000,21000,39000,29000,69000,58000,21000,26000,22000,39000,36000,56000,68000,82000,35000,22000,32000,154000,33000,44000,33000,52000,151000,122000,35000,40000,32000,63000,47000,127000,111000,37000,35000,77000,58000,49000,108000,131000,130000,33000,21000,29000,34000,19000,25000,22000,33000,
symm: 73000,105000,113000,83000,107000,133000,101000,106000,71000,68000,61000,67000,205000,120000,117000,132000,108000,110000,113000,114000,135000,141000,129000,219000,61000,155000,
true: 64000,60000,
trans: 254000,221000,169000,337000,365000,346000,211000,176000,348000,360000,336000,215000,199000,243000,143000,143000,205000,191000,155000,130000,130000,119000,122000,126000,227000,228000,223000,120000,118000,129000,131000,140000,132000,131000,131000,147000,140000,125000,119000,122000,108000,144000,141000,142000,146000,113000,125000,99000,187000,188000,190000,121000,161000,204000,108000,134000,109000,143000,218000,217000,217000,221000,161000,178000,168000,155000,355000,410000,335000,225000,217000,355000,375000,344000,218000,194000,256000,225000,206000,429000,438000,372000,655000,688000,695000,400000,370000,650000,785000,646000,398000,311000,458000,389000,216000,217000,213000,146000,144000,
equiv1: 140000,175000,132000,242000,140000,118000,229000,94000,301000,268000,148000,107000,100000,310000,347000,
equiv2: 128000,129000,234000,128000,133000,272000,
or_neg: 171000,333000,312000,364000,309000,346000,316000,146000,126000,113000,136000,186000,190000,252000,257000,309000,264000,274000,279000,196000,190000,211000,357000,366000,367000,344000,361000,294000,166000,
or_pos: 239000,256000,
and_neg: 352000,190000,328000,
and_pos: 285000,237000,223000,253000,276000,242000,244000,237000,131000,139000,334000,298000,303000,303000,288000,319000,260000,236000,248000,236000,235000,292000,271000,195000,197000,207000,122000,144000,121000,178000,194000,216000,217000,246000,202000,194000,208000,116000,149000,165000,167000,181000,198000,193000,196000,348000,406000,413000,347000,363000,822000,748000,631000,653000,
implies: 390000,223000,292000,299000,351000,193000,401000,296000,240000,209000,127000,124000,130000,170000,164000,174000,154000,152000,232000,205000,130000,151000,143000,169000,138000,149000,166000,199000,471000,412000,234000,719000,772000,236000,151000,
not_and: 342000,207000,551000,
not_not: 132000,135000,134000,141000,
parsing: 145959000,
aci_simp: 1289000,
evaluate: 283000,144000,204000,326000,290000,286000,377000,144000,201000,271000,249000,301000,
not_symm: 95000,91000,101000,
subproof: 1282000,1116000,1252000,1243000,1422000,1118000,1032000,1322000,1216000,1218000,1137000,1127000,1056000,1054000,1105000,1095000,1152000,1078000,1129000,1181000,1198000,1116000,1068000,1269000,1081000,1273000,1061000,1090000,1581000,1372000,1258000,2620000,2527000,1176000,1063000,
and_intro: 241000,138000,239000,268000,183000,166000,122000,194000,106000,99000,101000,140000,248000,367000,
poly_simp: 1882000,1944000,1919000,1533000,1813000,1881000,1981000,1647000,2044000,1733000,2070000,2029000,1685000,1904000,2097000,3014000,1817000,1857000,2291000,2452000,4163000,2320000,2319000,2586000,1987000,2264000,1604000,2268000,1658000,2487000,2440000,1795000,2115000,1616000,2209000,2364000,1785000,2892000,4193000,3705000,1833000,2438000,1856000,2440000,1658000,2914000,3036000,2983000,1766000,5430000,2710000,2959000,2619000,1688000,1944000,1730000,2338000,1736000,2012000,1843000,2044000,2020000,3340000,3408000,3200000,3595000,3253000,3578000,2964000,3403000,3205000,3556000,3408000,3274000,2284000,1693000,2109000,1627000,2579000,
equiv_pos1: 134000,68000,41000,39000,53000,58000,55000,
equiv_pos2: 576000,588000,293000,72000,160000,284000,286000,519000,519000,122000,128000,232000,124000,162000,62000,84000,66000,58000,80000,80000,81000,422000,270000,171000,134000,151000,39000,51000,88000,88000,136000,38000,213000,135000,140000,206000,114000,239000,227000,61000,226000,84000,80000,83000,79000,55000,70000,60000,304000,120000,126000,228000,124000,132000,237000,78000,66000,126000,184000,341000,75000,122000,123000,228000,81000,156000,94000,281000,290000,582000,586000,163000,338000,578000,145000,308000,153000,563000,554000,1212000,608000,156000,160000,291000,76000,71000,153000,117000,123000,210000,517000,
la_generic: 7376000,10772000,
reordering: 291000,570000,477000,1034000,1086000,502000,291000,286000,264000,505000,273000,1976000,1069000,777000,633000,176000,179000,176000,223000,187000,250000,252000,261000,321000,309000,324000,384000,834000,616000,288000,493000,547000,571000,2182000,612000,1272000,3089000,297000,559000,
resolution: 251000,275000,269000,489000,518000,661000,578000,333000,209000,187000,195000,319000,369000,351000,236000,202000,198000,265000,169000,1858000,570000,482000,409000,1058000,214000,480000,424000,1126000,249000,373000,482000,505000,647000,521000,256000,373000,185000,155000,206000,190000,228000,292000,340000,326000,183000,248000,220000,181000,267000,799000,267000,155000,220000,959000,3202000,335000,208000,251000,236000,390000,123000,230000,199000,582000,484000,1931000,171000,202000,155000,220000,478000,425000,1143000,154000,224000,430000,365000,793000,184000,356000,331000,693000,170000,188000,163000,243000,318000,332000,311000,314000,385000,352000,207000,215000,200000,170000,251000,272000,268000,215000,236000,2572000,162000,242000,270000,273000,191000,2554000,159000,202000,242000,274000,261000,164000,221000,206000,286000,321000,318000,195000,178000,255000,294000,327000,306000,184000,274000,175000,221000,278000,312000,314000,181000,272000,385000,408000,340000,299000,279000,416000,189000,288000,277000,432000,191000,178000,252000,216000,722000,2442000,578000,392000,354000,940000,165000,185000,213000,367000,341000,725000,177000,193000,174000,232000,257000,276000,272000,433000,198000,231000,236000,193000,261000,176000,249000,266000,305000,299000,173000,263000,399000,430000,245000,351000,270000,604000,176000,290000,219000,184000,170000,261000,271000,355000,301000,180000,264000,178000,240000,181000,329000,340000,294000,857000,2749000,422000,246000,312000,286000,677000,129000,189000,221000,222000,180000,375000,182000,239000,171000,187000,206000,275000,267000,305000,300000,180000,321000,201000,192000,244000,733000,673000,2088000,196000,293000,343000,398000,625000,536000,639000,591000,288000,380000,300000,196000,180000,192000,261000,324000,416000,381000,26522000,474000,396000,1104000,834000,2345000,535000,477000,626000,878000,988000,1154000,2414000,504000,630000,481000,199000,187000,201000,257000,368000,379000,354000,196000,303000,233000,171000,264000,262000,310000,289000,171000,270000,
contraction: 634000,359000,408000,475000,413000,495000,541000,290000,1108000,170000,209000,496000,702000,412000,501000,356000,405000,291000,334000,204000,188000,194000,265000,250000,278000,323000,226000,236000,213000,228000,725000,324000,389000,303000,354000,185000,209000,245000,314000,218000,265000,261000,1018000,245000,313000,189000,255000,705000,846000,599000,349000,1087000,1288000,1201000,334000,246000,
forall_inst: 955000,861000,937000,747000,731000,2012000,726000,715000,695000,941000,770000,756000,690000,656000,741000,745000,989000,716000,687000,683000,1000000,1549000,1931000,826000,681000,
la_mult_neg: 256000,254000,263000,401000,
implies_neg1: 546000,291000,455000,460000,510000,239000,190000,458000,422000,337000,593000,157000,152000,152000,219000,226000,223000,204000,226000,320000,185000,370000,224000,214000,253000,215000,155000,298000,604000,552000,1035000,305000,633000,210000,754000,
implies_neg2: 589000,310000,386000,376000,504000,261000,137000,443000,384000,299000,263000,163000,155000,156000,213000,208000,244000,252000,206000,271000,294000,181000,203000,174000,200000,197000,136000,207000,609000,583000,301000,831000,1099000,311000,203000,
__local_input: 154000,106000,38000,26000,30000,25000,38000,29000,24000,67000,134000,110000,26000,63000,38000,28000,29000,69000,24000,39000,77000,32000,30000,39000,44000,37000,37000,49000,26000,82000,54000,91000,77000,94000,87000,92000,21000,30000,22000,76000,31000,31000,66000,21000,28000,21000,29000,28000,71000,102000,97000,29000,23000,65000,101000,78000,32000,32000,80000,140000,155000,220000,95000,46000,47000,30000,77000,78000,29000,46000,55000,29000,96000,
comp_simplify: 1321000,1537000,
poly_simp_rel: 1081000,1109000,1066000,1035000,1093000,1053000,1153000,10408000,975000,922000,956000,982000,955000,933000,983000,1310000,940000,1005000,1062000,1191000,989000,972000,1020000,1055000,973000,964000,970000,1013000,7711000,1026000,1021000,992000,1095000,1135000,1011000,1100000,1124000,1119000,1229000,1160000,1138000,1185000,1312000,2073000,2086000,1986000,2090000,2255000,2115000,1218000,1003000,1018000,1003000,
equiv_simplify: 217000,206000,202000,220000,349000,202000,217000,209000,204000,164000,383000,183000,187000,407000,417000,
la_disequality: 85000,
implies_simplify: 249000,323000,358000,222000,
__normalized_input: 10267000,6444000,5097000,5410000,4551000,3802000,1815000,2253000,1492000,917000,1062000,680000,507000,639000,
rare_rewrite_ite-eq: 7627000,6538000,
rare_rewrite_eq-refl: 172000,190000,186000,358000,
rare_rewrite_eq-symm: 121000,229000,318000,316000,107000,106000,193000,146000,182000,131000,91000,91000,82000,75000,96000,73000,94000,71000,123000,117000,66000,126000,118000,98000,146000,240000,184000,338000,337000,186000,355000,257000,429000,726000,596000,218000,171000,120000,217000,
rare_rewrite_ite-not-cond: 5909000,6473000,6600000,6651000,12942000,12061000,
rare_rewrite_arith-elim-gt: 6061000,5950000,6188000,
rare_rewrite_arith-elim-lt: 6387000,6591000,6679000,7074000,6367000,6211000,12500000,11790000,
rare_rewrite_bool-eq-false: 5907000,6642000,5953000,6126000,
rare_rewrite_arith-elim-leq: 6334000,5718000,6039000,
rare_rewrite_bool-impl-elim: 7675000,
rare_rewrite_bool-double-not-elim: 146000,143000,130000,

