1; Draft.Scratch_smt_check_7_9578; 2026-04-10 13:47:36.704;
bind: 196000,199000,191000,197000,181000,191000,152000,235000,255000,162000,160000,188000,185000,314000,309000,320000,274000,153000,195000,333000,309000,307000,196000,196000,163000,
cong: 164000,103000,123000,80000,125000,113000,124000,79000,651000,696000,235000,1696000,205000,102000,121000,105000,120000,75000,2584000,123000,68000,147000,80000,68000,84000,156000,150000,136000,118000,224000,299000,231000,227000,169000,211000,92000,83000,104000,65000,70000,78000,137000,118000,123000,108000,60000,51000,82000,233000,190000,260000,98000,293000,75000,428000,955000,127000,74000,302000,126000,76000,278000,289000,291000,193000,1088000,116000,121000,117000,118000,501000,390000,236000,219000,178000,137000,214000,173000,129000,609000,474000,209000,212000,241000,217000,112000,107000,154000,417000,219000,97000,111000,155000,413000,179000,224000,109000,180000,182000,191000,125000,476000,177000,196000,175000,431000,351000,120000,74000,130000,76000,293000,192000,694000,758000,426000,2451000,234000,155000,197000,105000,193000,166000,194000,167000,854000,648000,389000,328000,205000,109000,95000,154000,243000,198000,110000,61000,52000,86000,241000,124000,118000,150000,117000,492000,379000,235000,127000,76000,2895000,
ite2: 90000,141000,147000,149000,170000,88000,
refl: 23000,25000,45000,62000,45000,23000,26000,37000,28000,26000,18000,43000,55000,77000,92000,44000,145000,119000,148000,162000,26000,28000,79000,60000,127000,30000,26000,92000,26000,43000,73000,80000,29000,39000,72000,83000,28000,46000,67000,74000,82000,30000,56000,63000,41000,41000,48000,33000,80000,93000,32000,19000,43000,60000,25000,27000,136000,
symm: 242000,453000,343000,423000,325000,213000,211000,116000,246000,87000,201000,128000,91000,126000,116000,321000,345000,204000,198000,198000,205000,115000,172000,401000,452000,323000,340000,258000,282000,261000,148000,92000,118000,
true: 40000,36000,43000,41000,77000,40000,
trans: 131000,129000,274000,139000,467000,138000,784000,792000,758000,133000,732000,591000,339000,188000,193000,284000,126000,130000,134000,294000,127000,195000,83000,112000,105000,111000,87000,103000,144000,197000,110000,106000,126000,235000,224000,231000,96000,214000,92000,130000,236000,128000,383000,341000,347000,340000,140000,128000,222000,200000,235000,117000,96000,228000,208000,222000,112000,89000,271000,242000,97000,188000,96000,187000,220000,232000,213000,87000,193000,148000,181000,213000,224000,219000,204000,95000,188000,125000,126000,177000,135000,337000,350000,331000,1089000,798000,805000,138000,856000,562000,271000,279000,270000,281000,217000,227000,242000,225000,274000,126000,133000,180000,135000,136000,
equiv1: 1481000,318000,81000,154000,123000,405000,71000,81000,320000,297000,375000,181000,272000,81000,285000,1390000,258000,88000,158000,178000,
equiv2: 77000,148000,278000,224000,241000,241000,285000,160000,
or_neg: 868000,827000,894000,895000,811000,929000,795000,317000,322000,292000,287000,512000,510000,586000,623000,592000,585000,552000,307000,302000,867000,901000,949000,810000,930000,823000,818000,
or_pos: 472000,529000,
and_neg: 476000,625000,
and_pos: 813000,862000,846000,880000,877000,763000,910000,913000,792000,869000,802000,219000,210000,262000,262000,323000,232000,223000,266000,297000,282000,318000,239000,239000,458000,461000,395000,312000,277000,424000,462000,268000,292000,281000,284000,768000,807000,849000,821000,727000,1701000,1691000,1784000,1533000,1926000,1538000,1525000,535000,539000,
implies: 460000,1411000,307000,348000,230000,424000,170000,502000,363000,450000,296000,369000,230000,371000,210000,452000,367000,2751000,556000,561000,298000,
not_and: 872000,308000,274000,898000,
not_not: 102000,262000,
parsing: 136430000,
aci_simp: 1033000,1186000,1155000,
evaluate: 285000,151000,198000,267000,284000,416000,356000,248000,146000,193000,337000,433000,359000,375000,248000,136000,183000,278000,325000,249000,326000,397000,152000,213000,323000,332000,454000,
subproof: 1661000,1157000,2400000,1207000,1256000,1137000,994000,1306000,1148000,1446000,1314000,1445000,1219000,2166000,1162000,1061000,1279000,1639000,1082000,4705000,2324000,1555000,1399000,
and_intro: 258000,754000,231000,249000,144000,239000,331000,237000,140000,225000,131000,267000,214000,1434000,808000,
poly_simp: 2206000,1480000,1577000,2053000,1473000,1631000,2193000,1578000,1687000,2551000,2625000,2032000,1580000,1583000,2576000,2944000,1547000,1714000,6664000,2368000,2579000,2637000,2850000,2080000,1450000,1571000,2060000,1504000,1685000,2056000,1614000,1603000,1634000,1660000,1626000,2267000,1778000,1515000,1836000,2803000,2194000,1867000,2893000,3108000,7904000,2093000,1633000,2214000,1738000,2115000,2508000,2793000,1597000,1438000,1649000,1596000,1448000,1626000,1750000,1759000,1756000,1683000,1637000,2412000,1763000,1655000,2111000,2744000,2351000,2925000,2233000,2855000,2350000,2772000,2837000,1415000,1609000,3156000,2483000,2182000,4079000,2393000,3014000,2012000,1493000,2207000,2303000,2545000,2077000,1500000,1619000,2838000,2589000,2952000,1812000,1609000,1624000,2006000,7052000,2026000,3814000,2746000,2873000,3059000,2699000,2964000,3064000,2816000,2957000,3100000,4474000,2413000,1863000,2952000,2124000,1685000,1628000,1465000,2032000,1737000,1706000,1730000,1836000,2271000,1855000,
equiv_pos1: 353000,46000,43000,301000,
equiv_pos2: 122000,130000,131000,454000,296000,130000,390000,815000,289000,177000,179000,128000,131000,1538000,98000,175000,239000,169000,188000,178000,172000,190000,47000,42000,394000,3246000,101000,100000,302000,295000,293000,964000,126000,126000,557000,208000,217000,709000,51000,359000,373000,180000,157000,54000,373000,354000,161000,187000,159000,52000,363000,356000,383000,42000,103000,132000,368000,129000,402000,305000,785000,243000,246000,233000,256000,226000,235000,1149000,91000,182000,181000,39000,191000,192000,122000,133000,569000,106000,1643000,
la_generic: 10118000,7197000,6881000,13640000,
reordering: 4412000,13827000,853000,739000,964000,1128000,1344000,639000,642000,804000,1548000,772000,1039000,559000,781000,694000,4556000,15821000,1309000,
resolution: 349000,356000,416000,173000,327000,256000,327000,256000,1826000,7171000,974000,5047000,8692000,1039000,2889000,123000,282000,377000,319000,309000,2355000,399000,322000,257000,374000,340000,381000,319000,258000,165000,368000,2701000,2235000,6060000,272000,251000,176000,289000,602000,537000,885000,240000,220000,187000,672000,600000,738000,312000,257000,321000,259000,183000,233000,305000,411000,482000,266000,355000,347000,413000,270000,170000,139000,187000,159000,262000,231000,232000,225000,274000,681000,1838000,329000,338000,456000,364000,1145000,109000,172000,209000,145000,162000,181000,172000,339000,221000,266000,150000,279000,251000,794000,754000,1395000,200000,384000,432000,818000,1377000,1118000,2656000,802000,927000,777000,1364000,293000,289000,184000,239000,689000,758000,741000,285000,247000,392000,198000,241000,891000,753000,1012000,332000,363000,524000,353000,405000,322000,251000,507000,646000,632000,332000,258000,326000,444000,307000,591000,772000,833000,447000,310000,213000,206000,192000,353000,334000,304000,283000,407000,478000,318000,312000,435000,351000,601000,111000,229000,234000,238000,216000,272000,251000,189000,300000,220000,210000,224000,360000,355000,343000,303000,213000,161000,752000,670000,784000,224000,217000,366000,354000,388000,376000,203000,1861000,7436000,916000,875000,1278000,907000,3481000,115000,274000,281000,252000,333000,284000,289000,992000,199000,216000,172000,190000,246000,343000,442000,379000,315000,263000,302000,371000,183000,317000,4679000,3717000,11090000,548000,400000,527000,530000,400000,812000,1115000,1055000,558000,414000,280000,295000,436000,400000,431000,402000,1074000,907000,1121000,167000,216000,264000,235000,282000,232000,315000,266000,490000,643000,649000,339000,269000,180000,192000,273000,
contraction: 2898000,1130000,1605000,307000,2172000,2962000,454000,491000,527000,523000,602000,375000,452000,103000,659000,682000,265000,885000,1177000,780000,813000,558000,534000,691000,685000,502000,593000,366000,322000,353000,183000,563000,599000,2984000,1090000,1575000,301000,4359000,5906000,949000,848000,857000,507000,
forall_inst: 685000,872000,928000,923000,890000,680000,700000,869000,958000,689000,1123000,967000,736000,734000,900000,943000,655000,719000,914000,1582000,1694000,925000,718000,849000,
la_mult_neg: 571000,318000,317000,307000,535000,532000,
implies_neg1: 350000,1480000,493000,585000,2376000,79000,467000,283000,647000,584000,812000,906000,408000,523000,221000,428000,614000,280000,5394000,745000,418000,1282000,2494000,
implies_neg2: 873000,231000,2422000,463000,552000,272000,77000,661000,269000,703000,554000,672000,573000,652000,267000,154000,630000,837000,189000,4265000,1085000,812000,570000,
__local_input: 92000,65000,86000,73000,116000,27000,26000,61000,36000,75000,74000,28000,90000,91000,38000,77000,49000,39000,21000,23000,37000,71000,42000,62000,45000,22000,41000,69000,59000,66000,82000,68000,65000,57000,68000,89000,57000,44000,70000,55000,63000,78000,55000,72000,88000,80000,64000,207000,69000,95000,101000,55000,72000,87000,26000,89000,38000,48000,
comp_simplify: 1350000,1357000,1594000,1601000,
poly_simp_rel: 948000,993000,964000,1289000,1285000,945000,1261000,1139000,1167000,1053000,1059000,950000,967000,951000,1022000,969000,929000,975000,1040000,953000,962000,1204000,1202000,1221000,953000,974000,974000,959000,992000,940000,1108000,919000,1077000,991000,1053000,943000,1153000,995000,1061000,1033000,1075000,952000,1156000,1024000,1058000,941000,1002000,1019000,1232000,949000,1257000,1210000,1147000,1754000,1814000,1823000,1913000,1008000,1039000,1030000,989000,974000,972000,1105000,1123000,
equiv_simplify: 162000,154000,244000,205000,148000,371000,450000,351000,363000,148000,391000,174000,230000,236000,
la_disequality: 44000,43000,218000,
implies_simplify: 8697000,404000,511000,135000,477000,257000,1576000,359000,
__normalized_input: 7593000,5559000,6863000,4329000,2024000,1985000,67101000,1170000,929000,1017000,904000,1054000,1522000,
rare_rewrite_ite-eq: 5923000,5963000,6481000,17709000,11827000,6215000,
rare_rewrite_eq-refl: 117000,163000,167000,169000,221000,144000,
rare_rewrite_ite-not-cond: 5707000,6169000,
rare_rewrite_arith-elim-gt: 6862000,6204000,6722000,6224000,
rare_rewrite_arith-elim-lt: 6590000,10883000,5657000,5837000,6783000,5769000,6697000,11702000,
rare_rewrite_arith-elim-leq: 7094000,5570000,5641000,10446000,5385000,5430000,5535000,5429000,5888000,6083000,5744000,5963000,6988000,6561000,11280000,6806000,
rare_rewrite_bool-impl-elim: 6019000,5945000,5877000,
rare_rewrite_bool-and-de-morgan: 5780000,5770000,5536000,
rare_rewrite_bool-double-not-elim: 323000,73000,92000,90000,100000,299000,279000,231000,357000,

