1; Draft.Scratch_smt_check_7_25809; 2026-04-10 13:45:35.648;
bind: 162000,158000,322000,303000,288000,199000,
cong: 119000,73000,79000,137000,135000,138000,116000,
refl: 29000,
symm: 108000,141000,179000,239000,184000,175000,291000,
trans: 239000,127000,175000,223000,243000,
and_neg: 1311000,
and_pos: 1057000,971000,1052000,933000,967000,913000,1037000,964000,951000,
implies: 979000,
parsing: 25765000,
subproof: 2844000,
equiv_pos2: 136000,14296000,234000,282000,231000,153000,
reordering: 1867000,10067000,
resolution: 392000,168000,160000,175000,221000,148000,162000,265000,260000,291000,409000,261000,339000,2690000,1467000,1043000,6915000,288000,232000,255000,273000,296000,296000,329000,292000,386000,324000,355000,347000,
contraction: 1500000,2692000,
forall_inst: 678000,661000,661000,661000,1153000,1165000,1327000,1186000,1304000,1231000,1065000,1191000,1279000,1252000,1349000,1357000,1185000,1315000,
implies_neg1: 2450000,
implies_neg2: 1096000,
__local_input: 59000,38000,76000,41000,49000,37000,124000,47000,69000,
__normalized_input: 2672000,1540000,1522000,5013000,960000,985000,937000,
rare_rewrite_eq-symm: 115000,138000,209000,186000,218000,167000,

