1; Draft.Scratch_smt_check_7_3896; 2026-04-10 13:45:44.296;
bind: 349000,266000,284000,294000,192000,289000,
cong: 270000,155000,137000,243000,123000,172000,164000,101000,87000,2679000,
refl: 47000,48000,
symm: 188000,127000,149000,102000,142000,147000,
trans: 398000,293000,211000,268000,179000,130000,195000,
equiv1: 577000,
equiv2: 183000,
implies: 400000,
not_not: 177000,
parsing: 27138000,
subproof: 2106000,
equiv_pos2: 252000,225000,228000,236000,146000,233000,709000,
resolution: 251000,421000,260000,303000,276000,370000,283000,243000,376000,254000,379000,287000,362000,229000,307000,243000,373000,578000,716000,718000,416000,
contraction: 692000,
forall_inst: 1337000,1245000,1271000,1334000,1257000,1190000,1229000,1518000,
implies_neg1: 551000,
implies_neg2: 692000,
__local_input: 98000,
equiv_simplify: 307000,734000,
__normalized_input: 7955000,1610000,1596000,1408000,5260000,919000,940000,868000,
rare_rewrite_eq-symm: 197000,183000,219000,231000,173000,221000,625000,

