1; Draft.Scratch_smt_check_7_14108; 2026-04-10 13:45:40.536;
bind: 147000,150000,220000,271000,240000,362000,145000,145000,214000,
cong: 657000,349000,304000,200000,170000,111000,118000,324000,191000,128000,176000,217000,124000,130000,128000,312000,341000,263000,246000,135000,132000,713000,357000,199000,166000,93000,99000,67000,70000,202000,113000,77000,100000,124000,73000,78000,77000,108000,153000,100000,126000,78000,86000,406000,2681000,
refl: 50000,43000,43000,19000,26000,27000,506000,231000,133000,208000,251000,172000,103000,137000,138000,
symm: 826000,219000,206000,342000,203000,218000,353000,360000,1353000,129000,111000,188000,98000,108000,186000,180000,698000,
trans: 229000,797000,272000,322000,172000,378000,308000,1354000,1572000,428000,204000,172000,125000,201000,168000,677000,662000,
equiv1: 2400000,1262000,
equiv2: 1242000,769000,406000,
or_neg: 1775000,1721000,1513000,1570000,1694000,1480000,1515000,1528000,1598000,1801000,
and_pos: 1785000,1870000,1455000,1359000,1258000,1267000,1264000,1194000,1237000,1193000,1577000,1343000,
implies: 3613000,
not_and: 1678000,
not_not: 493000,307000,
parsing: 79461000,
evaluate: 335000,
subproof: 3142000,3147000,
and_intro: 691000,
equiv_pos2: 103000,146000,155000,211000,184000,282000,1020000,50000,100000,97000,151000,984000,3882000,
reordering: 3330000,16742000,
resolution: 433000,170000,177000,150000,197000,147000,206000,215000,215000,176000,218000,246000,414000,2815000,13084000,1631000,1029000,1657000,1099000,1925000,236000,608000,615000,725000,437000,786000,394000,256000,351000,318000,261000,344000,366000,382000,408000,434000,347000,4316000,1845000,9311000,341000,413000,261000,459000,227000,154000,203000,185000,147000,215000,178000,214000,262000,257000,240000,635000,
contraction: 6094000,1919000,2066000,5226000,4349000,
forall_inst: 699000,722000,651000,598000,780000,784000,735000,1090000,1140000,2080000,1630000,1201000,1484000,1222000,1417000,1542000,1658000,1503000,818000,657000,770000,636000,765000,847000,904000,856000,2196000,
implies_neg1: 2471000,5964000,
implies_neg2: 1354000,4384000,
__local_input: 240000,326000,233000,128000,65000,104000,203000,38000,49000,64000,66000,174000,
equiv_simplify: 1566000,998000,529000,1636000,
implies_simplify: 2839000,
__normalized_input: 4099000,3928000,3857000,1578000,1808000,1880000,
rare_rewrite_eq-symm: 120000,122000,157000,210000,228000,270000,1274000,121000,121000,189000,671000,
rare_rewrite_bool-eq-false: 14190000,14390000,7638000,28978000,
rare_rewrite_bool-double-not-elim: 822000,

