1; Draft.Scratch_smt_check_7_22619; 2026-04-10 13:50:55.282;
bind: 337000,345000,347000,353000,329000,336000,959000,668000,648000,620000,
cong: 102000,128000,84000,94000,124000,73000,213000,100000,198000,80000,157000,81000,78000,113000,124000,81000,107000,124000,72000,212000,100000,146000,78000,152000,76000,96000,129000,108000,101000,124000,74000,205000,96000,135000,87000,160000,70000,343000,92000,45000,52000,69000,201000,141000,120000,172000,215000,149000,214000,384000,141000,456000,219000,237000,137000,333000,129000,159000,164000,204000,121000,163000,197000,123000,392000,166000,224000,119000,292000,114000,135000,595000,
ite1: 189000,
ite2: 192000,
refl: 20000,30000,19000,20000,23000,21000,44000,47000,17000,21000,41000,37000,40000,33000,38000,83000,31000,34000,35000,29000,90000,86000,109000,43000,161000,
symm: 161000,166000,182000,183000,167000,383000,429000,
true: 153000,
trans: 200000,199000,228000,370000,418000,514000,438000,
equiv1: 501000,262000,16953000,615000,579000,
equiv2: 188000,232000,294000,529000,621000,
or_neg: 325000,337000,332000,334000,343000,327000,350000,335000,374000,389000,
and_pos: 179000,366000,359000,351000,325000,366000,329000,360000,324000,331000,362000,751000,907000,799000,739000,747000,722000,831000,5377000,745000,718000,
implies: 303000,288000,503000,288000,579000,1562000,552000,
not_and: 361000,406000,
not_not: 219000,427000,
parsing: 13497000,
evaluate: 300000,993000,
subproof: 1390000,1476000,1479000,1621000,1478000,2707000,2793000,3032000,2334000,
and_intro: 380000,727000,
equiv_pos2: 167000,169000,243000,270000,167000,165000,238000,269000,30000,163000,167000,241000,267000,294000,161000,159000,312000,345000,553000,576000,87000,314000,313000,502000,509000,682000,
reordering: 256000,499000,1388000,1598000,304000,507000,3150000,7550000,
resolution: 324000,231000,247000,273000,477000,287000,443000,378000,426000,459000,454000,346000,386000,813000,2550000,378000,385000,535000,487000,1446000,251000,238000,293000,274000,400000,401000,415000,461000,458000,293000,404000,284000,764000,677000,1762000,278000,360000,364000,429000,441000,413000,295000,448000,377000,354000,350000,333000,872000,2446000,438000,661000,898000,791000,2731000,474000,478000,569000,531000,673000,753000,788000,930000,920000,595000,717000,796000,612000,1701000,1597000,7418000,545000,670000,625000,698000,775000,768000,476000,698000,593000,
contraction: 410000,844000,455000,606000,404000,725000,765000,401000,880000,1012000,1185000,927000,1759000,1879000,766000,
forall_inst: 948000,942000,985000,2018000,1697000,
implies_neg1: 362000,360000,506000,364000,669000,906000,1258000,715000,1477000,
implies_neg2: 375000,372000,352000,717000,346000,722000,739000,1763000,769000,
__local_input: 221000,418000,38000,71000,81000,128000,85000,256000,86000,117000,126000,66000,97000,642000,120000,107000,129000,297000,298000,497000,91000,102000,181000,79000,185000,
equiv_simplify: 295000,309000,335000,670000,953000,704000,733000,
implies_simplify: 588000,1249000,
__normalized_input: 10653000,10679000,5523000,5224000,5335000,5219000,
rare_rewrite_ite-eq: 7909000,
rare_rewrite_eq-refl: 187000,464000,419000,
rare_rewrite_eq-symm: 185000,180000,187000,164000,171000,171000,162000,163000,166000,204000,221000,330000,395000,654000,391000,366000,311000,
rare_rewrite_bool-double-not-elim: 203000,473000,

