1; Draft.Scratch_smt_check_7_718; 2026-04-10 13:51:40.010;
bind: 353000,731000,350000,
cong: 136000,209000,558000,331000,155000,174000,487000,151000,155000,202000,157000,179000,232000,162000,164000,208000,221000,605000,146000,
ite1: 209000,
ite2: 436000,
refl: 91000,56000,89000,93000,137000,44000,67000,226000,216000,115000,144000,113000,112000,164000,91000,58000,88000,
symm: 274000,618000,552000,
true: 231000,
trans: 290000,257000,487000,641000,544000,557000,573000,513000,606000,286000,
equiv1: 440000,747000,765000,935000,590000,
equiv2: 594000,640000,609000,
or_neg: 312000,317000,359000,624000,642000,712000,
or_pos: 562000,540000,
and_neg: 666000,813000,
and_pos: 358000,363000,700000,793000,865000,759000,771000,844000,
implies: 340000,335000,818000,777000,593000,
not_not: 477000,511000,
parsing: 7398000,
subproof: 1302000,2526000,2838000,3769000,2782000,
and_intro: 308000,768000,
equiv_pos2: 179000,613000,515000,580000,350000,269000,334000,270000,715000,170000,
reordering: 649000,1295000,624000,748000,1395000,1576000,680000,
resolution: 270000,348000,281000,266000,250000,547000,684000,496000,445000,429000,654000,272000,469000,472000,1198000,469000,485000,710000,649000,724000,649000,607000,648000,658000,571000,605000,1087000,1373000,955000,936000,863000,1213000,548000,521000,686000,1104000,937000,1425000,530000,527000,676000,599000,684000,757000,769000,614000,650000,
contraction: 561000,440000,444000,428000,13105000,1206000,975000,1041000,1091000,1020000,758000,
forall_inst: 1705000,1086000,
implies_neg1: 1008000,984000,1152000,1076000,363000,
implies_neg2: 406000,404000,873000,919000,631000,
__local_input: 175000,106000,203000,171000,175000,109000,221000,203000,237000,
equiv_simplify: 809000,610000,977000,962000,907000,789000,685000,
__normalized_input: 802000,904000,936000,
rare_rewrite_ite-eq: 13039000,
rare_rewrite_eq-refl: 508000,551000,534000,
rare_rewrite_eq-symm: 544000,639000,
rare_rewrite_bool-impl-elim: 6709000,12803000,7126000,
rare_rewrite_bool-double-not-elim: 172000,620000,188000,

