1; Draft.Scratch_smt_check_7_6263; 2026-04-10 13:51:40.111;
bind: 312000,323000,284000,318000,335000,289000,311000,323000,289000,328000,665000,567000,576000,597000,618000,
cong: 107000,95000,148000,106000,75000,74000,68000,100000,79000,88000,62000,120000,95000,101000,91000,69000,113000,183000,104000,82000,74000,75000,76000,74000,70000,167000,85000,89000,82000,93000,83000,76000,205000,143000,141000,145000,139000,396000,148000,171000,262000,182000,127000,112000,303000,230000,147000,165000,139000,142000,119000,277000,
refl: 27000,25000,74000,28000,43000,31000,37000,23000,21000,25000,20000,45000,23000,33000,21000,42000,34000,79000,121000,41000,30000,43000,32000,45000,33000,47000,36000,
symm: 160000,183000,168000,213000,220000,201000,
trans: 319000,200000,301000,307000,189000,259000,499000,307000,220000,242000,554000,398000,
equiv1: 450000,
equiv2: 497000,
or_neg: 312000,381000,312000,
and_neg: 591000,596000,
and_pos: 278000,295000,284000,307000,524000,586000,685000,609000,
implies: 314000,268000,287000,325000,304000,551000,523000,597000,505000,
not_not: 486000,
parsing: 8428000,
subproof: 1541000,1556000,1314000,1500000,1422000,2555000,2376000,2460000,3744000,
and_intro: 263000,494000,
equiv_pos1: 102000,
equiv_pos2: 102000,116000,126000,214000,53000,111000,114000,206000,111000,130000,187000,213000,461000,263000,209000,366000,223000,210000,383000,
not_equiv1: 241000,
not_equiv2: 243000,
reordering: 406000,408000,556000,527000,644000,730000,1027000,989000,
resolution: 293000,278000,300000,415000,408000,294000,386000,368000,414000,403000,283000,388000,257000,346000,349000,405000,390000,261000,389000,576000,559000,464000,414000,418000,569000,262000,255000,322000,366000,423000,374000,268000,383000,412000,417000,654000,13230000,497000,590000,477000,658000,789000,812000,680000,959000,497000,458000,619000,641000,674000,745000,484000,665000,758000,707000,999000,474000,594000,637000,675000,704000,481000,665000,
contraction: 394000,363000,487000,393000,453000,376000,375000,393000,770000,713000,678000,786000,742000,659000,
forall_inst: 1022000,922000,959000,1694000,1639000,1789000,
implies_neg1: 343000,316000,336000,717000,748000,634000,587000,730000,856000,
implies_neg2: 351000,333000,369000,336000,361000,641000,611000,735000,607000,
__local_input: 303000,270000,298000,327000,141000,273000,335000,559000,332000,88000,100000,107000,301000,
equiv_simplify: 646000,658000,
__normalized_input: 58887000,8821000,7178000,4712000,2920000,2568000,
rare_rewrite_eq-symm: 348000,253000,234000,239000,257000,240000,234000,253000,255000,262000,502000,484000,
rare_rewrite_bool-double-not-elim: 574000,

