1; Draft.Scratch_smt_check_7_23939; 2026-04-10 13:51:14.269;
bind: 425000,398000,745000,1101000,999000,849000,903000,
cong: 135000,58000,71000,87000,85000,360000,178000,411000,255000,192000,249000,134000,180000,307000,
refl: 22000,73000,89000,91000,63000,55000,57000,
symm: 292000,345000,540000,
false: 14000,
trans: 305000,357000,363000,375000,995000,764000,826000,632000,
choice: 36000,78000,
equiv2: 280000,507000,
or_neg: 344000,322000,300000,374000,658000,694000,672000,538000,699000,587000,579000,
or_pos: 514000,623000,843000,
and_neg: 799000,
not_not: 601000,
parsing: 6354000,
evaluate: 683000,
qnt_join: 418000,
equiv_pos2: 115000,106000,375000,507000,184000,560000,346000,61000,
reordering: 344000,396000,734000,774000,608000,1236000,
resolution: 281000,318000,313000,338000,378000,510000,344000,445000,462000,344000,426000,378000,429000,413000,456000,1280000,3223000,724000,818000,591000,772000,848000,794000,798000,942000,1374000,
sko_forall: 4525000,
contraction: 371000,1062000,634000,
forall_inst: 1057000,1901000,2259000,
equiv_simplify: 366000,674000,
miniscope_split: 12049000,
__normalized_input: 16339000,16258000,16363000,15809000,
rare_rewrite_eq-symm: 430000,
rare_rewrite_bool-impl-elim: 6624000,12993000,13925000,12629000,
rare_rewrite_bool-or-de-morgan: 12811000,
rare_rewrite_bool-and-de-morgan: 13366000,
rare_rewrite_bool-double-not-elim: 280000,473000,431000,

