1; Draft.Scratch_smt_check_7_15602; 2026-04-10 13:51:14.908;
bind: 589000,613000,398000,613000,642000,612000,704000,701000,681000,351000,401000,
cong: 275000,91000,83000,176000,200000,60000,96000,50000,404000,632000,312000,126000,128000,50000,397000,843000,266000,129000,113000,88000,92000,102000,125000,94000,55000,74000,178000,50000,65000,60000,49000,45000,35000,35000,53000,59000,47000,70000,67000,72000,329000,241000,230000,191000,138000,135000,233000,410000,177000,146000,118000,92000,159000,97000,
refl: 28000,598000,44000,21000,26000,29000,27000,25000,26000,22000,26000,22000,23000,30000,33000,
symm: 431000,518000,174000,
trans: 411000,634000,339000,193000,488000,376000,439000,568000,310000,327000,241000,688000,709000,758000,172000,241000,240000,598000,595000,580000,629000,540000,516000,509000,422000,304000,262000,508000,695000,521000,455000,376000,552000,
not_or: 467000,
or_pos: 289000,314000,
and_neg: 243000,
and_pos: 189000,
implies: 232000,
not_not: 201000,
parsing: 44065000,
aci_simp: 1363000,1359000,1253000,1865000,6607000,1591000,1580000,1282000,1249000,1312000,1242000,
evaluate: 364000,
onepoint: 1947000,
qnt_join: 469000,
subproof: 1686000,
equiv_pos1: 49000,36000,
equiv_pos2: 313000,69000,486000,48000,141000,135000,206000,
reordering: 372000,312000,261000,311000,286000,282000,309000,
resolution: 269000,280000,301000,456000,296000,261000,213000,264000,254000,251000,697000,259000,294000,466000,289000,385000,345000,506000,417000,298000,397000,
contraction: 339000,
forall_inst: 1038000,1082000,1139000,947000,
implies_neg1: 277000,
implies_neg2: 286000,
__local_input: 317000,
qnt_rm_unused: 686000,2650000,
miniscope_split: 1133000,
__normalized_input: 38488000,19355000,16180000,15573000,15640000,25096000,9435000,4657000,2936000,2165000,2127000,2019000,2015000,2054000,
rare_rewrite_eq-refl: 198000,176000,
rare_rewrite_eq-symm: 244000,257000,290000,304000,166000,188000,
rare_rewrite_or-not-refl: 7479000,
rare_rewrite_bool-impl-elim: 7184000,7740000,7807000,
rare_rewrite_bool-impl-false1: 8052000,9482000,
rare_rewrite_bool-and-de-morgan: 7077000,7231000,7290000,7655000,7433000,7660000,8051000,

