1; Draft.Scratch_smt_check_7_21771; 2026-04-10 13:49:40.329;
bind: 241000,237000,264000,285000,264000,252000,245000,
cong: 101000,85000,59000,163000,63000,84000,180000,151000,88000,81000,69000,71000,86000,60000,70000,137000,69000,71000,63000,67000,114000,80000,32000,53000,56000,106000,66000,100000,340000,157000,166000,227000,141000,351000,164000,464000,964000,393000,196000,106000,133000,177000,209000,389000,194000,105000,315000,
refl: 33000,46000,38000,29000,61000,25000,41000,52000,
symm: 124000,87000,124000,115000,107000,104000,134000,100000,98000,93000,121000,97000,234000,200000,283000,196000,117000,142000,156000,151000,114000,
trans: 195000,118000,125000,149000,87000,94000,103000,242000,241000,221000,252000,120000,149000,134000,160000,203000,95000,106000,116000,97000,107000,116000,101000,99000,114000,115000,144000,115000,91000,94000,104000,105000,119000,142000,117000,117000,344000,317000,324000,232000,322000,245000,287000,134000,208000,224000,230000,118000,190000,177000,156000,
equiv1: 140000,129000,131000,107000,360000,273000,184000,516000,134000,106000,
equiv2: 160000,
or_neg: 143000,150000,360000,366000,424000,390000,410000,411000,415000,525000,
or_pos: 229000,367000,519000,
and_pos: 105000,111000,93000,109000,283000,278000,308000,309000,349000,316000,327000,172000,176000,207000,202000,206000,200000,262000,
implies: 128000,111000,361000,259000,361000,441000,357000,185000,176000,161000,283000,191000,
not_and: 152000,386000,433000,
not_not: 156000,
parsing: 26599000,
aci_simp: 1121000,
evaluate: 289000,263000,281000,326000,304000,448000,378000,356000,384000,429000,327000,183000,196000,239000,228000,270000,
subproof: 1130000,1048000,1156000,2154000,2165000,2219000,2169000,2297000,2074000,1468000,1216000,1168000,1593000,1104000,
and_intro: 102000,103000,244000,328000,153000,149000,202000,
poly_simp: 6945000,2172000,2415000,2473000,2348000,2561000,2399000,2334000,3387000,4760000,7049000,3428000,4650000,3453000,1902000,2945000,2445000,1656000,1906000,4326000,1974000,
equiv_pos2: 135000,167000,65000,131000,36000,41000,36000,84000,61000,38000,37000,176000,451000,95000,82000,130000,252000,448000,96000,132000,466000,92000,312000,218000,51000,63000,67000,128000,86000,86000,216000,52000,221000,
la_generic: 5097000,7218000,12164000,12681000,
reordering: 230000,215000,225000,430000,483000,538000,730000,542000,1335000,474000,669000,576000,493000,262000,818000,274000,
resolution: 228000,208000,240000,311000,276000,308000,323000,183000,183000,263000,235000,211000,203000,249000,294000,173000,232000,249000,230000,201000,209000,210000,218000,381000,154000,203000,183000,267000,221000,178000,192000,205000,172000,205000,188000,241000,199000,249000,250000,375000,240000,370000,375000,541000,642000,595000,394000,371000,927000,2560000,421000,401000,473000,462000,977000,290000,429000,396000,412000,336000,479000,387000,354000,496000,555000,424000,384000,366000,549000,734000,593000,404000,379000,699000,625000,1530000,374000,351000,573000,676000,580000,416000,373000,1119000,2700000,454000,457000,552000,456000,626000,151000,209000,212000,206000,247000,236000,193000,310000,206000,219000,187000,205000,312000,355000,356000,251000,237000,283000,209000,211000,455000,434000,982000,208000,206000,341000,361000,370000,252000,256000,
contraction: 162000,137000,163000,132000,157000,173000,555000,848000,379000,432000,347000,556000,623000,706000,594000,923000,469000,384000,184000,299000,371000,440000,314000,
forall_inst: 775000,940000,759000,1444000,1341000,1510000,1347000,1434000,1335000,845000,819000,848000,837000,
la_mult_neg: 235000,388000,250000,275000,
implies_neg1: 99000,118000,167000,488000,300000,498000,385000,518000,650000,274000,146000,241000,258000,370000,
implies_neg2: 115000,104000,141000,470000,314000,260000,483000,539000,469000,319000,209000,251000,346000,260000,
__local_input: 73000,55000,81000,32000,71000,100000,113000,192000,63000,58000,103000,104000,46000,51000,61000,146000,103000,112000,49000,62000,106000,86000,29000,35000,30000,81000,
poly_simp_rel: 1457000,914000,974000,1000000,994000,1060000,1049000,1873000,1920000,2054000,1906000,1018000,1014000,1032000,
equiv_simplify: 232000,241000,171000,330000,179000,
implies_simplify: 251000,167000,495000,429000,613000,211000,
__normalized_input: 5569000,5440000,5249000,24759000,7316000,1993000,1296000,989000,1118000,
rare_rewrite_arith-elim-gt: 6508000,
rare_rewrite_arith-elim-lt: 5679000,5734000,6540000,6857000,6439000,6505000,6935000,6876000,12049000,13274000,6908000,7319000,7400000,
rare_rewrite_arith-elim-leq: 6848000,6655000,6518000,
rare_rewrite_arith-leq-norm: 7118000,
rare_rewrite_bool-impl-elim: 5901000,6238000,6758000,
rare_rewrite_arith-geq-tighten: 5555000,5393000,6135000,6984000,6333000,6861000,6636000,
rare_rewrite_bool-and-de-morgan: 5829000,
rare_rewrite_bool-double-not-elim: 137000,102000,144000,106000,113000,131000,114000,166000,237000,159000,

