1; Draft.Scratch_smt_check_7_16936; 2026-04-10 13:44:37.089;
bind: 538000,538000,572000,508000,508000,456000,435000,455000,434000,272000,266000,246000,159000,196000,226000,232000,230000,215000,
cong: 365000,113000,295000,270000,235000,340000,188000,204000,176000,215000,213000,162000,221000,361000,153000,129000,79000,180000,110000,79000,54000,112000,58000,122000,100000,119000,123000,146000,107000,90000,127000,98000,214000,102000,50000,51000,77000,215000,134000,57000,62000,97000,276000,184000,94000,102000,356000,180000,206000,628000,
ite1: 137000,
ite2: 115000,
refl: 96000,888000,88000,39000,110000,259000,20000,33000,38000,52000,47000,60000,16000,26000,47000,14000,17000,53000,51000,105000,105000,165000,106000,
symm: 472000,85000,98000,84000,108000,102000,149000,64000,
true: 48000,54000,
trans: 414000,446000,473000,464000,178000,527000,501000,565000,452000,412000,422000,442000,131000,265000,274000,282000,317000,205000,129000,119000,73000,149000,168000,144000,182000,182000,168000,117000,133000,176000,119000,90000,128000,145000,80000,72000,110000,147000,308000,
equiv1: 206000,260000,226000,237000,433000,233000,467000,
equiv2: 119000,128000,88000,151000,190000,225000,62000,74000,
or_neg: 216000,208000,253000,183000,204000,193000,252000,281000,268000,257000,
or_pos: 531000,282000,288000,300000,210000,
and_pos: 160000,163000,157000,145000,176000,167000,195000,194000,182000,184000,205000,176000,106000,239000,272000,312000,279000,532000,592000,522000,496000,
implies: 380000,431000,209000,262000,210000,18744000,406000,
not_and: 227000,204000,272000,
not_not: 146000,149000,111000,
parsing: 71214000,
aci_simp: 1908000,2196000,2111000,892000,989000,1053000,986000,
evaluate: 255000,191000,198000,251000,
onepoint: 2524000,899000,
qnt_join: 509000,
subproof: 2155000,2717000,2010000,1977000,1462000,1299000,1344000,1189000,2651000,2233000,
and_intro: 165000,168000,568000,
equiv_pos2: 340000,593000,314000,327000,570000,168000,152000,49000,150000,162000,126000,30000,195000,174000,191000,252000,261000,330000,37000,618000,747000,
reordering: 556000,279000,490000,288000,614000,295000,302000,549000,690000,200000,194000,1211000,2736000,
resolution: 341000,342000,408000,497000,338000,507000,662000,617000,352000,260000,292000,261000,337000,348000,379000,449000,493000,662000,683000,411000,428000,229000,344000,277000,386000,450000,548000,527000,271000,300000,314000,303000,925000,254000,225000,265000,343000,359000,245000,266000,403000,394000,886000,274000,298000,365000,429000,397000,431000,277000,217000,279000,250000,645000,142000,139000,214000,185000,446000,410000,743000,285000,247000,277000,227000,289000,282000,279000,240000,610000,1679000,303000,314000,403000,348000,1094000,138000,141000,190000,304000,395000,366000,229000,235000,148000,196000,1210000,1074000,2224000,358000,547000,782000,654000,411000,432000,
contraction: 628000,611000,412000,224000,290000,343000,385000,337000,229000,281000,431000,399000,616000,366000,477000,346000,1261000,1420000,655000,
forall_inst: 1362000,1492000,1549000,1193000,1200000,1144000,975000,1489000,
implies_neg1: 535000,557000,211000,284000,284000,393000,310000,535000,652000,1282000,
implies_neg2: 590000,545000,183000,277000,187000,386000,272000,320000,1254000,690000,
__local_input: 95000,105000,55000,21000,25000,19000,22000,28000,28000,28000,20000,21000,28000,20000,59000,13000,34000,37000,36000,105000,55000,80000,55000,30000,
equiv_simplify: 223000,240000,215000,235000,276000,321000,315000,140000,161000,639000,
miniscope_split: 282000,
implies_simplify: 365000,357000,568000,
__normalized_input: 5984000,5700000,3965000,3190000,2856000,1892000,1301000,759000,963000,
rare_rewrite_ite-eq: 6849000,7011000,
rare_rewrite_eq-refl: 163000,62000,59000,115000,133000,137000,270000,
rare_rewrite_eq-symm: 228000,175000,187000,195000,74000,77000,123000,105000,104000,96000,133000,138000,152000,173000,
rare_rewrite_eq-ite-lift: 6951000,
rare_rewrite_or-not-refl: 12525000,6730000,
rare_rewrite_ite-else-true: 7597000,
rare_rewrite_bool-impl-elim: 12171000,12091000,12427000,11896000,11844000,11627000,7214000,
rare_rewrite_bool-and-de-morgan: 11901000,
rare_rewrite_bool-double-not-elim: 144000,134000,97000,171000,

