1; Draft.Scratch_smt_check_7_5478; 2026-04-10 13:45:16.699;
bind: 210000,215000,211000,385000,362000,393000,
cong: 66000,135000,86000,109000,84000,80000,252000,124000,163000,94000,106000,328000,160000,100000,101000,106000,175000,118000,
refl: 36000,24000,61000,51000,33000,
symm: 68000,238000,132000,184000,
false: 12000,
trans: 67000,76000,84000,168000,189000,85000,75000,86000,96000,290000,340000,150000,130000,140000,156000,218000,229000,163000,144000,201000,171000,
equiv1: 83000,
implies: 87000,135000,
parsing: 17913000,
evaluate: 230000,373000,372000,525000,507000,
subproof: 2046000,
and_intro: 71000,
poly_simp: 2193000,2367000,4070000,2980000,9127000,
equiv_pos2: 37000,52000,131000,93000,318000,431000,72000,129000,
la_generic: 8102000,18828000,
resolution: 94000,134000,171000,150000,197000,137000,121000,155000,162000,264000,236000,270000,376000,510000,332000,417000,377000,
contraction: 280000,
forall_inst: 1260000,
la_mult_neg: 171000,
implies_neg1: 439000,
implies_neg2: 243000,
__local_input: 128000,
poly_simp_rel: 1313000,946000,1757000,
equiv_simplify: 136000,
__normalized_input: 4619000,808000,984000,
rare_rewrite_eq-refl: 138000,
rare_rewrite_eq-symm: 170000,73000,90000,267000,145000,156000,134000,319000,
rare_rewrite_bool-eq-true: 11522000,
rare_rewrite_arith-elim-lt: 6211000,6562000,11186000,11412000,
rare_rewrite_arith-geq-tighten: 6169000,6243000,11606000,
rare_rewrite_bool-double-not-elim: 84000,90000,97000,168000,182000,

