1; Draft.Scratch_smt_check_7_3747; 2026-04-10 13:51:39.867;
bind: 326000,336000,234000,422000,799000,675000,546000,
cong: 149000,96000,107000,107000,118000,134000,281000,145000,123000,340000,227000,83000,115000,113000,86000,222000,111000,105000,89000,123000,121000,201000,332000,748000,511000,272000,
refl: 25000,25000,48000,24000,45000,84000,152000,90000,
symm: 247000,290000,259000,288000,263000,290000,242000,235000,237000,214000,259000,147000,433000,
false: 32000,
trans: 215000,300000,306000,299000,287000,298000,268000,267000,247000,247000,251000,337000,357000,674000,667000,551000,544000,
equiv2: 263000,489000,
or_pos: 380000,289000,484000,608000,785000,
implies: 382000,270000,862000,
not_not: 508000,
parsing: 9259000,
aci_simp: 1721000,2650000,2339000,
evaluate: 522000,
subproof: 2101000,1817000,3808000,
equiv_pos2: 438000,144000,147000,257000,108000,12557000,484000,1070000,351000,220000,68000,
reordering: 521000,337000,553000,828000,1263000,
resolution: 173000,211000,312000,316000,433000,449000,571000,612000,446000,243000,286000,332000,362000,421000,427000,313000,359000,217000,284000,338000,408000,404000,901000,1198000,1213000,754000,659000,579000,633000,641000,444000,488000,675000,644000,608000,
contraction: 546000,369000,1266000,
forall_inst: 1209000,911000,801000,2147000,1725000,1699000,
implies_neg1: 530000,358000,1128000,
implies_neg2: 547000,347000,1181000,
__local_input: 263000,357000,756000,
equiv_simplify: 353000,646000,
__normalized_input: 39862000,4226000,4059000,3561000,3549000,2325000,1351000,1514000,1515000,
rare_rewrite_eq-symm: 279000,217000,165000,759000,
rare_rewrite_bool-impl-elim: 6700000,7066000,8684000,13768000,13218000,12990000,
rare_rewrite_bool-and-de-morgan: 7011000,12885000,13267000,

