1; Draft.Scratch_smt_check_7_1337; 2026-04-10 13:48:34.939;
bind: 221000,211000,301000,183000,236000,209000,234000,
cong: 138000,69000,61000,126000,138000,67000,67000,137000,
refl: 14000,19000,15000,20000,
symm: 79000,90000,99000,86000,91000,98000,
trans: 206000,231000,166000,184000,244000,212000,172000,187000,
implies: 180000,
parsing: 15333000,
aci_simp: 1045000,994000,1084000,1148000,
subproof: 1106000,
equiv_pos2: 33000,145000,111000,33000,123000,
resolution: 166000,272000,228000,170000,242000,308000,307000,194000,280000,237000,
contraction: 276000,
forall_inst: 722000,735000,
implies_neg1: 247000,
implies_neg2: 239000,
__local_input: 79000,
miniscope_split: 306000,306000,
__normalized_input: 1731000,906000,621000,723000,676000,
rare_rewrite_eq-symm: 162000,
rare_rewrite_bool-eq-false: 6014000,6031000,
rare_rewrite_bool-impl-elim: 6175000,5931000,

