1; Draft.Scratch_smt_check_7_22827; 2026-04-10 13:48:35.289;
bind: 275000,233000,210000,203000,274000,194000,160000,469000,337000,317000,212000,277000,227000,194000,212000,220000,254000,216000,267000,293000,181000,205000,207000,228000,238000,215000,270000,280000,179000,199000,208000,218000,196000,244000,190000,198000,263000,233000,624000,416000,516000,663000,1583000,697000,757000,446000,473000,376000,484000,506000,350000,380000,319000,
cong: 119000,91000,111000,104000,58000,130000,51000,57000,52000,248000,262000,188000,137000,134000,214000,92000,117000,126000,56000,61000,228000,169000,71000,85000,134000,135000,140000,124000,137000,90000,118000,268000,332000,338000,204000,109000,118000,87000,347000,305000,94000,433000,134000,149000,69000,102000,115000,140000,94000,58000,115000,64000,116000,65000,107000,107000,140000,97000,59000,112000,59000,160000,73000,111000,56000,63000,82000,220000,113000,100000,57000,128000,108000,96000,155000,179000,118000,179000,171000,127000,236000,240000,183000,359000,341000,179000,236000,145000,134000,374000,304000,132000,190000,243000,214000,105000,166000,188000,232000,144000,74000,211000,94000,704000,
ite2: 136000,137000,429000,
refl: 88000,89000,18000,70000,40000,76000,56000,43000,21000,27000,46000,78000,37000,70000,57000,35000,42000,40000,352000,42000,296000,31000,29000,38000,360000,43000,291000,28000,27000,22000,27000,46000,71000,39000,73000,87000,89000,86000,19000,56000,177000,132000,124000,142000,86000,228000,163000,37000,49000,83000,64000,594000,57000,506000,57000,44000,53000,42000,42000,56000,34000,58000,59000,42000,
symm: 212000,95000,161000,142000,135000,81000,122000,183000,193000,201000,142000,162000,199000,93000,238000,363000,187000,240000,246000,479000,325000,753000,374000,351000,
true: 64000,61000,215000,
trans: 194000,217000,116000,164000,172000,139000,147000,106000,112000,273000,297000,243000,244000,222000,231000,232000,164000,119000,169000,132000,198000,180000,200000,145000,160000,170000,182000,130000,210000,185000,193000,167000,113000,217000,192000,255000,160000,231000,146000,135000,140000,131000,89000,172000,185000,155000,105000,214000,192000,190000,165000,106000,209000,195000,222000,170000,195000,138000,150000,146000,139000,88000,165000,188000,152000,165000,166000,172000,145000,157000,204000,218000,108000,460000,429000,478000,371000,188000,260000,276000,310000,290000,470000,387000,303000,450000,413000,452000,360000,380000,316000,195000,405000,446000,448000,286000,391000,259000,250000,253000,315000,149000,285000,331000,291000,
choice: 65000,
equiv1: 104000,233000,8798000,242000,110000,205000,443000,2429000,
equiv2: 104000,131000,214000,173000,176000,224000,143000,121000,410000,299000,444000,639000,
or_neg: 153000,185000,136000,135000,160000,235000,244000,269000,279000,302000,369000,414000,317000,447000,439000,441000,494000,573000,446000,442000,417000,440000,440000,
or_pos: 200000,215000,193000,223000,341000,218000,215000,424000,624000,
and_neg: 292000,258000,
and_pos: 207000,202000,222000,215000,229000,223000,200000,210000,216000,234000,240000,214000,230000,536000,520000,515000,525000,530000,535000,530000,492000,513000,514000,820000,990000,892000,782000,870000,934000,808000,776000,816000,
implies: 215000,248000,234000,137000,231000,133000,181000,323000,318000,644000,218000,574000,436000,
not_and: 213000,556000,
not_not: 1240000,284000,
parsing: 84232000,
aci_simp: 1064000,1008000,1004000,1071000,1102000,1091000,1215000,988000,1014000,987000,1010000,933000,1030000,945000,987000,1866000,1967000,1706000,1846000,
evaluate: 208000,205000,197000,203000,234000,384000,281000,
onepoint: 1107000,997000,1086000,997000,2033000,1884000,
qnt_join: 239000,241000,426000,
subproof: 1152000,1026000,1200000,1059000,1134000,1023000,1105000,1953000,1138000,1627000,1118000,3665000,2103000,
and_intro: 227000,242000,580000,
equiv_pos1: 216000,
equiv_pos2: 152000,130000,177000,76000,101000,350000,185000,192000,284000,162000,134000,152000,112000,149000,127000,107000,193000,88000,349000,338000,424000,525000,199000,184000,176000,29000,322000,184000,193000,134000,172000,93000,100000,148000,268000,477000,513000,266000,282000,399000,396000,556000,252000,178000,668000,
reordering: 235000,289000,283000,268000,272000,384000,858000,866000,210000,215000,277000,376000,425000,269000,490000,529000,725000,992000,423000,5822000,286000,270000,259000,5476000,475000,833000,869000,
resolution: 425000,195000,223000,276000,185000,171000,179000,175000,184000,186000,202000,217000,259000,206000,197000,289000,172000,220000,190000,163000,147000,215000,177000,266000,322000,399000,306000,491000,349000,171000,258000,247000,261000,191000,295000,372000,354000,212000,228000,241000,289000,275000,232000,266000,262000,195000,179000,504000,360000,325000,866000,177000,161000,239000,255000,265000,179000,194000,350000,337000,880000,178000,165000,235000,267000,299000,203000,169000,220000,301000,215000,788000,266000,299000,217000,295000,257000,268000,358000,421000,423000,350000,316000,224000,483000,656000,410000,420000,529000,666000,458000,511000,642000,282000,177000,272000,2130000,8827000,438000,339000,289000,259000,425000,162000,181000,183000,298000,184000,273000,821000,722000,3913000,218000,184000,302000,365000,340000,212000,178000,271000,258000,263000,229000,199000,228000,267000,202000,202000,342000,172000,305000,176000,166000,189000,218000,281000,152000,182000,210000,702000,935000,5812000,349000,382000,305000,427000,346000,329000,443000,578000,271000,397000,335000,412000,325000,378000,658000,552000,516000,873000,544000,884000,558000,844000,684000,830000,328000,584000,673000,592000,366000,444000,358000,557000,
sko_forall: 1121000,
contraction: 352000,200000,341000,380000,204000,318000,388000,203000,246000,327000,299000,522000,495000,639000,3595000,255000,298000,907000,1518000,371000,795000,1609000,658000,
forall_inst: 768000,631000,710000,719000,739000,741000,685000,639000,640000,698000,1081000,793000,10039000,735000,664000,767000,707000,733000,736000,746000,960000,786000,791000,826000,747000,785000,669000,686000,788000,807000,2562000,2264000,1903000,2127000,2489000,3047000,1424000,818000,
implies_neg1: 306000,178000,173000,172000,360000,373000,244000,449000,300000,310000,679000,1780000,1056000,
implies_neg2: 296000,174000,284000,175000,290000,172000,233000,473000,203000,761000,290000,637000,631000,
__local_input: 83000,42000,47000,33000,17000,28000,25000,30000,30000,24000,41000,31000,70000,116000,42000,58000,78000,127000,113000,77000,73000,54000,67000,55000,44000,41000,129000,29000,27000,25000,27000,22000,31000,35000,21000,39000,53000,
connective_def: 393000,245000,221000,210000,619000,
equiv_simplify: 173000,178000,331000,253000,269000,311000,184000,193000,505000,321000,322000,640000,888000,
implies_simplify: 368000,
__normalized_input: 7887000,7228000,7379000,6754000,3408000,3747000,3358000,3084000,2326000,1058000,1158000,729000,715000,573000,566000,529000,600000,546000,899000,
rare_rewrite_ite-eq: 6213000,6228000,16674000,
rare_rewrite_eq-refl: 164000,105000,83000,103000,106000,169000,306000,182000,143000,
rare_rewrite_eq-symm: 117000,109000,111000,112000,119000,168000,193000,137000,139000,132000,144000,97000,128000,89000,122000,208000,188000,115000,89000,123000,258000,307000,399000,424000,354000,532000,169000,116000,
rare_rewrite_or-not-refl: 6351000,6189000,6366000,6082000,12447000,11165000,
rare_rewrite_bool-eq-false: 12448000,16579000,
rare_rewrite_bool-impl-elim: 6157000,6022000,5928000,6084000,6120000,6388000,6069000,6013000,6164000,16740000,83847000,23763000,
rare_rewrite_bool-impl-false1: 5930000,6279000,5893000,6270000,7993000,6197000,
rare_rewrite_bool-and-de-morgan: 5866000,6075000,6268000,6112000,5958000,6051000,5987000,6252000,5966000,6214000,6041000,6155000,24941000,11339000,11138000,
rare_rewrite_bool-double-not-elim: 110000,112000,109000,193000,147000,109000,315000,136000,127000,107000,255000,213000,186000,

