1; Draft.Scratch_smt_check_7_30284; 2026-04-10 13:43:46.214;
cong: 286000,290000,355000,95000,197000,160000,77000,78000,123000,96000,86000,48000,182000,166000,227000,225000,294000,102000,244000,253000,125000,124000,168000,323000,274000,289000,296000,264000,122000,122000,173000,173000,822000,
refl: 27000,21000,102000,30000,44000,30000,208000,
symm: 97000,112000,242000,513000,
trans: 443000,427000,453000,119000,251000,119000,107000,120000,102000,235000,232000,269000,261000,317000,314000,314000,102000,299000,247000,529000,439000,451000,451000,215000,
equiv1: 494000,278000,83000,
or_neg: 313000,293000,329000,
and_pos: 345000,354000,317000,703000,606000,709000,
implies: 139000,1079000,
not_and: 298000,
parsing: 23049000,
evaluate: 252000,138000,197000,240000,281000,
subproof: 1190000,1113000,2746000,
and_intro: 88000,588000,
poly_simp: 3577000,1743000,1908000,1840000,1823000,1837000,2767000,4223000,1931000,2994000,4376000,3287000,3246000,2978000,3452000,
equiv_pos2: 174000,71000,157000,65000,66000,172000,185000,152000,202000,236000,349000,387000,305000,327000,151000,861000,
la_generic: 6669000,
reordering: 1033000,2640000,
resolution: 301000,493000,227000,280000,581000,720000,335000,365000,480000,394000,916000,127000,278000,303000,273000,185000,400000,156000,172000,249000,144000,242000,319000,266000,316000,251000,279000,1501000,1246000,1973000,480000,520000,382000,
contraction: 548000,417000,496000,285000,1462000,1541000,
la_mult_neg: 257000,
implies_neg1: 292000,993000,1483000,
implies_neg2: 322000,193000,1520000,
__local_input: 62000,91000,95000,70000,99000,68000,140000,
poly_simp_rel: 2095000,984000,1138000,1026000,1014000,1189000,1140000,1108000,2059000,2071000,2107000,2026000,
equiv_simplify: 162000,
implies_simplify: 616000,362000,
__normalized_input: 1110000,885000,1351000,
rare_rewrite_arith-elim-gt: 5970000,
rare_rewrite_arith-elim-lt: 9384000,5819000,6666000,6105000,7273000,11587000,22345000,
rare_rewrite_arith-elim-leq: 6224000,6322000,
rare_rewrite_bool-double-not-elim: 476000,262000,477000,236000,

