1; Draft.Scratch_smt_check_7_20692; 2026-04-10 13:47:10.207;
bind: 284000,287000,282000,287000,280000,339000,287000,281000,
cong: 147000,145000,102000,160000,149000,79000,96000,72000,118000,87000,154000,137000,109000,163000,146000,87000,
refl: 52000,101000,28000,57000,54000,30000,55000,49000,31000,113000,54000,
trans: 283000,278000,273000,231000,159000,174000,267000,270000,266000,234000,
or_pos: 368000,
implies: 273000,
parsing: 6317000,
subproof: 2004000,
equiv_pos2: 206000,76000,173000,
reordering: 408000,
resolution: 368000,389000,403000,358000,489000,489000,377000,404000,
contraction: 409000,
forall_inst: 1197000,
implies_neg1: 347000,
implies_neg2: 352000,
__local_input: 106000,
__normalized_input: 3598000,2996000,2345000,2537000,
rare_rewrite_eq-symm: 157000,135000,146000,153000,164000,151000,
rare_rewrite_bool-impl-elim: 11049000,11145000,
rare_rewrite_bool-double-not-elim: 172000,168000,

