1; Draft.Scratch_smt_check_7_8928; 2026-04-10 13:52:08.384;
bind: 443000,466000,730000,889000,879000,450000,
cong: 229000,57000,331000,335000,227000,198000,165000,189000,
refl: 75000,1513000,90000,51000,
symm: 200000,241000,759000,845000,509000,527000,
false: 14000,
trans: 209000,186000,380000,387000,391000,351000,156000,408000,8956000,719000,834000,660000,679000,451000,458000,594000,525000,
choice: 56000,
equiv1: 482000,
equiv2: 228000,493000,419000,
or_neg: 423000,
or_pos: 737000,
not_not: 406000,387000,
parsing: 7636000,
aci_simp: 1147000,3465000,2366000,
evaluate: 259000,453000,
onepoint: 2751000,
qnt_join: 804000,
equiv_pos2: 540000,188000,210000,53000,
reordering: 984000,
resolution: 187000,254000,236000,255000,248000,231000,247000,347000,322000,487000,387000,478000,510000,460000,647000,493000,490000,514000,
sko_forall: 2125000,
forall_inst: 804000,793000,1717000,1530000,1656000,
qnt_rm_unused: 1075000,4264000,
equiv_simplify: 281000,693000,632000,547000,
__normalized_input: 31911000,18267000,7927000,3863000,1988000,707000,
rare_rewrite_eq-refl: 154000,
rare_rewrite_eq-symm: 232000,432000,314000,495000,
rare_rewrite_or-not-refl: 11799000,
rare_rewrite_bool-eq-false: 10866000,11295000,
rare_rewrite_bool-impl-elim: 11339000,10615000,
rare_rewrite_bool-and-de-morgan: 10959000,

