1; Draft.Scratch_smt_check_7_10068; 2026-04-10 13:47:10.277;
and: 150000,95000,88000,
bind: 769000,751000,452000,450000,397000,360000,294000,276000,788000,783000,484000,434000,374000,358000,211000,198000,240000,227000,476000,593000,525000,338000,
cong: 612000,165000,489000,504000,492000,729000,160000,131000,116000,94000,93000,85000,131000,147000,81000,85000,79000,125000,399000,649000,175000,515000,542000,504000,832000,158000,143000,131000,97000,91000,82000,135000,122000,84000,86000,65000,98000,361000,932000,628000,145000,59000,151000,159000,378000,597000,241000,83000,156000,216000,256000,358000,728000,310000,73000,169000,
refl: 168000,145000,85000,60000,171000,156000,92000,36000,161000,138000,70000,147000,62000,60000,59000,172000,
symm: 74000,100000,151000,139000,82000,
trans: 767000,749000,210000,729000,711000,709000,703000,706000,363000,262000,261000,224000,174000,234000,242000,210000,304000,217000,231000,206000,208000,212000,198000,199000,177000,739000,1137000,768000,227000,751000,754000,772000,730000,964000,377000,276000,283000,247000,199000,237000,248000,205000,352000,227000,223000,196000,204000,205000,176000,185000,142000,673000,187000,90000,133000,168000,184000,170000,
choice: 20000,21000,28000,29000,31000,32000,32000,32000,34000,41000,74000,
equiv1: 183000,354000,362000,
equiv2: 87000,117000,179000,178000,122000,122000,
or_neg: 163000,154000,159000,187000,216000,165000,307000,336000,291000,264000,303000,259000,317000,635000,785000,360000,473000,362000,308000,274000,307000,
or_pos: 1067000,
and_neg: 351000,
and_pos: 139000,144000,155000,254000,270000,257000,289000,251000,276000,271000,275000,252000,256000,282000,279000,267000,285000,373000,162000,156000,265000,
implies: 734000,284000,506000,262000,267000,290000,649000,203000,
not_and: 167000,315000,295000,
not_not: 123000,191000,138000,
parsing: 72533000,
aci_simp: 1828000,1099000,1018000,990000,984000,1036000,1132000,994000,2272000,1931000,2142000,1198000,1000000,973000,942000,1139000,979000,1088000,1672000,1650000,997000,
evaluate: 181000,336000,215000,
subproof: 4178000,1052000,15689000,2068000,2144000,2057000,2064000,1998000,2472000,2091000,1507000,
and_intro: 271000,275000,156000,
equiv_pos1: 93000,86000,
equiv_pos2: 794000,718000,1358000,145000,141000,24000,114000,159000,363000,987000,49000,253000,356000,153000,277000,275000,489000,906000,401000,318000,346000,27000,176000,136000,
reordering: 384000,276000,738000,891000,464000,462000,770000,824000,2084000,651000,809000,532000,
resolution: 180000,220000,305000,433000,606000,582000,1184000,1247000,2020000,653000,663000,256000,214000,188000,169000,250000,368000,330000,245000,226000,219000,513000,147000,145000,160000,176000,284000,202000,333000,1146000,462000,1514000,666000,509000,644000,336000,997000,594000,604000,392000,340000,380000,370000,1021000,275000,263000,264000,318000,618000,500000,1072000,316000,278000,442000,285000,662000,450000,425000,976000,259000,300000,449000,498000,961000,325000,496000,450000,378000,499000,504000,445000,984000,3017000,1480000,864000,671000,661000,2297000,304000,452000,606000,713000,385000,379000,417000,397000,1042000,269000,265000,281000,453000,349000,169000,319000,344000,667000,190000,333000,
sko_forall: 8169000,2699000,12826000,
contraction: 1394000,264000,190000,224000,317000,496000,493000,486000,328000,469000,518000,529000,387000,456000,409000,450000,510000,399000,1204000,1131000,691000,532000,386000,469000,281000,315000,
forall_inst: 1266000,755000,773000,1429000,1434000,1253000,1277000,1299000,1361000,1467000,776000,
implies_neg1: 1029000,191000,692000,367000,506000,433000,419000,294000,815000,199000,301000,
implies_neg2: 1295000,148000,350000,273000,486000,343000,344000,274000,789000,286000,298000,
__local_input: 209000,23000,20000,36000,145000,31000,36000,52000,37000,45000,41000,26000,32000,43000,33000,42000,38000,85000,182000,16000,21000,49000,24000,20000,39000,
equiv_simplify: 153000,238000,298000,310000,199000,164000,
miniscope_split: 348000,316000,
implies_simplify: 258000,503000,536000,
__normalized_input: 9811000,7858000,6561000,6784000,714000,709000,457000,445000,558000,
rare_rewrite_eq-refl: 80000,
rare_rewrite_eq-symm: 171000,87000,268000,
rare_rewrite_bool-eq-false: 6017000,5756000,11583000,11901000,7327000,
rare_rewrite_bool-impl-false1: 6577000,6883000,21323000,10882000,6333000,7166000,6292000,7868000,
rare_rewrite_bool-or-de-morgan: 6910000,8725000,
rare_rewrite_bool-and-de-morgan: 7409000,7843000,8128000,6256000,7169000,6685000,6929000,6199000,6390000,6551000,9284000,9617000,9501000,9718000,7514000,7101000,6287000,6488000,6240000,6316000,6399000,6140000,
rare_rewrite_bool-double-not-elim: 163000,155000,122000,115000,555000,223000,190000,303000,695000,237000,144000,

