1; Draft.Scratch_smt_check_7_30652; 2026-04-10 13:47:10.541;
bind: 124000,125000,115000,124000,174000,119000,160000,139000,122000,161000,155000,146000,169000,172000,196000,170000,176000,155000,153000,148000,165000,156000,156000,166000,147000,155000,159000,147000,170000,170000,158000,147000,165000,157000,157000,167000,444000,448000,214000,422000,427000,221000,463000,457000,430000,451000,269000,425000,211000,220000,211000,228000,245000,222000,277000,247000,136000,128000,134000,120000,130000,137000,138000,160000,152000,148000,415000,370000,395000,389000,240000,
cong: 50000,51000,241000,66000,57000,77000,91000,67000,62000,78000,88000,138000,91000,55000,86000,63000,64000,63000,60000,89000,51000,44000,188000,136000,112000,144000,62000,134000,107000,141000,61000,163000,124000,77000,106000,140000,41000,45000,54000,162000,105000,72000,321000,103000,66000,97000,129000,174000,159000,98000,78000,163000,105000,68000,105000,132000,175000,60000,59000,61000,157000,100000,74000,166000,106000,68000,91000,134000,167000,339000,134000,252000,207000,204000,225000,144000,213000,349000,174000,203000,429000,133000,142000,154000,189000,141000,186000,375000,156000,219000,289000,116000,141000,104000,133000,167000,165000,170000,352000,154000,197000,265000,111000,142000,100000,89000,86000,102000,94000,114000,158000,102000,93000,109000,144000,255000,155000,86000,119000,93000,63000,59000,49000,66000,63000,72000,88000,69000,66000,78000,88000,152000,104000,57000,81000,62000,62000,60000,55000,75000,150000,117000,140000,148000,104000,88000,133000,111000,140000,93000,139000,143000,98000,77000,137000,113000,140000,90000,313000,155000,129000,78000,54000,185000,190000,206000,54000,65000,41000,58000,183000,200000,167000,
ite1: 109000,
refl: 37000,31000,33000,30000,22000,25000,60000,60000,52000,47000,33000,36000,37000,35000,63000,42000,30000,54000,62000,63000,39000,42000,40000,30000,45000,30000,80000,42000,31000,42000,30000,44000,31000,105000,36000,27000,42000,29000,43000,26000,69000,70000,33000,38000,22000,20000,25000,29000,34000,48000,30000,48000,29000,45000,21000,118000,15000,19000,
symm: 78000,79000,55000,108000,89000,66000,61000,67000,69000,68000,116000,82000,319000,129000,104000,123000,110000,63000,87000,62000,68000,106000,64000,
true: 46000,
trans: 91000,78000,98000,92000,161000,129000,95000,131000,132000,106000,104000,145000,175000,159000,165000,86000,163000,162000,167000,92000,99000,77000,94000,95000,151000,108000,120000,100000,251000,268000,237000,203000,248000,190000,147000,213000,213000,187000,221000,219000,187000,206000,234000,106000,123000,123000,98000,125000,129000,99000,105000,140000,306000,187000,147000,112000,306000,185000,151000,127000,300000,311000,
choice: 30000,31000,33000,38000,73000,
equiv1: 244000,114000,102000,99000,716000,355000,342000,219000,94000,103000,91000,
equiv2: 89000,87000,95000,172000,111000,221000,181000,104000,88000,
or_neg: 105000,185000,189000,187000,188000,184000,141000,176000,162000,183000,270000,309000,264000,282000,308000,305000,167000,189000,162000,195000,217000,233000,179000,219000,582000,258000,244000,260000,237000,147000,158000,164000,
or_pos: 164000,252000,187000,
and_neg: 192000,235000,392000,780000,143000,223000,
and_pos: 169000,161000,163000,156000,148000,166000,176000,165000,168000,166000,157000,113000,130000,105000,109000,117000,106000,107000,116000,273000,256000,281000,293000,281000,288000,297000,287000,283000,280000,208000,604000,591000,569000,626000,639000,579000,599000,569000,551000,677000,717000,569000,205000,175000,83000,101000,184000,
implies: 257000,125000,147000,144000,102000,134000,137000,161000,143000,122000,144000,298000,141000,129000,144000,310000,151000,130000,142000,180000,409000,679000,383000,786000,340000,186000,294000,107000,135000,284000,
not_and: 213000,
not_not: 102000,106000,117000,181000,108000,103000,
parsing: 99410000,
evaluate: 181000,
subproof: 1128000,1211000,1105000,1100000,1518000,1031000,1039000,1073000,1542000,1087000,1099000,1098000,1276000,1090000,1053000,1113000,1502000,1084000,1069000,1110000,1226000,2316000,2653000,2331000,2364000,2088000,1930000,1967000,1081000,1118000,1249000,
and_intro: 193000,98000,130000,326000,682000,174000,
equiv_pos1: 94000,
equiv_pos2: 84000,80000,36000,76000,181000,83000,82000,154000,97000,89000,60000,153000,169000,122000,126000,187000,57000,99000,135000,117000,123000,206000,118000,121000,206000,74000,144000,142000,114000,118000,208000,112000,116000,204000,82000,133000,155000,119000,117000,220000,119000,120000,241000,78000,137000,151000,349000,120000,293000,249000,312000,321000,507000,499000,144000,352000,307000,140000,370000,346000,500000,535000,320000,323000,480000,476000,156000,335000,152000,152000,320000,189000,85000,48000,80000,90000,151000,97000,85000,47000,98000,113000,262000,269000,404000,220000,95000,
not_equiv1: 188000,
not_equiv2: 207000,
reordering: 165000,226000,136000,786000,915000,285000,261000,133000,239000,357000,373000,232000,1414000,1406000,313000,206000,1297000,3906000,3795000,318000,413000,214000,234000,221000,180000,343000,157000,258000,371000,
resolution: 175000,231000,197000,154000,218000,189000,1554000,195000,169000,242000,140000,191000,606000,1970000,219000,219000,268000,256000,1023000,141000,147000,144000,200000,147000,176000,417000,372000,1145000,143000,244000,230000,390000,162000,194000,164000,174000,185000,162000,218000,236000,265000,268000,162000,228000,157000,144000,161000,236000,184000,161000,230000,11451000,246000,228000,242000,222000,258000,257000,312000,1142000,240000,272000,245000,229000,205000,260000,257000,227000,152000,351000,238000,224000,490000,147000,160000,241000,231000,507000,164000,1235000,317000,344000,220000,151000,180000,205000,257000,293000,295000,177000,218000,262000,257000,225000,275000,275000,224000,186000,215000,254000,302000,302000,189000,269000,197000,893000,3083000,728000,419000,421000,1399000,172000,181000,142000,173000,210000,248000,308000,294000,190000,232000,266000,263000,221000,277000,277000,195000,175000,210000,245000,306000,313000,222000,249000,422000,376000,1459000,155000,147000,192000,140000,175000,207000,255000,288000,288000,182000,229000,258000,271000,235000,277000,262000,197000,185000,209000,250000,293000,309000,196000,245000,204000,336000,356000,400000,358000,320000,341000,353000,303000,426000,475000,542000,609000,575000,313000,495000,339000,265000,354000,295000,519000,1566000,923000,899000,3377000,325000,273000,430000,269000,372000,336000,423000,515000,538000,623000,580000,333000,552000,356000,822000,690000,3251000,256000,257000,297000,373000,462000,480000,615000,516000,303000,419000,403000,247000,320000,316000,516000,580000,555000,542000,373000,362000,629000,251000,303000,318000,342000,396000,465000,460000,279000,379000,264000,247000,266000,327000,333000,148000,206000,326000,230000,362000,143000,134000,175000,151000,199000,238000,261000,264000,161000,226000,149000,149000,160000,212000,179000,145000,210000,188000,234000,260000,211000,332000,375000,463000,430000,199000,330000,333000,
sko_forall: 871000,1490000,1541000,1483000,1900000,
contraction: 611000,238000,327000,365000,441000,186000,213000,219000,253000,187000,167000,194000,231000,199000,229000,258000,262000,239000,204000,260000,1076000,414000,551000,264000,244000,209000,257000,407000,559000,248000,230000,209000,258000,328000,321000,252000,700000,944000,1335000,598000,924000,1294000,567000,468000,300000,332000,397000,164000,206000,228000,211000,446000,
forall_inst: 662000,706000,666000,699000,663000,702000,694000,647000,675000,673000,733000,754000,791000,934000,718000,687000,687000,690000,721000,788000,1612000,1372000,1571000,1519000,1345000,1505000,1325000,1203000,1519000,1213000,1229000,663000,702000,670000,702000,905000,
implies_pos: 87000,
implies_neg1: 248000,194000,359000,173000,80000,188000,135000,181000,181000,247000,187000,195000,155000,179000,186000,152000,191000,191000,173000,476000,491000,256000,513000,482000,469000,1022000,1028000,357000,177000,121000,127000,404000,
implies_neg2: 86000,175000,358000,162000,182000,209000,149000,163000,154000,226000,187000,150000,190000,330000,186000,152000,186000,329000,180000,154000,186000,243000,461000,698000,486000,686000,458000,235000,331000,125000,183000,390000,
__local_input: 17000,18000,16000,14000,26000,19000,27000,18000,16000,16000,17000,27000,43000,49000,35000,15000,15000,23000,18000,19000,28000,61000,57000,54000,44000,51000,51000,42000,58000,57000,43000,22000,15000,26000,27000,29000,21000,16000,26000,27000,32000,57000,111000,131000,132000,42000,39000,51000,51000,53000,41000,38000,33000,30000,47000,51000,47000,63000,50000,12000,18000,17000,23000,83000,
connective_def: 220000,221000,222000,233000,215000,249000,214000,214000,218000,215000,226000,222000,
equiv_simplify: 155000,169000,174000,185000,212000,181000,533000,525000,325000,530000,417000,253000,170000,170000,170000,154000,154000,
implies_simplify: 330000,
__normalized_input: 3053000,2889000,2386000,2408000,23212000,3721000,3390000,2887000,2679000,2275000,1670000,1504000,1279000,
rare_rewrite_ite-eq: 6498000,
rare_rewrite_eq-refl: 235000,236000,216000,
rare_rewrite_eq-symm: 97000,106000,98000,79000,63000,57000,104000,81000,65000,59000,97000,107000,94000,146000,134000,84000,82000,102000,100000,80000,104000,97000,85000,107000,100000,86000,138000,147000,186000,290000,294000,178000,143000,138000,122000,125000,213000,289000,141000,119000,118000,186000,135000,152000,113000,178000,193000,147000,83000,60000,59000,99000,79000,72000,62000,106000,98000,89000,81000,73000,79000,286000,
rare_rewrite_bool-impl-elim: 6234000,
rare_rewrite_bool-impl-false1: 6198000,6058000,6575000,6274000,6196000,6631000,
rare_rewrite_bool-or-de-morgan: 6087000,6462000,
rare_rewrite_bool-and-de-morgan: 6368000,6366000,5814000,5731000,5720000,5961000,
rare_rewrite_bool-double-not-elim: 94000,91000,91000,125000,97000,149000,112000,144000,101000,148000,126000,223000,215000,86000,92000,113000,90000,111000,87000,

