1; Draft.Scratch_smt_check_7_29623; 2026-04-10 13:47:10.225;
bind: 272000,236000,378000,387000,235000,376000,246000,226000,
cong: 138000,89000,134000,235000,171000,219000,194000,184000,139000,
refl: 48000,47000,47000,49000,140000,
trans: 189000,160000,179000,167000,139000,159000,326000,292000,307000,238000,251000,235000,
equiv1: 143000,265000,278000,
equiv2: 140000,250000,
or_pos: 265000,725000,448000,
and_pos: 142000,256000,
implies: 195000,
not_and: 327000,
parsing: 42983000,
aci_simp: 1050000,1020000,1266000,1073000,1900000,
subproof: 2037000,
equiv_pos2: 180000,41000,131000,595000,197000,133000,164000,215000,58000,
reordering: 210000,190000,419000,1140000,408000,321000,708000,
resolution: 147000,166000,167000,241000,297000,297000,164000,167000,186000,162000,154000,227000,305000,274000,157000,296000,459000,360000,332000,414000,334000,256000,369000,389000,426000,435000,272000,411000,410000,
contraction: 300000,
forall_inst: 888000,743000,772000,1726000,1193000,1665000,
implies_neg1: 247000,
implies_neg2: 238000,
__local_input: 121000,
equiv_simplify: 219000,223000,415000,375000,
__normalized_input: 2414000,2054000,1773000,1603000,1944000,1319000,1155000,1144000,1226000,962000,845000,1273000,
rare_rewrite_eq-symm: 190000,193000,207000,
rare_rewrite_bool-impl-elim: 6701000,6752000,6895000,26223000,11933000,
rare_rewrite_bool-and-de-morgan: 6522000,6472000,6427000,6609000,

