1; Draft.Scratch_smt_check_7_1682; 2026-04-10 13:47:09.476;
bind: 271000,282000,356000,284000,501000,533000,
cong: 119000,110000,128000,98000,65000,70000,270000,92000,89000,217000,179000,219000,162000,113000,123000,291000,
refl: 28000,18000,21000,51000,29000,30000,
symm: 71000,122000,122000,
trans: 297000,260000,285000,273000,498000,478000,575000,
implies: 536000,
parsing: 11589000,
subproof: 2310000,
equiv_pos2: 431000,199000,357000,
resolution: 161000,310000,311000,405000,696000,625000,325000,512000,
contraction: 688000,
forall_inst: 1327000,1478000,
implies_neg1: 670000,
implies_neg2: 601000,
__local_input: 219000,
connective_def: 701000,721000,
__normalized_input: 12868000,8766000,2680000,3056000,
rare_rewrite_eq-symm: 198000,200000,385000,
rare_rewrite_bool-double-not-elim: 362000,509000,

