1; Draft.Scratch_smt_check_7_1244; 2026-04-10 13:46:45.302;
bind: 472000,460000,255000,269000,474000,474000,837000,410000,
cong: 394000,469000,296000,263000,146000,345000,403000,463000,601000,
refl: 23000,37000,
trans: 407000,420000,372000,392000,412000,222000,401000,408000,420000,386000,392000,362000,504000,687000,
implies: 333000,
parsing: 43880000,
aci_simp: 1235000,1234000,1413000,1346000,1292000,2209000,
equiv_pos2: 150000,437000,641000,
resolution: 135000,288000,256000,465000,285000,422000,
connective_def: 601000,300000,
miniscope_split: 659000,
__normalized_input: 2139000,1377000,1545000,859000,
rare_rewrite_bool-impl-elim: 6237000,12330000,11833000,
rare_rewrite_bool-and-de-morgan: 6376000,6643000,6214000,12034000,12241000,

