1; Draft.Scratch_smt_check_7_32375; 2026-04-10 13:49:44.902;
bind: 700000,727000,626000,673000,306000,435000,423000,326000,440000,416000,
cong: 173000,264000,141000,97000,86000,162000,251000,142000,192000,69000,174000,147000,112000,103000,84000,66000,58000,65000,
refl: 66000,440000,39000,502000,52000,36000,
symm: 402000,342000,277000,336000,332000,391000,208000,106000,
false: 20000,
trans: 275000,419000,626000,529000,543000,538000,553000,536000,475000,281000,679000,508000,327000,299000,274000,131000,356000,302000,545000,355000,246000,270000,256000,
equiv2: 371000,254000,
not_not: 313000,
parsing: 26906000,
aci_simp: 2038000,1123000,1080000,1155000,1142000,
evaluate: 388000,231000,270000,
onepoint: 1650000,1619000,
qnt_join: 321000,365000,
equiv_pos2: 452000,230000,110000,40000,
resolution: 250000,359000,374000,455000,408000,584000,440000,537000,236000,392000,
forall_inst: 1649000,883000,
qnt_rm_unused: 440000,1357000,522000,1965000,
equiv_simplify: 511000,328000,
__normalized_input: 14069000,5470000,858000,682000,870000,
rare_rewrite_eq-refl: 250000,130000,
rare_rewrite_eq-symm: 460000,377000,170000,149000,140000,
rare_rewrite_or-not-refl: 6993000,6703000,
rare_rewrite_bool-impl-elim: 6419000,
rare_rewrite_bool-and-de-morgan: 5964000,
rare_rewrite_bool-double-not-elim: 239000,

