1; Draft.Scratch_smt_check_7_7321; 2026-04-10 13:49:49.513;
bind: 250000,207000,208000,453000,453000,447000,232000,205000,445000,493000,443000,221000,208000,185000,197000,238000,345000,941000,852000,839000,419000,390000,849000,935000,849000,535000,395000,336000,355000,357000,362000,220000,225000,215000,
cong: 70000,89000,75000,102000,181000,178000,98000,184000,176000,86000,68000,170000,174000,120000,106000,106000,178000,179000,98000,174000,174000,91000,70000,184000,177000,125000,99000,98000,460000,273000,224000,124000,68000,68000,76000,48000,48000,77000,103000,96000,96000,83000,172000,165000,105000,83000,85000,172000,521000,326000,290000,153000,304000,284000,139000,113000,313000,304000,203000,171000,199000,307000,297000,163000,309000,308000,146000,114000,388000,281000,200000,170000,176000,840000,517000,404000,204000,126000,113000,133000,104000,78000,123000,170000,163000,159000,115000,181000,171000,84000,45000,53000,108000,291000,202000,122000,73000,77000,88000,71000,98000,190000,118000,
refl: 46000,20000,74000,34000,89000,29000,20000,34000,74000,35000,71000,32000,22000,32000,85000,38000,18000,37000,35000,35000,21000,68000,125000,58000,169000,51000,32000,62000,156000,59000,134000,52000,34000,60000,160000,65000,28000,68000,61000,63000,54000,63000,41000,28000,19000,79000,
symm: 120000,176000,406000,212000,94000,207000,103000,
trans: 192000,195000,145000,149000,374000,394000,194000,202000,375000,424000,195000,210000,163000,168000,208000,180000,186000,9924000,382000,409000,709000,758000,416000,400000,723000,751000,365000,383000,316000,334000,368000,390000,338000,301000,202000,201000,200000,277000,194000,200000,157000,147000,166000,164000,164000,
equiv1: 357000,208000,
equiv2: 161000,323000,
or_neg: 565000,645000,543000,342000,340000,356000,
or_pos: 385000,225000,
implies: 422000,417000,840000,176000,
not_not: 152000,269000,
parsing: 44717000,
aci_simp: 960000,
evaluate: 218000,
subproof: 1365000,2761000,2743000,1161000,
equiv_pos1: 301000,155000,
equiv_pos2: 124000,308000,316000,762000,85000,215000,89000,198000,681000,597000,617000,1236000,133000,229000,41000,96000,349000,230000,124000,210000,
reordering: 449000,1166000,868000,248000,589000,403000,
resolution: 187000,258000,190000,239000,364000,309000,405000,501000,630000,556000,308000,385000,199000,225000,186000,246000,225000,201000,216000,281000,416000,709000,875000,523000,669000,715000,556000,409000,639000,526000,644000,952000,1180000,1021000,568000,661000,346000,402000,396000,409000,414000,364000,377000,491000,253000,409000,525000,270000,318000,318000,204000,299000,
contraction: 655000,896000,709000,1384000,467000,276000,
forall_inst: 1075000,1348000,1948000,1082000,815000,808000,
implies_neg1: 577000,1107000,312000,244000,
implies_neg2: 608000,564000,1182000,228000,
__local_input: 184000,273000,144000,127000,
connective_def: 289000,269000,529000,518000,
equiv_simplify: 244000,494000,450000,285000,
__normalized_input: 11268000,8371000,2302000,657000,639000,573000,
rare_rewrite_eq-refl: 140000,115000,
rare_rewrite_eq-symm: 99000,146000,114000,96000,150000,120000,121000,118000,117000,120000,121000,128000,120000,148000,150000,114000,244000,194000,400000,218000,320000,232000,209000,227000,298000,223000,205000,295000,285000,210000,245000,190000,198000,109000,155000,113000,103000,149000,170000,212000,
rare_rewrite_bool-eq-true: 6577000,
rare_rewrite_bool-eq-false: 11721000,11944000,5767000,6348000,
rare_rewrite_bool-impl-elim: 11191000,11362000,
rare_rewrite_bool-and-de-morgan: 6172000,5936000,11920000,11750000,
rare_rewrite_bool-double-not-elim: 229000,463000,232000,246000,

