1; Draft.Scratch_smt_check_7_12404; 2026-04-10 13:49:45.770;
bind: 1240000,1133000,1219000,474000,652000,688000,671000,766000,321000,409000,
cong: 392000,77000,123000,445000,422000,199000,192000,223000,281000,285000,118000,349000,263000,235000,246000,53000,80000,283000,252000,139000,132000,160000,175000,186000,96000,
refl: 128000,157000,32000,144000,130000,181000,34000,38000,69000,80000,23000,90000,74000,108000,23000,
symm: 632000,
trans: 959000,925000,775000,816000,423000,411000,588000,606000,624000,538000,781000,435000,467000,245000,284000,345000,363000,
equiv1: 560000,336000,
or_pos: 933000,562000,
and_neg: 509000,
and_pos: 1185000,977000,
implies: 1092000,
parsing: 34071000,
aci_simp: 2592000,1501000,
subproof: 3034000,
equiv_pos2: 951000,323000,64000,454000,179000,39000,
reordering: 1834000,1505000,2105000,1016000,
resolution: 426000,628000,790000,703000,429000,559000,386000,1020000,1258000,973000,1336000,700000,734000,475000,255000,369000,276000,
contraction: 1493000,1537000,
forall_inst: 2316000,1387000,
implies_neg1: 913000,
implies_neg2: 1313000,
__local_input: 116000,69000,
connective_def: 572000,763000,339000,417000,
__normalized_input: 14745000,5556000,857000,798000,579000,966000,
rare_rewrite_bool-impl-elim: 12217000,8063000,
rare_rewrite_bool-and-de-morgan: 11576000,11435000,11822000,7262000,7090000,7223000,
rare_rewrite_bool-double-not-elim: 428000,652000,255000,350000,

