1; Draft.Scratch_smt_check_7_21503; 2026-04-10 13:41:33.078;
cong: 122000,112000,55000,123000,128000,191000,125000,
symm: 123000,134000,121000,
false: 17000,
trans: 144000,190000,146000,114000,151000,157000,160000,166000,138000,
equiv1: 123000,
implies: 189000,
parsing: 1428000,
evaluate: 371000,200000,289000,366000,388000,
and_intro: 120000,
poly_simp: 2979000,4854000,3710000,
equiv_pos2: 91000,92000,137000,81000,124000,
la_generic: 8098000,
resolution: 156000,220000,313000,240000,267000,331000,226000,266000,355000,
la_mult_neg: 297000,
poly_simp_rel: 1807000,1708000,
equiv_simplify: 312000,
__normalized_input: 729000,964000,
rare_rewrite_arith-elim-gt: 10746000,
rare_rewrite_arith-elim-lt: 10714000,10526000,11059000,
rare_rewrite_arith-elim-leq: 10618000,10716000,

