1; Draft.Scratch_smt_check_7_8409; 2026-04-10 13:41:34.720;
cong: 523000,554000,213000,1885000,1169000,185000,233000,191000,359000,318000,553000,592000,272000,1931000,1145000,401000,274000,547000,594000,273000,1914000,1115000,364000,244000,302000,376000,249000,93000,86000,102000,294000,110000,96000,117000,374000,173000,184000,502000,665000,168000,221000,156000,371000,128000,296000,299000,138000,143000,211000,539000,412000,293000,553000,601000,292000,1911000,1947000,639000,471000,390000,524000,557000,718000,377000,165000,143000,152000,296000,112000,93000,105000,397000,269000,363000,243000,211000,269000,309000,388000,245000,99000,85000,109000,474000,199000,171000,176000,1990000,
ite1: 237000,195000,
ite2: 198000,225000,
refl: 33000,53000,47000,39000,45000,37000,98000,123000,30000,49000,110000,107000,27000,47000,67000,254000,245000,26000,34000,69000,47000,57000,38000,43000,99000,110000,36000,45000,42000,216000,197000,263000,275000,27000,99000,106000,126000,134000,56000,497000,457000,
symm: 143000,301000,367000,539000,147000,134000,142000,151000,296000,362000,508000,148000,296000,359000,504000,511000,148000,139000,176000,147000,303000,365000,498000,532000,489000,507000,492000,
true: 38000,40000,
trans: 699000,664000,660000,103000,643000,559000,244000,248000,250000,104000,206000,174000,741000,695000,692000,114000,668000,512000,542000,518000,516000,724000,692000,718000,113000,667000,515000,426000,475000,237000,100000,124000,136000,276000,112000,135000,144000,692000,226000,220000,226000,98000,193000,180000,156000,260000,531000,531000,540000,720000,692000,716000,124000,666000,546000,789000,913000,474000,594000,535000,167000,207000,212000,494000,117000,138000,140000,505000,537000,447000,481000,264000,322000,227000,100000,125000,125000,46582000,238000,247000,261000,
equiv1: 1102000,86000,288000,134000,76000,1067000,80000,1069000,79000,497000,310000,139000,74000,408000,1091000,81000,2524000,771000,1167000,423000,497000,
equiv2: 405000,338000,
or_neg: 657000,532000,586000,609000,206000,222000,218000,640000,526000,604000,586000,701000,509000,569000,602000,204000,206000,256000,662000,532000,587000,617000,1322000,1289000,1287000,
and_pos: 760000,587000,664000,700000,198000,198000,199000,187000,198000,206000,741000,569000,995000,693000,738000,562000,630000,676000,192000,190000,200000,190000,211000,218000,780000,585000,668000,753000,1627000,1633000,1607000,1137000,875000,849000,
implies: 343000,208000,181000,281000,220000,412000,361000,535000,165000,289000,195000,394000,545000,1335000,
not_and: 564000,204000,550000,562000,212000,578000,1147000,
parsing: 68563000,
evaluate: 239000,134000,190000,264000,280000,238000,125000,180000,229000,286000,249000,133000,192000,265000,269000,286000,132000,191000,269000,269000,230000,132000,184000,228000,264000,306000,223000,216000,295000,297000,
subproof: 1531000,1078000,1016000,1237000,1512000,1518000,1084000,990000,1358000,1536000,3080000,2257000,
and_intro: 203000,132000,111000,189000,135000,245000,208000,313000,101000,276000,132000,272000,315000,746000,
poly_simp: 2131000,2516000,2624000,2848000,1365000,1434000,1607000,7003000,2201000,2035000,1380000,1448000,4323000,2158000,2451000,2574000,2785000,1383000,1404000,1630000,7141000,2274000,2530000,2659000,2558000,2738000,1389000,1399000,1616000,7041000,1933000,1538000,1489000,1581000,1515000,1511000,1605000,2835000,2295000,2441000,2244000,7148000,1568000,1612000,16446000,2888000,2371000,2493000,2331000,2687000,2772000,2828000,3074000,1489000,1475000,1688000,7276000,3422000,5808000,6209000,2790000,2794000,2777000,1532000,1443000,1569000,1960000,2516000,2073000,3146000,3062000,1826000,1473000,1654000,3373000,3177000,3203000,
equiv_pos1: 869000,
equiv_pos2: 98000,248000,313000,445000,581000,1027000,99000,86000,189000,109000,102000,239000,99000,247000,305000,450000,624000,978000,103000,246000,312000,439000,611000,1012000,345000,650000,648000,97000,170000,110000,110000,104000,246000,524000,510000,97000,250000,310000,451000,1261000,2135000,890000,345000,419000,444000,424000,724000,2598000,
la_generic: 11776000,8196000,22314000,13001000,7812000,13210000,
reordering: 824000,11215000,592000,749000,817000,2783000,809000,2856000,596000,773000,830000,2907000,5147000,3427000,
resolution: 207000,383000,1018000,2739000,662000,962000,713000,2197000,247000,754000,242000,262000,295000,190000,342000,481000,376000,242000,201000,424000,489000,235000,241000,320000,275000,661000,100000,197000,189000,173000,204000,213000,167000,328000,196000,212000,208000,179000,151000,505000,455000,765000,218000,348000,738000,1013000,2752000,638000,917000,650000,2064000,249000,780000,190000,209000,311000,348000,352000,148000,454000,1015000,2743000,644000,940000,683000,2107000,285000,792000,228000,277000,331000,353000,360000,479000,163000,426000,510000,508000,439000,587000,159000,419000,481000,244000,242000,317000,266000,643000,107000,226000,209000,173000,210000,207000,170000,311000,197000,175000,172000,149000,269000,542000,557000,866000,215000,438000,432000,386000,324000,1129000,2843000,682000,968000,697000,2153000,256000,788000,193000,201000,198000,332000,302000,364000,368000,496000,176000,1816000,3028000,1346000,1261000,2064000,1328000,3350000,202000,677000,749000,1016000,651000,761000,687000,511000,624000,452000,2185000,1853000,2459000,422000,336000,439000,
contraction: 1260000,903000,1188000,368000,262000,309000,152000,419000,468000,1264000,832000,1075000,1230000,848000,1083000,365000,253000,309000,159000,439000,469000,1317000,875000,1125000,2552000,2037000,2367000,1968000,2015000,
forall_inst: 654000,672000,807000,699000,
la_mult_neg: 421000,282000,271000,289000,511000,450000,636000,244000,303000,524000,643000,
implies_neg1: 1180000,142000,302000,459000,1179000,1136000,148000,301000,463000,2445000,1393000,4073000,
implies_neg2: 669000,195000,112000,434000,644000,648000,197000,112000,469000,673000,1431000,2112000,
__local_input: 96000,22000,55000,75000,29000,25000,23000,25000,22000,23000,31000,95000,20000,50000,91000,96000,22000,54000,70000,31000,26000,22000,29000,21000,23000,32000,211000,44000,117000,169000,92000,93000,92000,208000,202000,235000,
comp_simplify: 3445000,3440000,
poly_simp_rel: 960000,1110000,1173000,982000,961000,1109000,1228000,1006000,1173000,1194000,1333000,1279000,1740000,1128000,1170000,987000,1251000,1105000,1130000,1119000,1165000,1225000,1430000,2388000,2310000,2623000,1306000,1325000,1419000,1271000,1315000,
equiv_simplify: 150000,151000,153000,152000,588000,146000,495000,177000,989000,1283000,508000,599000,
la_disequality: 647000,
implies_simplify: 1264000,368000,207000,1251000,1260000,366000,209000,1248000,3051000,
__normalized_input: 1325000,2155000,
rare_rewrite_ite-eq: 6607000,6675000,
rare_rewrite_eq-refl: 499000,231000,535000,520000,221000,277000,
rare_rewrite_ite-not-cond: 6055000,6133000,14372000,11190000,6411000,12618000,
rare_rewrite_arith-elim-gt: 6686000,7849000,6537000,
rare_rewrite_arith-elim-lt: 6996000,9765000,5807000,6329000,5870000,7024000,10100000,9895000,5538000,5613000,16218000,6822000,27465000,10469000,5610000,5909000,12068000,
rare_rewrite_arith-elim-leq: 6748000,7214000,7035000,
rare_rewrite_bool-double-not-elim: 123000,497000,149000,949000,923000,

