1; Draft.Scratch_smt_check_7_19062; 2026-04-10 13:50:54.711;
bind: 289000,305000,287000,241000,239000,226000,250000,242000,378000,383000,412000,416000,400000,329000,351000,618000,552000,628000,483000,517000,461000,491000,631000,
cong: 82000,94000,75000,91000,213000,113000,121000,75000,59000,82000,68000,125000,103000,151000,104000,68000,99000,105000,83000,68000,66000,107000,79000,68000,88000,282000,128000,105000,215000,149000,162000,97000,100000,130000,141000,147000,118000,93000,165000,66000,70000,290000,238000,78000,60000,66000,326000,171000,242000,293000,
refl: 29000,30000,36000,86000,70000,27000,37000,183000,153000,117000,
symm: 229000,211000,274000,438000,
false: 14000,
trans: 379000,218000,239000,238000,205000,189000,373000,362000,357000,379000,321000,317000,309000,318000,343000,270000,196000,216000,220000,211000,223000,155000,184000,581000,450000,435000,437000,437000,471000,324000,365000,
choice: 66000,
equiv1: 185000,
equiv2: 183000,155000,424000,
not_or: 381000,
or_neg: 225000,237000,221000,
or_pos: 300000,238000,509000,734000,672000,
and_pos: 210000,
implies: 259000,205000,335000,
not_not: 181000,187000,
parsing: 27709000,
aci_simp: 1246000,1255000,1064000,1203000,1141000,1061000,1470000,
evaluate: 540000,
qnt_join: 496000,
subproof: 1504000,1267000,1289000,
equiv_pos1: 41000,
equiv_pos2: 150000,174000,278000,123000,106000,124000,125000,183000,68000,203000,200000,338000,234000,136000,138000,81000,179000,864000,296000,391000,65000,
reordering: 313000,233000,260000,369000,277000,402000,301000,614000,1724000,1380000,998000,
resolution: 167000,220000,211000,303000,248000,312000,356000,429000,426000,265000,330000,307000,263000,306000,331000,248000,323000,255000,244000,300000,324000,336000,344000,221000,328000,254000,204000,264000,266000,317000,392000,472000,433000,253000,367000,226000,352000,465000,340000,380000,223000,304000,360000,429000,229000,206000,243000,250000,333000,429000,357000,370000,523000,541000,488000,598000,
sko_forall: 1495000,
contraction: 389000,296000,463000,323000,
forall_inst: 1018000,974000,940000,774000,983000,959000,764000,2387000,1645000,2170000,
implies_neg1: 415000,246000,435000,
implies_neg2: 366000,248000,443000,
__local_input: 358000,202000,313000,
equiv_simplify: 309000,225000,334000,584000,
miniscope_split: 1179000,705000,
__normalized_input: 26662000,24970000,24002000,23159000,21512000,16595000,9715000,3744000,2180000,1918000,1314000,1441000,1370000,1240000,971000,976000,1165000,
rare_rewrite_eq-symm: 161000,154000,169000,154000,158000,173000,139000,168000,167000,119000,161000,140000,216000,158000,
rare_rewrite_bool-impl-elim: 7124000,7534000,13037000,12916000,
rare_rewrite_bool-impl-false1: 6430000,7279000,6724000,6459000,6581000,
rare_rewrite_bool-and-de-morgan: 6404000,7272000,7082000,6567000,6867000,12869000,
rare_rewrite_bool-double-not-elim: 204000,150000,155000,

