1; Draft.Scratch_smt_check_7_8105; 2026-04-10 13:43:17.750;
bind: 228000,374000,336000,342000,392000,315000,345000,
cong: 96000,159000,144000,120000,174000,103000,103000,57000,157000,138000,129000,174000,103000,129000,56000,523000,361000,186000,186000,273000,176000,268000,356000,148000,358000,
refl: 48000,47000,84000,133000,73000,134000,143000,71000,131000,152000,
symm: 113000,293000,254000,246000,
false: 11000,
trans: 119000,275000,193000,209000,118000,136000,151000,130000,123000,263000,189000,206000,116000,133000,150000,137000,137000,278000,237000,291000,211000,357000,371000,358000,154000,321000,259000,
equiv1: 77000,
or_pos: 480000,302000,
implies: 167000,229000,263000,
parsing: 34575000,
aci_simp: 1160000,987000,932000,1130000,985000,926000,
evaluate: 253000,216000,304000,400000,413000,
not_symm: 69000,
subproof: 2111000,2005000,
and_intro: 119000,
poly_simp: 2739000,2331000,2174000,1726000,2349000,1757000,4359000,4078000,2817000,3097000,12790000,
equiv_pos1: 94000,
equiv_pos2: 146000,90000,72000,237000,262000,732000,210000,241000,243000,375000,318000,
la_generic: 14693000,
reordering: 663000,379000,
resolution: 90000,153000,289000,175000,257000,253000,159000,169000,265000,228000,141000,237000,262000,304000,321000,330000,429000,485000,289000,298000,336000,315000,390000,427000,494000,487000,379000,387000,
contraction: 366000,452000,
forall_inst: 715000,909000,1288000,
la_mult_neg: 298000,
implies_neg1: 590000,337000,
implies_neg2: 306000,322000,
__local_input: 108000,79000,
comp_simplify: 1401000,1337000,
poly_simp_rel: 1030000,964000,966000,990000,1898000,
equiv_simplify: 160000,
la_disequality: 75000,
__normalized_input: 2457000,5259000,1142000,4951000,690000,852000,923000,
rare_rewrite_eq-symm: 71000,68000,113000,
rare_rewrite_arith-elim-lt: 25053000,
rare_rewrite_arith-elim-leq: 5729000,
rare_rewrite_bool-impl-elim: 5991000,6198000,11503000,11648000,
rare_rewrite_bool-and-de-morgan: 5876000,6070000,5641000,5872000,
rare_rewrite_bool-double-not-elim: 69000,80000,69000,77000,154000,159000,

