1; Draft.Scratch_smt_check_7_30430; 2026-04-10 13:51:05.572;
bind: 575000,377000,321000,331000,342000,610000,186000,167000,291000,
cong: 175000,140000,189000,113000,132000,115000,158000,85000,106000,122000,66000,83000,85000,148000,124000,132000,84000,85000,107000,82000,79000,87000,108000,80000,86000,82000,125000,161000,137000,209000,111000,152000,135000,218000,168000,103000,153000,78000,112000,109000,74000,97000,79000,151000,111000,140000,92000,83000,111000,77000,84000,232000,59000,83000,91000,82000,105000,71000,115000,60000,150000,94000,60000,90000,46000,61000,68000,50000,54000,57000,80000,61000,79000,50000,48000,68000,51000,57000,134000,368000,
refl: 28000,34000,29000,29000,36000,33000,33000,31000,27000,31000,22000,17000,35000,15000,21000,67000,64000,66000,
symm: 252000,221000,252000,238000,218000,226000,498000,375000,216000,246000,364000,254000,272000,539000,153000,107000,121000,177000,117000,117000,260000,
trans: 433000,404000,375000,298000,355000,433000,439000,399000,607000,557000,175000,228000,251000,214000,258000,263000,
equiv1: 757000,266000,
equiv2: 495000,431000,232000,
or_neg: 622000,602000,573000,619000,
and_pos: 593000,602000,735000,736000,699000,709000,
implies: 1022000,
not_and: 641000,
not_not: 402000,200000,
parsing: 34139000,
evaluate: 512000,
subproof: 2375000,2704000,
and_intro: 283000,
equiv_pos2: 197000,120000,136000,70000,284000,74000,140000,142000,183000,71000,178000,87000,282000,273000,56000,83000,83000,43000,79000,40000,154000,129000,427000,
reordering: 1165000,3068000,
resolution: 483000,564000,485000,484000,420000,564000,492000,500000,518000,482000,1299000,3225000,622000,643000,757000,582000,1060000,449000,490000,446000,513000,489000,423000,566000,565000,531000,435000,513000,572000,460000,1386000,1081000,2496000,223000,296000,266000,259000,223000,386000,297000,275000,318000,224000,311000,279000,
contraction: 1380000,702000,717000,1318000,1451000,
forall_inst: 1594000,1455000,1507000,1513000,969000,876000,
implies_neg1: 2464000,749000,
implies_neg2: 523000,1327000,
__local_input: 111000,259000,113000,78000,74000,199000,
equiv_simplify: 654000,681000,336000,442000,
implies_simplify: 960000,
__normalized_input: 21893000,21143000,18197000,12267000,1646000,1308000,
rare_rewrite_eq-symm: 416000,374000,283000,284000,402000,342000,501000,142000,199000,162000,250000,
rare_rewrite_bool-eq-false: 12779000,12766000,6962000,8009000,
rare_rewrite_bool-double-not-elim: 270000,

