1; Draft.Scratch_smt_check_7_3012; 2026-04-10 13:45:55.470;
bind: 546000,598000,540000,522000,535000,540000,531000,527000,516000,534000,544000,986000,1004000,971000,937000,533000,550000,534000,
cong: 110000,484000,358000,98000,83000,78000,331000,153000,354000,99000,249000,192000,107000,156000,246000,160000,92000,50000,137000,375000,103000,253000,193000,107000,166000,242000,167000,90000,41000,90000,459000,306000,116000,44000,74000,74000,289000,87000,68000,35000,42000,47000,135000,90000,47000,48000,70000,90000,51000,54000,357000,96000,260000,190000,107000,150000,241000,167000,95000,47000,98000,359000,90000,247000,192000,123000,243000,465000,264000,151000,98000,140000,852000,567000,160000,69000,117000,100000,562000,159000,185000,73000,81000,81000,619000,147000,425000,307000,169000,243000,245000,174000,92000,49000,99000,366000,99000,250000,186000,105000,157000,244000,222000,89000,42000,88000,457000,415000,106000,45000,93000,65000,293000,84000,69000,38000,44000,45000,378000,122000,99000,67000,36000,25000,40000,36000,25000,24000,129000,
refl: 32000,69000,36000,82000,73000,75000,32000,70000,74000,72000,33000,81000,73000,28000,71000,76000,72000,34000,73000,75000,149000,63000,130000,145000,136000,73000,34000,73000,74000,73000,32000,71000,71000,14000,16000,21000,
symm: 77000,92000,89000,63000,168000,57000,
trans: 433000,460000,8360000,601000,210000,151000,216000,224000,207000,441000,450000,361000,396000,216000,145000,214000,226000,217000,323000,110000,81000,83000,81000,122000,98000,68000,426000,441000,365000,412000,220000,149000,224000,223000,205000,419000,466000,356000,407000,209000,151000,394000,412000,372000,593000,229000,120000,141000,138000,853000,841000,696000,708000,415000,294000,399000,487000,272000,434000,515000,359000,381000,206000,153000,214000,228000,220000,317000,108000,74000,89000,82000,
equiv1: 74000,382000,
equiv2: 114000,210000,400000,
or_neg: 133000,165000,239000,239000,207000,215000,148000,156000,152000,148000,142000,183000,
or_pos: 234000,406000,247000,388000,
and_pos: 272000,216000,222000,284000,552000,574000,445000,455000,145000,
implies: 84000,421000,366000,349000,881000,365000,
not_and: 237000,
not_not: 178000,
parsing: 95477000,
aci_simp: 1488000,1141000,1162000,1649000,1167000,1063000,1142000,1462000,1137000,1123000,1415000,2057000,2130000,2072000,2938000,2005000,1140000,1580000,1056000,1041000,1269000,
evaluate: 221000,152000,149000,218000,320000,231000,310000,383000,206000,133000,189000,233000,
subproof: 4784000,1972000,1211000,2047000,2736000,2577000,
and_intro: 616000,
equiv_pos1: 29000,29000,32000,
equiv_pos2: 65000,34000,606000,600000,362000,368000,532000,515000,358000,684000,1140000,998000,49000,370000,368000,540000,508000,264000,136000,121000,32000,96000,
reordering: 196000,147000,335000,372000,977000,719000,2317000,346000,169000,556000,183000,154000,149000,159000,
resolution: 245000,171000,213000,139000,239000,217000,157000,319000,391000,506000,567000,795000,755000,497000,188000,170000,252000,205000,252000,417000,400000,444000,632000,667000,370000,400000,595000,1634000,254000,261000,347000,295000,948000,147000,178000,297000,204000,203000,244000,405000,407000,436000,642000,668000,383000,394000,990000,882000,1926000,376000,476000,713000,413000,568000,633000,672000,380000,423000,319000,310000,351000,322000,334000,
contraction: 159000,640000,647000,585000,330000,426000,618000,1084000,1275000,630000,221000,232000,
forall_inst: 1787000,1043000,1886000,1055000,
implies_neg1: 630000,605000,1118000,738000,613000,559000,
implies_neg2: 591000,560000,253000,579000,1062000,577000,
__local_input: 136000,139000,232000,83000,25000,39000,80000,133000,32000,31000,16000,54000,
equiv_simplify: 302000,557000,
implies_simplify: 512000,
__normalized_input: 1653000,524000,492000,438000,825000,
rare_rewrite_eq-refl: 60000,84000,106000,146000,67000,123000,
rare_rewrite_eq-symm: 72000,113000,100000,132000,70000,96000,98000,114000,68000,90000,104000,113000,70000,92000,108000,121000,122000,173000,180000,188000,70000,102000,99000,111000,64000,86000,
rare_rewrite_bool-eq-nrefl: 6290000,11511000,6079000,
rare_rewrite_bool-impl-elim: 7057000,6737000,6597000,13048000,12868000,6841000,
rare_rewrite_bool-not-eq-elim1: 6620000,5958000,6020000,6089000,5889000,7118000,6275000,33820000,11926000,12502000,6122000,6056000,
rare_rewrite_bool-and-de-morgan: 6139000,6372000,6098000,6683000,5763000,6002000,12223000,12129000,11693000,12108000,6278000,6653000,
rare_rewrite_bool-double-not-elim: 217000,88000,104000,
rare_rewrite_bool-implies-de-morgan: 6079000,5959000,6364000,6869000,12232000,6252000,

