1; Draft.Scratch_smt_check_7_31000; 2026-04-10 13:45:56.225;
bind: 211000,226000,216000,180000,194000,167000,401000,393000,391000,348000,368000,
cong: 96000,138000,133000,104000,100000,109000,122000,115000,112000,172000,230000,217000,173000,
refl: 97000,72000,31000,72000,40000,207000,146000,94000,130000,
symm: 188000,348000,
trans: 192000,195000,205000,199000,200000,236000,177000,161000,175000,140000,164000,125000,134000,121000,142000,401000,400000,495000,393000,378000,393000,299000,305000,340000,268000,402000,216000,250000,
choice: 73000,
or_neg: 127000,127000,150000,120000,134000,154000,120000,
or_pos: 267000,
implies: 195000,
parsing: 21693000,
aci_simp: 1040000,978000,1183000,1206000,973000,1954000,2013000,2031000,1768000,
qnt_join: 228000,447000,
subproof: 14605000,
equiv_pos2: 183000,95000,106000,112000,94000,322000,
reordering: 185000,180000,356000,
resolution: 393000,266000,339000,161000,180000,290000,251000,139000,266000,276000,239000,279000,382000,638000,704000,464000,
sko_forall: 1016000,
contraction: 199000,209000,309000,
forall_inst: 1340000,
implies_neg1: 524000,
implies_neg2: 266000,
__local_input: 127000,
miniscope_split: 329000,282000,594000,520000,
__normalized_input: 1365000,777000,762000,1063000,
rare_rewrite_bool-impl-elim: 6213000,6233000,6151000,12048000,11823000,
rare_rewrite_bool-and-de-morgan: 5992000,6424000,5960000,11508000,11913000,
rare_rewrite_bool-double-not-elim: 75000,86000,

