1; Draft.Scratch_smt_check_7_22288; 2026-04-10 13:45:56.726;
and: 84000,135000,132000,91000,
bind: 257000,221000,236000,233000,217000,224000,210000,332000,
cong: 46000,48000,55000,79000,97000,96000,220000,167000,175000,89000,124000,82000,83000,288000,170000,101000,127000,71000,170000,98000,232000,327000,301000,457000,129000,121000,134000,130000,146000,45000,89000,131000,79000,119000,97000,89000,77000,189000,189000,204000,94000,188000,282000,155000,503000,390000,133000,142000,131000,249000,197000,240000,118000,116000,96000,64000,114000,115000,93000,210000,200000,138000,129000,
refl: 43000,40000,98000,39000,39000,27000,50000,41000,73000,40000,34000,40000,
symm: 103000,177000,158000,163000,251000,165000,182000,92000,
trans: 97000,86000,122000,119000,116000,197000,227000,213000,160000,99000,100000,97000,196000,180000,204000,159000,217000,339000,313000,336000,181000,268000,198000,197000,184000,199000,197000,213000,92000,147000,112000,119000,91000,94000,105000,108000,108000,120000,169000,158000,177000,89000,167000,160000,183000,180000,263000,329000,172000,165000,
equiv1: 449000,142000,310000,153000,76000,
or_neg: 273000,283000,348000,384000,437000,269000,304000,
or_pos: 576000,519000,
and_pos: 291000,311000,326000,328000,228000,119000,146000,
implies: 207000,266000,124000,174000,198000,
not_and: 326000,258000,
parsing: 47609000,
aci_simp: 1144000,1116000,1069000,
evaluate: 410000,236000,307000,388000,401000,229000,126000,186000,221000,251000,
subproof: 2053000,1960000,1768000,1099000,1731000,
and_intro: 156000,167000,147000,114000,
poly_simp: 2207000,1546000,2127000,1818000,1776000,1780000,1850000,3862000,2771000,3105000,3110000,3714000,2881000,2863000,3953000,4702000,6793000,3091000,2926000,2962000,2813000,1855000,1453000,1560000,3101000,1743000,1577000,2419000,4290000,3057000,3167000,3341000,
equiv_pos1: 80000,
equiv_pos2: 50000,78000,38000,60000,79000,315000,241000,179000,110000,178000,170000,264000,408000,129000,91000,97000,128000,75000,80000,55000,69000,139000,139000,268000,697000,235000,
la_generic: 10877000,5546000,
not_equiv1: 196000,
not_equiv2: 190000,
reordering: 424000,1137000,509000,376000,650000,664000,
resolution: 257000,187000,226000,245000,151000,208000,193000,210000,290000,292000,288000,668000,440000,450000,273000,386000,670000,789000,394000,517000,438000,1130000,286000,478000,437000,330000,305000,369000,361000,303000,266000,240000,355000,454000,490000,329000,346000,406000,373000,722000,222000,485000,285000,315000,859000,356000,288000,268000,328000,275000,283000,375000,154000,348000,328000,471000,236000,299000,316000,341000,454000,522000,312000,269000,475000,
contraction: 341000,642000,409000,509000,381000,335000,351000,186000,256000,260000,334000,
forall_inst: 1392000,1208000,1207000,1412000,
la_mult_neg: 374000,399000,212000,
implies_neg1: 462000,94000,180000,243000,562000,
implies_neg2: 289000,229000,141000,251000,337000,
__local_input: 38000,40000,59000,34000,26000,37000,20000,42000,124000,
comp_simplify: 1331000,1318000,
poly_simp_rel: 929000,880000,915000,1033000,965000,958000,990000,1770000,1912000,1882000,1893000,1794000,1838000,1269000,1021000,924000,1748000,1915000,1854000,
equiv_simplify: 276000,152000,
la_disequality: 65000,
implies_simplify: 587000,467000,288000,
__normalized_input: 3233000,1779000,1391000,1009000,776000,776000,1188000,
rare_rewrite_eq-symm: 314000,
rare_rewrite_arith-elim-gt: 5899000,10972000,5652000,
rare_rewrite_arith-elim-lt: 5706000,5831000,15065000,11690000,11054000,10401000,6097000,6528000,5882000,11382000,11524000,
rare_rewrite_arith-elim-leq: 5860000,5589000,10816000,5369000,6885000,5819000,5848000,11436000,11458000,11382000,
rare_rewrite_bool-impl-elim: 6166000,6954000,20175000,
rare_rewrite_bool-and-de-morgan: 5997000,7047000,5844000,
rare_rewrite_bool-double-not-elim: 96000,111000,197000,193000,79000,134000,

