1; Draft.Scratch_smt_check_7_24885; 2026-04-10 13:52:14.050;
bind: 477000,463000,394000,410000,429000,428000,
cong: 84000,89000,82000,170000,154000,115000,80000,158000,151000,81000,130000,92000,95000,101000,
refl: 56000,53000,31000,53000,85000,
symm: 232000,250000,230000,274000,232000,
trans: 296000,399000,412000,274000,419000,353000,447000,
or_pos: 451000,466000,
parsing: 1735000,
equiv_pos2: 91000,191000,206000,92000,
reordering: 546000,550000,
resolution: 422000,462000,431000,489000,468000,570000,496000,504000,
forall_inst: 1375000,1387000,
__normalized_input: 19110000,17076000,3660000,1467000,615000,559000,643000,
rare_rewrite_eq-symm: 304000,249000,
rare_rewrite_bool-impl-elim: 10631000,10808000,
rare_rewrite_bool-double-not-elim: 271000,

