1; Draft.Scratch_smt_check_7_31101; 2026-04-10 13:52:14.879;
bind: 780000,705000,700000,687000,298000,277000,806000,689000,706000,695000,298000,281000,309000,292000,
cong: 88000,74000,387000,581000,73000,71000,85000,218000,69000,149000,73000,58000,66000,373000,619000,108000,365000,578000,115000,189000,360000,553000,169000,141000,131000,160000,391000,548000,82000,70000,83000,219000,70000,147000,69000,61000,66000,395000,630000,94000,366000,570000,118000,187000,373000,547000,172000,144000,123000,162000,923000,565000,831000,265000,237000,137000,136000,57000,74000,74000,64000,135000,161000,179000,92000,75000,96000,46000,67000,43000,50000,61000,
refl: 18000,20000,94000,26000,39000,267000,74000,35000,78000,48000,83000,17000,20000,90000,27000,39000,258000,76000,37000,82000,52000,82000,109000,116000,54000,57000,
symm: 789000,659000,123000,129000,
trans: 725000,674000,681000,679000,682000,681000,657000,304000,698000,206000,317000,647000,265000,274000,249000,259000,723000,693000,666000,666000,687000,683000,659000,304000,697000,210000,337000,647000,272000,271000,257000,274000,352000,228000,
choice: 96000,
or_neg: 229000,256000,274000,230000,
or_pos: 370000,877000,
and_pos: 690000,
implies: 944000,
parsing: 46591000,
aci_simp: 1064000,1534000,1028000,1495000,
qnt_join: 701000,695000,
subproof: 3368000,
equiv_pos2: 60000,482000,491000,1198000,144000,172000,214000,81000,
reordering: 335000,541000,926000,1408000,
resolution: 323000,243000,573000,541000,916000,1205000,1094000,562000,537000,598000,370000,230000,234000,361000,402000,351000,412000,326000,
sko_forall: 1421000,
contraction: 1318000,367000,
forall_inst: 1606000,
implies_neg1: 1267000,
implies_neg2: 1425000,
__local_input: 250000,
qnt_rm_unused: 257000,429000,227000,255000,401000,229000,
connective_def: 346000,350000,
miniscope_split: 408000,859000,403000,861000,
__normalized_input: 34386000,57512000,56818000,25162000,7583000,5456000,5282000,5199000,5539000,
miniscope_distribute: 903000,907000,
rare_rewrite_eq-symm: 232000,
rare_rewrite_bool-impl-elim: 5549000,5972000,5946000,6934000,5916000,5690000,6127000,6085000,7084000,6145000,6144000,
rare_rewrite_bool-and-de-morgan: 12243000,5952000,5777000,5934000,
rare_rewrite_bool-double-not-elim: 165000,194000,167000,193000,218000,

