1; Draft.Scratch_smt_check_7_16194; 2026-04-10 13:47:35.710;
bind: 329000,257000,263000,243000,340000,199000,203000,203000,
cong: 155000,118000,80000,66000,71000,88000,117000,80000,86000,61000,99000,60000,140000,
refl: 39000,97000,83000,74000,
symm: 93000,91000,227000,
trans: 241000,198000,241000,152000,170000,213000,214000,162000,171000,187000,113000,
equiv1: 176000,83000,
equiv2: 176000,113000,
or_pos: 194000,351000,260000,
and_neg: 213000,
and_pos: 113000,122000,
implies: 136000,
not_not: 152000,
parsing: 11386000,
aci_simp: 1173000,961000,
subproof: 1053000,
equiv_pos2: 180000,166000,151000,126000,43000,120000,39000,
reordering: 208000,208000,331000,332000,209000,266000,208000,
resolution: 179000,166000,288000,337000,320000,201000,234000,292000,188000,169000,226000,184000,211000,302000,169000,182000,272000,286000,242000,214000,392000,143000,150000,167000,169000,176000,269000,
contraction: 179000,192000,
forall_inst: 696000,807000,894000,731000,769000,682000,746000,
implies_neg1: 174000,
implies_neg2: 171000,
__local_input: 24000,60000,
equiv_simplify: 259000,252000,190000,173000,
__normalized_input: 10677000,27909000,20478000,1910000,1905000,900000,981000,907000,869000,1209000,
rare_rewrite_eq-symm: 124000,115000,114000,115000,
rare_rewrite_bool-impl-elim: 6470000,6222000,7104000,
rare_rewrite_bool-and-de-morgan: 5932000,5918000,

