1; Draft.Scratch_smt_check_7_31037; 2026-04-10 13:43:20.336;
bind: 260000,395000,392000,383000,774000,715000,634000,
cong: 269000,117000,240000,92000,125000,204000,213000,160000,193000,440000,225000,436000,184000,206000,338000,376000,283000,267000,734000,475000,182000,
refl: 46000,156000,79000,286000,
trans: 387000,368000,333000,316000,326000,280000,268000,274000,767000,650000,573000,581000,613000,501000,571000,484000,752000,246000,
or_pos: 479000,456000,
implies: 12988000,
parsing: 48066000,
aci_simp: 1140000,2125000,2183000,
evaluate: 282000,
subproof: 3541000,
equiv_pos2: 146000,266000,516000,1080000,
reordering: 838000,682000,
resolution: 174000,230000,264000,245000,316000,390000,749000,1098000,1349000,736000,583000,
contraction: 1180000,
forall_inst: 863000,1803000,
implies_neg1: 1068000,
implies_neg2: 1155000,
__local_input: 152000,
connective_def: 467000,788000,
__normalized_input: 1140000,1231000,1035000,828000,1071000,1478000,
rare_rewrite_eq-refl: 234000,
rare_rewrite_eq-symm: 192000,354000,
rare_rewrite_bool-impl-elim: 6134000,
rare_rewrite_bool-and-de-morgan: 6770000,6433000,6462000,11537000,11960000,12057000,
rare_rewrite_bool-double-not-elim: 314000,655000,

