1; Draft.Scratch_smt_check_7_22745; 2026-04-10 13:43:21.608;
bind: 273000,312000,205000,233000,225000,272000,291000,263000,327000,555000,
cong: 152000,198000,169000,179000,130000,57000,152000,62000,158000,56000,170000,59000,198000,193000,191000,146000,135000,125000,
refl: 77000,84000,28000,22000,31000,480000,27000,23000,27000,27000,28000,25000,27000,35000,534000,26000,23000,25000,23000,28000,
symm: 203000,298000,249000,295000,
trans: 294000,222000,195000,263000,221000,225000,223000,221000,205000,199000,187000,177000,66000,224000,225000,227000,198000,227000,207000,71000,270000,241000,247000,257000,259000,212000,249000,11783000,322000,360000,349000,328000,
or_pos: 475000,
and_pos: 139000,
parsing: 36927000,
aci_simp: 954000,1062000,1054000,1069000,1118000,1855000,1816000,1748000,
evaluate: 183000,186000,
onepoint: 1805000,1876000,
qnt_join: 240000,274000,
equiv_pos2: 494000,
reordering: 203000,629000,
resolution: 174000,195000,231000,292000,
forall_inst: 1434000,
qnt_rm_unused: 308000,1046000,366000,1934000,
miniscope_split: 290000,
__normalized_input: 2166000,846000,912000,
rare_rewrite_eq-refl: 60000,66000,
rare_rewrite_eq-symm: 74000,78000,
rare_rewrite_or-not-refl: 6105000,6372000,
rare_rewrite_bool-impl-false1: 11363000,12895000,
rare_rewrite_bool-or-de-morgan: 5660000,
rare_rewrite_bool-and-de-morgan: 6047000,11407000,11174000,11764000,12048000,
rare_rewrite_bool-double-not-elim: 91000,

