1; Draft.Scratch_smt_check_7_31506; 2026-04-10 13:43:21.172;
bind: 338000,319000,385000,313000,
cong: 326000,383000,371000,237000,186000,196000,187000,273000,173000,186000,
refl: 43000,56000,30000,51000,
trans: 330000,400000,289000,298000,272000,277000,308000,288000,251000,292000,317000,
not_or: 556000,589000,
not_not: 280000,271000,
parsing: 10338000,
aci_simp: 1797000,1843000,1810000,1860000,
equiv_pos2: 450000,442000,
resolution: 211000,424000,315000,322000,809000,531000,
implies_pos: 495000,
connective_def: 547000,416000,
__normalized_input: 1310000,1501000,
rare_rewrite_eq-symm: 138000,149000,
rare_rewrite_bool-and-de-morgan: 11565000,11790000,11831000,11935000,
rare_rewrite_bool-double-not-elim: 316000,

