1; Draft.Scratch_smt_check_7_978; 2026-04-10 13:49:50.018;
bind: 468000,438000,694000,766000,741000,674000,480000,
cong: 237000,192000,161000,158000,223000,161000,162000,396000,140000,461000,136000,421000,313000,456000,659000,474000,362000,318000,259000,428000,238000,169000,164000,157000,
refl: 28000,168000,28000,158000,83000,79000,46000,43000,230000,29000,168000,
symm: 347000,
trans: 397000,322000,335000,308000,303000,282000,269000,358000,295000,307000,305000,320000,288000,254000,350000,389000,382000,525000,562000,744000,769000,828000,611000,525000,547000,505000,530000,390000,338000,329000,326000,294000,282000,264000,
choice: 39000,71000,
equiv1: 333000,331000,
equiv2: 302000,
or_neg: 640000,620000,444000,499000,605000,466000,483000,671000,442000,224000,
or_pos: 872000,520000,616000,800000,380000,
implies: 228000,373000,
parsing: 43908000,
aci_simp: 1276000,1157000,1296000,1118000,2272000,2826000,2347000,1983000,1244000,1102000,
subproof: 2325000,2536000,
equiv_pos2: 341000,284000,545000,619000,569000,473000,575000,561000,265000,326000,
reordering: 815000,1330000,813000,769000,780000,778000,1409000,583000,
resolution: 561000,391000,518000,336000,524000,371000,226000,381000,595000,662000,443000,380000,518000,780000,911000,387000,338000,367000,409000,459000,653000,440000,937000,903000,465000,588000,707000,537000,739000,974000,443000,774000,864000,762000,649000,622000,863000,592000,384000,
sko_forall: 5706000,
contraction: 390000,902000,856000,885000,625000,
forall_inst: 1247000,1478000,1482000,1633000,1646000,1840000,941000,
implies_neg1: 795000,550000,
implies_neg2: 11075000,492000,
__local_input: 125000,148000,
equiv_simplify: 431000,451000,458000,
__normalized_input: 4347000,3916000,2487000,2192000,1759000,1759000,1792000,1972000,2071000,1779000,
rare_rewrite_eq-symm: 372000,
rare_rewrite_bool-impl-elim: 6910000,8009000,12787000,13361000,12741000,6734000,
rare_rewrite_bool-and-de-morgan: 6200000,6313000,6554000,6777000,6511000,6661000,6674000,12434000,14043000,11676000,12093000,6081000,6212000,6438000,6414000,
rare_rewrite_bool-double-not-elim: 377000,310000,336000,

