1; Draft.Scratch_smt_check_7_6948; 2026-04-10 13:45:31.799;
bind: 215000,339000,365000,334000,344000,179000,188000,176000,179000,584000,746000,604000,605000,221000,223000,357000,356000,359000,704000,327000,326000,
cong: 166000,136000,117000,172000,102000,101000,60000,164000,139000,109000,169000,99000,96000,52000,276000,202000,115000,114000,152000,105000,109000,112000,152000,104000,288000,207000,186000,278000,165000,169000,99000,260000,239000,172000,294000,160000,178000,150000,534000,332000,267000,333000,323000,380000,159000,163000,64000,102000,164000,137000,138000,188000,107000,105000,64000,167000,140000,119000,281000,170000,177000,89000,490000,333000,201000,187000,329000,189000,399000,
refl: 51000,49000,46000,74000,43000,77000,76000,41000,69000,43000,73000,38000,74000,74000,41000,76000,35000,81000,84000,85000,39000,53000,53000,84000,156000,75000,149000,144000,73000,135000,65000,73000,77000,102000,
symm: 137000,147000,136000,136000,261000,222000,218000,146000,119000,136000,262000,253000,
trans: 120000,265000,200000,206000,121000,137000,155000,136000,129000,266000,190000,205000,127000,136000,143000,132000,122000,156000,123000,162000,128000,156000,117000,154000,136000,483000,361000,383000,243000,228000,252000,232000,236000,472000,462000,382000,223000,238000,259000,226000,277000,389000,365000,380000,163000,322000,310000,235000,228000,230000,303000,232000,162000,117000,122000,268000,197000,210000,125000,132000,158000,135000,144000,271000,204000,268000,124000,143000,156000,263000,255000,273000,245000,298000,223000,
equiv1: 267000,124000,149000,
or_neg: 194000,204000,210000,205000,
or_pos: 248000,168000,175000,465000,476000,397000,
and_pos: 178000,167000,175000,170000,172000,187000,192000,204000,
implies: 227000,130000,136000,441000,286000,291000,225000,238000,
not_and: 216000,
parsing: 63628000,
aci_simp: 1134000,942000,910000,1098000,940000,910000,2021000,1719000,1789000,2209000,1830000,1735000,1151000,1022000,1059000,1392000,975000,1769000,
evaluate: 397000,216000,302000,391000,407000,
not_symm: 70000,78000,77000,
subproof: 2083000,1068000,1060000,997000,1011000,3870000,1320000,2352000,1968000,
and_intro: 260000,213000,
poly_simp: 2206000,2244000,1705000,2119000,1677000,4032000,2965000,3984000,2924000,4266000,3845000,2806000,2906000,7779000,1810000,2662000,2562000,2437000,2426000,1850000,4168000,3079000,
equiv_pos1: 191000,96000,
equiv_pos2: 150000,241000,244000,357000,166000,125000,194000,127000,130000,185000,475000,466000,717000,195000,192000,324000,164000,91000,155000,95000,70000,147000,241000,487000,729000,248000,275000,372000,615000,
la_generic: 14190000,
reordering: 335000,205000,727000,192000,699000,915000,704000,351000,
resolution: 197000,163000,264000,260000,299000,304000,336000,437000,488000,291000,292000,161000,174000,231000,240000,288000,302000,224000,246000,498000,1495000,231000,254000,297000,256000,852000,102000,188000,186000,178000,199000,195000,161000,295000,160000,173000,211000,246000,306000,299000,174000,230000,199000,265000,317000,458000,567000,753000,963000,537000,568000,302000,396000,412000,294000,421000,235000,259000,168000,171000,348000,251000,497000,446000,1079000,167000,266000,275000,316000,364000,348000,442000,525000,434000,351000,300000,291000,396000,430000,476000,590000,372000,413000,
contraction: 378000,217000,469000,256000,328000,158000,221000,704000,426000,462000,389000,412000,
forall_inst: 723000,785000,667000,644000,1401000,781000,812000,1459000,1224000,
la_mult_neg: 451000,
implies_neg1: 323000,177000,226000,607000,281000,286000,640000,329000,741000,
implies_neg2: 307000,177000,187000,102000,177000,554000,423000,306000,339000,
__local_input: 70000,43000,48000,130000,54000,23000,18000,22000,28000,183000,112000,29000,35000,42000,52000,
comp_simplify: 2691000,2647000,1427000,1427000,
poly_simp_rel: 984000,1042000,950000,1806000,1765000,1784000,1019000,1094000,1018000,999000,987000,1896000,
equiv_simplify: 281000,
la_disequality: 138000,73000,
implies_simplify: 372000,196000,
__normalized_input: 2310000,1379000,1080000,901000,701000,719000,998000,
rare_rewrite_eq-symm: 73000,70000,69000,141000,117000,117000,102000,131000,117000,
rare_rewrite_arith-elim-gt: 7793000,
rare_rewrite_arith-elim-lt: 12618000,
rare_rewrite_arith-elim-leq: 5709000,6466000,6498000,6652000,
rare_rewrite_bool-impl-elim: 6259000,5971000,5768000,5728000,5575000,5657000,11444000,11524000,6374000,6644000,11613000,11480000,
rare_rewrite_bool-and-de-morgan: 5866000,6319000,5406000,5577000,10428000,10929000,10746000,11182000,6745000,6295000,6233000,6487000,
rare_rewrite_bool-double-not-elim: 66000,78000,70000,77000,78000,78000,78000,73000,139000,128000,121000,151000,271000,64000,80000,69000,80000,154000,151000,170000,

