1; Draft.Scratch_smt_check_7_20858; 2026-04-10 13:45:31.821;
bind: 142000,103000,103000,151000,150000,155000,165000,236000,242000,150000,153000,167000,145000,104000,189000,110000,232000,242000,
cong: 174000,127000,155000,65000,89000,94000,76000,112000,148000,72000,80000,71000,91000,83000,105000,95000,254000,306000,172000,139000,274000,115000,106000,118000,96000,303000,172000,137000,105000,222000,264000,165000,162000,228000,226000,168000,112000,224000,158000,117000,258000,139000,73000,79000,77000,95000,94000,111000,130000,120000,61000,309000,169000,141000,116000,104000,116000,99000,305000,171000,137000,127000,
refl: 47000,37000,16000,33000,21000,33000,20000,27000,52000,52000,59000,27000,37000,17000,34000,21000,34000,21000,28000,
symm: 54000,151000,321000,232000,146000,257000,57000,116000,133000,
trans: 184000,210000,171000,178000,76000,103000,102000,144000,144000,259000,114000,236000,203000,219000,152000,168000,203000,191000,166000,171000,151000,105000,227000,187000,89000,103000,138000,141000,246000,127000,
and_neg: 5482000,
and_pos: 3874000,4065000,3985000,4165000,4255000,3254000,2125000,2033000,2083000,2095000,2061000,2028000,2054000,2062000,2026000,2033000,2069000,2010000,
implies: 194000,205000,201000,211000,2113000,194000,212000,220000,
parsing: 125169000,
subproof: 1085000,1158000,1065000,1175000,3257000,1378000,1201000,1183000,
poly_simp: 1819000,1546000,1543000,1818000,1473000,3042000,1732000,1697000,1702000,1586000,1683000,1837000,1867000,1803000,1915000,2106000,1598000,3245000,1724000,1737000,1885000,31333000,
equiv_pos2: 131000,90000,116000,281000,396000,101000,71000,71000,110000,107000,107000,305000,107000,159000,164000,359000,106000,110000,112000,105000,69000,310000,87000,119000,113000,73000,351000,167000,169000,737000,
reordering: 3986000,106071000,
resolution: 1689000,286000,227000,219000,207000,203000,209000,203000,304000,369000,507000,216000,189000,342000,444000,427000,255000,201000,193000,229000,204000,179000,170000,176000,219000,202000,271000,342000,205000,287000,205000,215000,324000,373000,370000,229000,269000,204000,210000,252000,332000,422000,402000,214000,272000,3136000,3198000,2168000,50110000,222000,249000,389000,239000,201000,205000,267000,198000,267000,209000,215000,292000,201000,210000,230000,202000,175000,200000,308000,365000,385000,249000,230000,240000,212000,227000,179000,179000,196000,337000,442000,456000,254000,210000,252000,345000,456000,403000,213000,266000,
contraction: 307000,377000,317000,353000,3202000,10573000,309000,388000,384000,
forall_inst: 680000,698000,739000,760000,800000,700000,918000,687000,805000,815000,810000,1127000,883000,769000,840000,787000,718000,819000,1343000,820000,700000,828000,815000,735000,842000,704000,745000,686000,888000,741000,651000,933000,835000,
implies_neg1: 242000,332000,259000,311000,254000,340000,307000,8335000,
implies_neg2: 305000,371000,315000,339000,2459000,304000,368000,343000,
__local_input: 41000,64000,37000,58000,52000,65000,59000,110000,154000,99000,203000,236000,201000,107000,61000,155000,100000,88000,77000,92000,89000,91000,88000,77000,54000,
poly_simp_rel: 1073000,1126000,937000,957000,
__normalized_input: 4104000,3963000,3959000,3627000,3466000,3279000,3002000,2755000,2195000,1800000,1631000,1206000,1161000,1058000,1102000,1157000,
rare_rewrite_eq-symm: 198000,233000,90000,76000,79000,94000,97000,104000,147000,148000,218000,149000,100000,99000,85000,238000,206000,97000,99000,145000,147000,225000,

