1; Draft.Scratch_smt_check_7_26556; 2026-04-10 13:48:25.656;
bind: 320000,206000,159000,194000,
cong: 152000,97000,110000,202000,291000,387000,175000,
refl: 147000,286000,25000,14000,14000,20000,15000,22000,
symm: 122000,
trans: 242000,196000,122000,245000,262000,
equiv1: 177000,231000,
equiv2: 379000,165000,
and_neg: 330000,
and_pos: 472000,555000,
implies: 279000,360000,166000,
parsing: 42356000,
subproof: 1221000,1325000,1111000,
equiv_pos1: 52000,145000,
equiv_pos2: 260000,537000,53000,282000,224000,345000,454000,133000,98000,100000,197000,
reordering: 655000,262000,611000,253000,1140000,747000,547000,
resolution: 236000,201000,283000,272000,327000,205000,194000,183000,238000,268000,444000,426000,481000,188000,239000,196000,189000,161000,273000,244000,350000,434000,465000,260000,286000,418000,543000,522000,314000,319000,234000,378000,177000,206000,265000,297000,291000,180000,254000,
contraction: 427000,533000,266000,
forall_inst: 991000,788000,1482000,786000,784000,987000,936000,753000,
implies_neg1: 338000,416000,210000,
implies_neg2: 439000,616000,230000,
__local_input: 116000,103000,92000,
equiv_simplify: 472000,269000,270000,312000,
__normalized_input: 5819000,2676000,1802000,1437000,1141000,1166000,1114000,1249000,848000,
rare_rewrite_eq-symm: 146000,368000,542000,117000,111000,108000,180000,

