1; Draft.Scratch_smt_check_7_9368; 2026-04-10 13:48:26.499;
bind: 211000,227000,194000,168000,181000,172000,179000,174000,160000,223000,230000,188000,
cong: 151000,59000,102000,48000,64000,81000,70000,75000,56000,98000,129000,87000,117000,73000,69000,55000,86000,47000,98000,128000,96000,60000,94000,110000,87000,43000,57000,78000,90000,56000,232000,159000,104000,87000,105000,103000,138000,59000,68000,50000,43000,54000,359000,50000,57000,207000,149000,61000,99000,44000,64000,82000,67000,44000,36000,48000,81000,65000,192000,
refl: 40000,22000,30000,22000,31000,19000,28000,20000,16000,21000,47000,39000,22000,
symm: 86000,79000,82000,91000,
trans: 184000,199000,178000,173000,167000,169000,175000,146000,162000,174000,130000,180000,197000,171000,205000,
equiv1: 135000,
equiv2: 234000,
or_neg: 287000,270000,323000,178000,183000,223000,
implies: 255000,200000,
not_not: 198000,
parsing: 12882000,
subproof: 1393000,1225000,
equiv_pos1: 97000,
equiv_pos2: 124000,113000,95000,100000,283000,38000,99000,348000,39000,51000,167000,38000,112000,231000,
reordering: 426000,246000,
resolution: 187000,305000,220000,178000,196000,286000,286000,223000,238000,292000,330000,386000,392000,264000,293000,288000,210000,511000,640000,222000,391000,412000,283000,319000,326000,195000,276000,255000,
contraction: 357000,580000,322000,289000,
forall_inst: 971000,951000,
implies_neg1: 314000,253000,
implies_neg2: 380000,238000,
__local_input: 94000,85000,
equiv_simplify: 327000,233000,
__normalized_input: 27406000,12767000,11419000,2711000,2323000,1170000,1070000,1386000,
rare_rewrite_eq-symm: 165000,109000,172000,104000,98000,154000,95000,98000,136000,107000,212000,167000,102000,216000,105000,219000,
rare_rewrite_bool-double-not-elim: 245000,108000,

