1; Draft.Scratch_smt_check_7_6372; 2026-04-10 13:45:30.705;
bind: 258000,254000,189000,440000,437000,290000,366000,225000,213000,
cong: 213000,163000,131000,307000,278000,184000,528000,337000,110000,71000,111000,97000,129000,115000,169000,127000,82000,
refl: 49000,35000,71000,57000,25000,46000,27000,
trans: 224000,200000,237000,424000,390000,390000,231000,198000,
choice: 73000,
or_neg: 197000,
or_pos: 323000,499000,
implies: 263000,175000,
parsing: 14602000,
aci_simp: 1197000,2146000,
subproof: 3232000,2023000,
equiv_pos2: 189000,404000,785000,225000,138000,106000,192000,130000,
reordering: 378000,779000,
resolution: 151000,155000,287000,267000,322000,300000,425000,800000,885000,547000,471000,333000,379000,447000,221000,309000,350000,368000,368000,272000,344000,
sko_forall: 1800000,
contraction: 12600000,313000,
forall_inst: 1440000,1298000,1229000,1191000,
implies_neg1: 621000,259000,
implies_neg2: 665000,238000,
__local_input: 142000,68000,
__normalized_input: 2019000,1290000,1259000,1344000,937000,
rare_rewrite_eq-symm: 184000,174000,
rare_rewrite_bool-impl-elim: 6908000,6595000,12405000,11889000,11939000,
rare_rewrite_bool-and-de-morgan: 6585000,11901000,

