1; Draft.Scratch_smt_check_7_1770; 2026-04-10 13:45:55.472;
bind: 255000,367000,345000,387000,403000,407000,358000,382000,
cong: 138000,160000,133000,175000,181000,116000,102000,90000,125000,72000,75000,109000,258000,156000,123000,72000,72000,180000,182000,120000,
refl: 49000,40000,45000,53000,47000,42000,47000,39000,39000,53000,57000,
symm: 112000,117000,113000,160000,
trans: 197000,212000,342000,293000,232000,201000,280000,336000,337000,318000,270000,219000,
or_pos: 336000,
implies: 346000,
parsing: 6219000,
subproof: 2182000,
equiv_pos2: 263000,68000,98000,72000,273000,
reordering: 424000,
resolution: 199000,291000,449000,370000,327000,515000,554000,351000,417000,368000,
contraction: 578000,
forall_inst: 1376000,
implies_neg1: 469000,
implies_neg2: 384000,
__local_input: 148000,
__normalized_input: 3610000,3792000,1835000,1042000,1057000,
rare_rewrite_eq-symm: 252000,243000,198000,217000,218000,244000,
rare_rewrite_bool-impl-elim: 12155000,12410000,
rare_rewrite_bool-impl-false1: 12007000,12075000,
rare_rewrite_bool-double-not-elim: 310000,265000,

