1; Draft.Scratch_smt_check_7_25609; 2026-04-10 13:45:56.792;
bind: 237000,246000,251000,217000,236000,251000,233000,215000,544000,210000,555000,217000,521000,517000,198000,206000,190000,545000,203000,537000,221000,556000,509000,182000,194000,182000,142000,218000,1089000,393000,988000,399000,975000,918000,429000,364000,312000,991000,362000,984000,379000,921000,523000,195000,225000,185000,141000,220000,
cong: 116000,102000,92000,49000,47000,104000,112000,102000,91000,51000,50000,104000,210000,118000,382000,128000,99000,380000,122000,103000,77000,49000,48000,304000,214000,216000,282000,324000,118000,141000,384000,119000,96000,373000,116000,87000,82000,53000,52000,298000,209000,228000,277000,319000,86000,139000,512000,456000,85000,78000,134000,110000,202000,229000,663000,243000,175000,624000,201000,151000,125000,84000,80000,501000,394000,393000,452000,513000,145000,243000,692000,197000,158000,618000,185000,141000,131000,80000,82000,479000,347000,370000,291000,317000,115000,138000,512000,441000,80000,75000,121000,100000,122000,73000,191000,
refl: 33000,33000,38000,66000,36000,69000,23000,48000,43000,34000,62000,34000,63000,25000,42000,41000,67000,148000,65000,119000,41000,79000,67000,63000,125000,71000,117000,67000,68000,42000,44000,48000,
symm: 76000,75000,80000,76000,73000,74000,85000,80000,133000,139000,128000,131000,101000,
trans: 233000,242000,249000,222000,234000,230000,456000,461000,442000,382000,405000,337000,325000,315000,326000,190000,314000,478000,467000,443000,376000,392000,335000,329000,321000,330000,179000,324000,416000,142000,136000,123000,305000,937000,926000,834000,716000,745000,633000,619000,613000,583000,317000,576000,834000,900000,808000,704000,734000,609000,583000,570000,328000,183000,303000,412000,158000,126000,123000,
choice: 58000,
equiv1: 139000,
equiv2: 120000,
or_neg: 144000,319000,311000,263000,333000,350000,342000,136000,
or_pos: 11226000,386000,346000,
and_neg: 213000,
and_pos: 300000,281000,
implies: 230000,425000,371000,855000,
not_not: 122000,
parsing: 74220000,
aci_simp: 1414000,1212000,1125000,1152000,1345000,1150000,1133000,1128000,1223000,2787000,2237000,2155000,2132000,2688000,2250000,1087000,1144000,1208000,
evaluate: 195000,171000,
subproof: 1456000,2310000,2290000,4254000,
equiv_pos2: 45000,139000,46000,142000,248000,47000,395000,50000,402000,815000,232000,291000,83000,805000,81000,421000,669000,117000,173000,
reordering: 562000,417000,602000,737000,533000,
resolution: 178000,177000,176000,195000,226000,243000,188000,310000,359000,382000,228000,254000,198000,166000,290000,344000,418000,384000,210000,530000,741000,868000,528000,397000,216000,444000,609000,709000,720000,610000,640000,484000,797000,374000,283000,329000,538000,617000,752000,697000,400000,865000,1294000,1579000,954000,678000,359000,197000,205000,
sko_forall: 2191000,1156000,
contraction: 346000,753000,495000,686000,538000,571000,1421000,
forall_inst: 676000,792000,1040000,1036000,704000,
or_simplify: 475000,447000,
implies_neg1: 305000,660000,659000,238000,
implies_neg2: 302000,655000,393000,1263000,
__local_input: 84000,140000,145000,24000,33000,
qnt_rm_unused: 158000,112000,
equiv_simplify: 176000,215000,
__normalized_input: 4071000,2298000,2321000,1874000,1757000,1725000,1779000,558000,
rare_rewrite_eq-refl: 89000,98000,
rare_rewrite_eq-symm: 140000,124000,139000,129000,150000,125000,100000,120000,101000,129000,127000,232000,173000,219000,98000,128000,119000,
rare_rewrite_bool-impl-elim: 6332000,6476000,6855000,6223000,6428000,6753000,6156000,6244000,12208000,12419000,10976000,6993000,5728000,6153000,
rare_rewrite_bool-and-de-morgan: 6307000,6493000,6851000,5846000,6199000,6409000,12166000,12065000,11909000,11905000,9726000,7183000,
rare_rewrite_bool-double-not-elim: 251000,125000,

