1; Draft.Scratch_smt_check_7_4556; 2026-04-10 13:43:16.252;
cong: 152000,161000,63000,132000,174000,202000,274000,179000,
symm: 142000,137000,210000,
false: 18000,
trans: 172000,160000,160000,127000,161000,170000,207000,283000,247000,259000,181000,193000,
equiv1: 136000,
implies: 291000,
parsing: 1838000,
evaluate: 424000,230000,332000,520000,528000,
and_intro: 124000,
poly_simp: 4242000,3380000,3577000,5127000,7294000,
equiv_pos2: 139000,117000,128000,160000,220000,
la_generic: 10787000,
resolution: 151000,233000,417000,263000,285000,390000,236000,279000,367000,
la_mult_neg: 352000,
poly_simp_rel: 1776000,1941000,2085000,
equiv_simplify: 259000,
__normalized_input: 752000,777000,940000,
rare_rewrite_arith-elim-gt: 11404000,
rare_rewrite_arith-elim-lt: 11402000,11913000,23833000,
rare_rewrite_arith-elim-leq: 11182000,11625000,
rare_rewrite_bool-double-not-elim: 205000,

