1; Draft.Scratch_smt_check_7_185; 2026-04-10 13:49:06.581;
bind: 181000,154000,240000,214000,213000,218000,
cong: 67000,43000,112000,78000,67000,50000,57000,68000,44000,49000,51000,66000,67000,96000,84000,67000,100000,169000,91000,103000,125000,78000,59000,44000,41000,40000,55000,49000,46000,58000,
refl: 19000,21000,19000,33000,
symm: 130000,123000,101000,119000,181000,103000,97000,
false: 12000,
trans: 146000,197000,142000,139000,207000,153000,156000,207000,138000,149000,143000,150000,163000,
equiv2: 146000,242000,
implies: 166000,
not_not: 194000,
parsing: 6586000,
evaluate: 240000,
subproof: 1120000,
equiv_pos2: 45000,85000,45000,113000,120000,174000,43000,100000,36000,
resolution: 131000,175000,181000,204000,191000,250000,203000,182000,267000,263000,302000,299000,192000,309000,207000,287000,214000,287000,
contraction: 262000,
forall_inst: 769000,773000,
implies_neg1: 234000,
implies_neg2: 221000,
__local_input: 108000,
equiv_simplify: 227000,313000,
__normalized_input: 10846000,7703000,6398000,4694000,4095000,19970000,2158000,1846000,1826000,
rare_rewrite_eq-refl: 93000,
rare_rewrite_eq-symm: 126000,114000,167000,118000,94000,159000,140000,121000,104000,161000,132000,163000,
rare_rewrite_bool-eq-true: 6133000,

