1; Draft.Scratch_smt_check_7_31649; 2026-04-10 13:45:31.720;
bind: 315000,310000,290000,278000,192000,205000,182000,219000,187000,229000,203000,116000,108000,225000,287000,365000,325000,189000,
cong: 141000,137000,201000,193000,140000,449000,188000,317000,332000,115000,174000,137000,439000,208000,137000,208000,90000,90000,173000,89000,119000,115000,89000,227000,126000,180000,176000,67000,108000,86000,236000,120000,78000,125000,145000,146000,304000,175000,2060000,
refl: 129000,29000,59000,63000,20000,134000,596000,44000,48000,125000,128000,216000,230000,152000,
symm: 376000,848000,291000,682000,110000,259000,261000,217000,176000,236000,407000,157000,59000,141000,162000,396000,247000,
trans: 301000,271000,195000,705000,304000,387000,561000,410000,652000,470000,336000,417000,166000,230000,184000,381000,171000,221000,289000,220000,342000,230000,183000,220000,167000,440000,305000,
equiv1: 1827000,1002000,
equiv2: 971000,344000,188000,
or_neg: 1589000,1267000,1195000,1250000,1286000,1272000,1292000,1269000,1215000,
or_pos: 627000,579000,491000,486000,649000,509000,303000,344000,358000,293000,492000,602000,
and_pos: 1326000,1386000,1280000,964000,962000,1052000,996000,1064000,1050000,1000000,998000,
implies: 1431000,
not_and: 1334000,
not_not: 272000,161000,
parsing: 61814000,
evaluate: 199000,
subproof: 2741000,2461000,
and_intro: 546000,
equiv_pos2: 241000,225000,131000,134000,157000,125000,137000,82000,33000,76000,232000,254000,157000,2860000,
reordering: 1178000,1167000,922000,898000,2560000,1181000,895000,526000,659000,11445000,606000,468000,922000,1167000,
resolution: 660000,300000,410000,507000,434000,482000,357000,340000,439000,341000,414000,337000,209000,277000,220000,280000,605000,3943000,17720000,1343000,802000,1181000,823000,1466000,221000,499000,293000,437000,519000,643000,275000,289000,411000,213000,345000,379000,491000,373000,429000,250000,251000,318000,259000,282000,316000,1811000,1408000,6477000,246000,320000,358000,150000,295000,168000,241000,128000,180000,214000,278000,231000,270000,256000,449000,558000,400000,306000,335000,
contraction: 8110000,1462000,1506000,2024000,3181000,
forall_inst: 1208000,1602000,1524000,1403000,1403000,1042000,1044000,1981000,1220000,1717000,2034000,1166000,1126000,1607000,865000,924000,770000,906000,1110000,652000,608000,843000,1504000,1643000,1302000,
implies_neg1: 959000,4743000,
implies_neg2: 1133000,1950000,
__local_input: 79000,88000,259000,23000,25000,77000,59000,99000,103000,74000,72000,
equiv_simplify: 1190000,501000,398000,1334000,
implies_simplify: 2178000,
__normalized_input: 2430000,2333000,2297000,2013000,1920000,1177000,1041000,1062000,
rare_rewrite_eq-symm: 247000,143000,131000,146000,156000,92000,107000,91000,88000,152000,208000,185000,
rare_rewrite_bool-impl-elim: 10396000,10661000,6539000,6114000,29772000,11273000,
rare_rewrite_bool-double-not-elim: 375000,

