1; Draft.Scratch_smt_check_7_2394; 2026-04-10 13:45:29.435;
bind: 306000,313000,567000,613000,476000,349000,466000,
cong: 104000,237000,210000,576000,199000,219000,
refl: 133000,40000,193000,
symm: 178000,92000,506000,
trans: 175000,282000,312000,277000,327000,253000,286000,306000,538000,587000,486000,380000,310000,
equiv1: 216000,259000,872000,
equiv2: 114000,862000,
or_pos: 914000,
parsing: 45321000,
aci_simp: 1187000,1173000,1195000,2188000,
equiv_pos2: 34000,175000,455000,
reordering: 1183000,
resolution: 204000,190000,169000,220000,215000,294000,234000,491000,585000,617000,509000,
forall_inst: 889000,2102000,
equiv_simplify: 200000,290000,1109000,1128000,
miniscope_split: 410000,
__normalized_input: 11425000,2178000,4853000,1315000,963000,
rare_rewrite_eq-symm: 988000,
rare_rewrite_bool-eq-false: 6769000,
rare_rewrite_bool-impl-elim: 7313000,
rare_rewrite_bool-impl-false1: 25275000,24384000,
rare_rewrite_bool-and-de-morgan: 7441000,13035000,20675000,

