1; Draft.Scratch_smt_check_7_4601; 2026-04-10 13:45:31.105;
bind: 298000,264000,275000,275000,285000,538000,527000,490000,484000,489000,
cong: 177000,187000,170000,128000,120000,184000,169000,186000,312000,361000,284000,208000,198000,292000,262000,326000,451000,227000,136000,
refl: 97000,167000,
symm: 237000,449000,
trans: 262000,256000,293000,264000,268000,230000,257000,244000,302000,234000,588000,472000,488000,488000,555000,513000,505000,515000,550000,434000,308000,232000,
or_pos: 283000,
implies: 354000,
parsing: 55682000,
aci_simp: 1084000,1994000,1671000,
evaluate: 285000,
qnt_join: 289000,559000,
subproof: 2858000,
equiv_pos2: 401000,473000,627000,
reordering: 296000,
resolution: 206000,329000,299000,495000,779000,838000,486000,508000,
contraction: 694000,
forall_inst: 1471000,
implies_neg1: 657000,
implies_neg2: 606000,
__local_input: 139000,
connective_def: 435000,611000,760000,564000,
miniscope_split: 413000,672000,
__normalized_input: 2067000,2139000,1303000,
rare_rewrite_eq-refl: 215000,
rare_rewrite_eq-symm: 172000,303000,
rare_rewrite_bool-and-de-morgan: 6953000,28469000,11772000,11498000,
rare_rewrite_bool-double-not-elim: 272000,247000,516000,474000,

