1; Draft.Scratch_smt_check_7_10865; 2026-04-10 13:49:04.887;
bind: 202000,324000,311000,298000,188000,162000,170000,165000,176000,
cong: 108000,113000,162000,147000,91000,189000,167000,188000,179000,81000,284000,168000,106000,152000,106000,336000,
refl: 25000,38000,33000,47000,58000,34000,26000,51000,40000,27000,
symm: 73000,107000,84000,
trans: 161000,117000,125000,110000,256000,216000,223000,198000,162000,99000,99000,107000,148000,
equiv1: 336000,
equiv2: 127000,121000,
or_neg: 303000,254000,256000,258000,
or_pos: 324000,
and_neg: 198000,
and_pos: 158000,122000,123000,121000,222000,195000,239000,230000,229000,205000,197000,260000,
implies: 229000,158000,125000,315000,
not_and: 297000,
not_not: 150000,
parsing: 24497000,
aci_simp: 1041000,2129000,
evaluate: 330000,
subproof: 2011000,1988000,2038000,2007000,2152000,
and_intro: 117000,223000,
equiv_pos2: 255000,233000,366000,255000,121000,135000,130000,141000,51000,155000,336000,
not_equiv1: 61000,
not_equiv2: 118000,
reordering: 260000,349000,345000,410000,1041000,1194000,
resolution: 180000,120000,140000,209000,218000,254000,410000,508000,592000,373000,411000,306000,349000,237000,285000,422000,306000,298000,548000,205000,227000,335000,311000,340000,549000,221000,360000,887000,2449000,391000,311000,368000,380000,1381000,229000,231000,414000,218000,228000,209000,315000,575000,551000,2082000,262000,358000,298000,
contraction: 574000,204000,237000,210000,240000,994000,335000,415000,489000,633000,
forall_inst: 661000,1306000,1090000,1132000,1464000,1182000,1182000,2623000,1328000,
implies_neg1: 306000,168000,193000,318000,503000,
implies_neg2: 322000,183000,164000,212000,442000,
__local_input: 73000,20000,21000,20000,29000,20000,21000,31000,30000,25000,28000,52000,29000,
equiv_simplify: 287000,259000,
implies_simplify: 438000,
__normalized_input: 1146000,1020000,752000,789000,909000,
rare_rewrite_eq-symm: 124000,106000,121000,101000,96000,142000,116000,123000,127000,130000,126000,723000,
rare_rewrite_bool-impl-elim: 22722000,11718000,
rare_rewrite_bool-and-de-morgan: 6669000,11878000,
rare_rewrite_bool-double-not-elim: 84000,138000,185000,

