1; Draft.Scratch_smt_check_7_32640; 2026-04-10 13:49:06.037;
bind: 244000,252000,283000,245000,238000,236000,239000,241000,241000,236000,257000,225000,
cong: 181000,193000,135000,74000,125000,157000,142000,74000,47000,62000,37000,36000,70000,54000,56000,55000,67000,40000,50000,64000,53000,50000,99000,96000,63000,79000,63000,64000,114000,146000,92000,61000,70000,60000,63000,114000,194000,129000,53000,50000,51000,104000,92000,64000,72000,62000,61000,113000,100000,101000,77000,78000,67000,66000,104000,210000,113000,46000,50000,
refl: 40000,16000,16000,16000,17000,36000,16000,21000,38000,16000,19000,38000,37000,15000,21000,37000,18000,22000,40000,
symm: 149000,102000,105000,108000,96000,105000,114000,101000,141000,92000,
trans: 490000,515000,361000,125000,129000,236000,221000,172000,272000,223000,231000,180000,178000,144000,148000,224000,268000,187000,242000,231000,205000,181000,183000,137000,
and_neg: 288000,
and_pos: 188000,162000,165000,
implies: 200000,202000,195000,
parsing: 11389000,
evaluate: 262000,
subproof: 1256000,1205000,1224000,
equiv_pos2: 111000,43000,134000,133000,206000,146000,126000,205000,37000,
reordering: 330000,478000,
resolution: 442000,509000,216000,202000,324000,297000,334000,324000,198000,315000,422000,310000,301000,594000,202000,321000,299000,338000,332000,211000,325000,250000,
contraction: 326000,301000,311000,325000,
forall_inst: 773000,813000,
implies_neg1: 273000,266000,265000,
implies_neg2: 268000,246000,256000,
__local_input: 112000,135000,27000,35000,62000,
__normalized_input: 10436000,8387000,8141000,24411000,17157000,1245000,1071000,1179000,1510000,
rare_rewrite_eq-refl: 99000,123000,123000,122000,
rare_rewrite_eq-symm: 316000,121000,109000,175000,105000,146000,112000,172000,103000,145000,170000,110000,194000,101000,152000,103000,181000,97000,144000,160000,116000,
rare_rewrite_bool-eq-true: 6325000,6467000,
rare_rewrite_ite-true-cond: 9479000,

