1; Draft.Scratch_smt_check_7_12323; 2026-04-10 13:49:06.228;
bind: 196000,214000,188000,205000,212000,194000,
cong: 56000,108000,96000,116000,103000,95000,109000,186000,174000,
refl: 27000,28000,22000,30000,47000,
symm: 102000,182000,
false: 12000,
trans: 111000,182000,185000,140000,184000,189000,139000,151000,162000,142000,
equiv2: 101000,213000,
implies: 160000,
not_not: 122000,
parsing: 5010000,
evaluate: 432000,
subproof: 1315000,
equiv_pos2: 62000,104000,60000,115000,345000,52000,
resolution: 122000,160000,152000,199000,168000,259000,268000,270000,326000,322000,191000,262000,355000,368000,
contraction: 297000,
forall_inst: 796000,
implies_neg1: 270000,
implies_neg2: 258000,
__local_input: 149000,
equiv_simplify: 189000,330000,
__normalized_input: 2328000,1052000,868000,1182000,
rare_rewrite_eq-refl: 257000,
rare_rewrite_eq-symm: 169000,125000,83000,127000,168000,127000,94000,133000,207000,402000,
rare_rewrite_bool-eq-true: 27600000,
rare_rewrite_bool-double-not-elim: 138000,142000,

