1; Draft.Scratch_smt_check_7_11442; 2026-04-10 13:47:10.690;
bind: 289000,357000,362000,314000,349000,329000,146000,145000,179000,154000,147000,177000,538000,221000,277000,249000,498000,685000,685000,315000,373000,362000,196000,203000,195000,221000,195000,151000,
cong: 176000,104000,250000,64000,188000,107000,178000,159000,107000,110000,117000,232000,307000,125000,337000,190000,293000,176000,191000,416000,106000,196000,120000,182000,147000,135000,109000,114000,
refl: 61000,67000,26000,754000,58000,57000,26000,76000,69000,118000,159000,44000,774000,72000,59000,37000,51000,
symm: 268000,323000,186000,229000,440000,505000,285000,336000,182000,
trans: 207000,231000,200000,292000,292000,309000,301000,91000,351000,317000,338000,299000,254000,251000,148000,149000,141000,217000,216000,140000,257000,281000,528000,244000,531000,446000,404000,418000,331000,531000,553000,587000,603000,172000,712000,653000,649000,309000,242000,259000,182000,167000,145000,229000,135000,156000,213000,
equiv1: 202000,203000,410000,204000,
equiv2: 138000,153000,264000,146000,
or_pos: 474000,200000,164000,158000,235000,238000,236000,549000,260000,339000,322000,419000,392000,785000,148000,194000,185000,208000,172000,177000,241000,224000,341000,562000,
and_neg: 864000,
and_pos: 454000,1312000,1540000,1584000,1419000,1488000,434000,
implies: 1593000,
parsing: 56504000,
aci_simp: 1148000,1224000,1203000,1124000,920000,918000,1928000,2062000,2163000,1333000,1260000,978000,1232000,1046000,
evaluate: 173000,300000,
onepoint: 1537000,3101000,
qnt_join: 301000,314000,
subproof: 3485000,
equiv_pos2: 204000,253000,90000,88000,105000,98000,182000,285000,219000,183000,402000,265000,96000,93000,92000,143000,99000,83000,
reordering: 820000,260000,201000,176000,341000,321000,345000,1003000,597000,313000,449000,448000,599000,2289000,8103000,605000,1686000,161000,253000,240000,280000,197000,183000,327000,319000,358000,1024000,616000,
resolution: 291000,316000,395000,292000,172000,167000,392000,425000,450000,304000,175000,207000,210000,181000,163000,195000,238000,207000,181000,224000,212000,290000,166000,202000,233000,160000,220000,190000,241000,214000,177000,215000,242000,377000,449000,458000,288000,310000,336000,1777000,1771000,1328000,4725000,339000,375000,367000,564000,698000,479000,299000,311000,414000,666000,847000,510000,187000,230000,271000,163000,208000,207000,266000,165000,213000,173000,156000,203000,255000,259000,197000,234000,243000,235000,304000,273000,175000,209000,259000,164000,196000,231000,
contraction: 2155000,2909000,
forall_inst: 992000,1121000,664000,692000,699000,747000,666000,683000,751000,1224000,1330000,1164000,1457000,1927000,1300000,732000,670000,717000,708000,811000,738000,789000,701000,698000,
implies_neg1: 1401000,
implies_neg2: 1753000,
__local_input: 27000,62000,64000,44000,66000,
qnt_rm_unused: 399000,1720000,431000,1874000,
equiv_simplify: 210000,285000,235000,305000,430000,549000,234000,291000,
__normalized_input: 19056000,5259000,4798000,3460000,3607000,3103000,2915000,1737000,1755000,1516000,1077000,1411000,874000,1086000,1459000,
rare_rewrite_eq-refl: 91000,160000,
rare_rewrite_eq-symm: 97000,105000,164000,108000,
rare_rewrite_or-not-refl: 6486000,11336000,
rare_rewrite_bool-impl-elim: 6509000,6262000,6042000,6081000,6436000,6160000,20566000,11989000,11749000,11862000,12771000,8366000,7114000,6617000,6965000,6575000,6811000,6716000,
rare_rewrite_bool-and-de-morgan: 6585000,5788000,5914000,11944000,11932000,6947000,7840000,6609000,

