1; Draft.Scratch_smt_check_7_22867; 2026-04-10 13:45:19.616;
bind: 514000,542000,518000,520000,522000,503000,531000,534000,517000,911000,932000,906000,919000,921000,506000,529000,533000,511000,
cong: 100000,456000,336000,97000,74000,55000,327000,145000,359000,107000,251000,187000,96000,148000,243000,165000,98000,49000,99000,362000,90000,264000,197000,103000,152000,243000,171000,97000,50000,90000,461000,316000,99000,50000,86000,64000,303000,104000,76000,40000,43000,52000,132000,81000,45000,42000,72000,92000,51000,52000,393000,88000,253000,211000,101000,155000,237000,156000,90000,43000,93000,583000,136000,442000,341000,178000,244000,407000,321000,157000,114000,147000,784000,505000,206000,72000,156000,89000,540000,157000,223000,78000,77000,83000,586000,146000,446000,305000,177000,273000,248000,161000,105000,49000,109000,371000,94000,251000,196000,104000,160000,241000,180000,149000,72000,91000,525000,314000,110000,53000,76000,56000,324000,89000,71000,40000,44000,49000,381000,120000,70000,72000,39000,39000,43000,40000,31000,24000,28000,137000,
refl: 28000,65000,31000,74000,73000,75000,34000,76000,78000,74000,36000,76000,26000,33000,74000,83000,71000,32000,159000,165000,134000,60000,163000,134000,140000,73000,34000,75000,76000,74000,55000,81000,71000,18000,17000,21000,
symm: 56000,86000,84000,63000,160000,61000,
trans: 420000,432000,354000,361000,208000,140000,209000,227000,205000,434000,436000,351000,375000,219000,158000,210000,217000,191000,323000,106000,75000,89000,96000,121000,82000,58000,423000,434000,378000,379000,205000,153000,210000,231000,186000,472000,7406000,664000,686000,381000,254000,418000,409000,357000,593000,198000,123000,136000,136000,802000,783000,639000,727000,381000,260000,372000,388000,192000,427000,437000,356000,382000,207000,157000,210000,229000,193000,310000,112000,78000,93000,78000,
equiv1: 69000,380000,
equiv2: 65000,199000,422000,
or_neg: 225000,260000,264000,244000,221000,226000,148000,129000,156000,149000,145000,187000,
or_pos: 240000,471000,261000,375000,
and_pos: 263000,213000,216000,280000,544000,575000,477000,424000,96000,
implies: 81000,416000,341000,341000,767000,343000,
not_and: 248000,
not_not: 188000,
parsing: 94228000,
aci_simp: 1312000,1049000,1072000,1447000,1096000,1127000,1111000,1378000,1090000,1066000,2619000,2140000,2041000,2199000,2572000,2147000,1113000,1382000,1094000,1121000,1213000,
evaluate: 190000,167000,191000,203000,324000,317000,295000,354000,216000,180000,167000,205000,
subproof: 3567000,1953000,1247000,2011000,2819000,2108000,
and_intro: 477000,
equiv_pos1: 31000,31000,35000,
equiv_pos2: 68000,35000,597000,605000,365000,371000,551000,525000,353000,727000,1081000,1055000,57000,369000,386000,533000,516000,271000,87000,132000,31000,100000,
reordering: 161000,124000,328000,406000,1025000,668000,2554000,382000,158000,519000,148000,170000,149000,155000,
resolution: 157000,165000,203000,135000,229000,6783000,139000,302000,398000,461000,489000,625000,667000,380000,188000,150000,237000,202000,259000,392000,423000,454000,701000,686000,388000,409000,592000,1655000,262000,279000,359000,300000,973000,152000,188000,268000,185000,204000,257000,415000,402000,466000,670000,694000,373000,432000,1038000,952000,1967000,412000,445000,668000,400000,451000,645000,696000,373000,398000,335000,316000,240000,341000,344000,
contraction: 190000,596000,617000,578000,338000,420000,613000,1109000,1247000,605000,222000,227000,
forall_inst: 986000,1024000,2029000,1139000,
implies_neg1: 576000,598000,1147000,759000,625000,552000,
implies_neg2: 555000,562000,251000,572000,1179000,563000,
__local_input: 134000,129000,223000,83000,33000,43000,81000,142000,34000,37000,18000,34000,
equiv_simplify: 298000,533000,
implies_simplify: 470000,
__normalized_input: 1708000,539000,603000,768000,726000,
rare_rewrite_eq-refl: 67000,81000,104000,160000,66000,77000,
rare_rewrite_eq-symm: 66000,78000,96000,105000,71000,88000,104000,126000,70000,83000,97000,123000,67000,84000,175000,187000,122000,155000,204000,185000,75000,113000,98000,114000,70000,87000,
rare_rewrite_bool-eq-nrefl: 8065000,12253000,7223000,
rare_rewrite_bool-impl-elim: 7136000,7281000,7226000,13447000,7316000,7341000,
rare_rewrite_bool-not-eq-elim1: 5922000,6364000,6737000,6399000,6166000,6739000,12229000,12434000,12012000,12058000,6455000,6707000,
rare_rewrite_bool-and-de-morgan: 6242000,6808000,6478000,6651000,6609000,6579000,12496000,12618000,7923000,7132000,6830000,7114000,
rare_rewrite_bool-double-not-elim: 210000,93000,103000,
rare_rewrite_bool-implies-de-morgan: 6045000,6585000,6347000,12095000,13583000,6851000,

