1; Draft.Scratch_smt_check_7_3897; 2026-04-10 13:44:36.307;
bind: 368000,393000,391000,418000,369000,458000,445000,275000,254000,361000,396000,394000,410000,373000,442000,459000,315000,420000,503000,387000,391000,525000,545000,610000,422000,618000,493000,392000,243000,
cong: 186000,184000,88000,66000,56000,73000,71000,251000,58000,260000,267000,209000,137000,184000,182000,82000,62000,54000,69000,74000,244000,55000,273000,335000,214000,208000,720000,490000,275000,263000,116000,178000,199000,177000,205000,136000,656000,410000,239000,232000,135000,155000,157000,127000,223000,156000,205000,122000,150000,69000,113000,176000,118000,114000,125000,169000,226000,187000,192000,63000,97000,202000,196000,219000,161000,133000,91000,135000,198000,116000,123000,126000,133000,79000,81000,61000,90000,151000,100000,126000,69000,67000,38000,66000,110000,66000,50000,85000,365000,126000,228000,167000,240000,113000,141000,72000,312000,199000,251000,
refl: 18000,21000,21000,44000,815000,55000,43000,48000,18000,18000,22000,42000,786000,56000,47000,74000,99000,99000,94000,37000,48000,38000,30000,44000,41000,26000,41000,46000,42000,29000,33000,43000,17000,29000,63000,50000,77000,
symm: 349000,430000,359000,428000,128000,204000,111000,107000,333000,330000,120000,188000,113000,63000,112000,78000,
trans: 344000,338000,352000,352000,350000,312000,79000,377000,346000,363000,379000,401000,339000,226000,385000,360000,346000,353000,354000,322000,89000,380000,344000,364000,382000,304000,339000,229000,372000,383000,381000,322000,270000,337000,358000,212000,202000,
choice: 29000,38000,55000,
equiv1: 469000,382000,1030000,391000,500000,309000,213000,
equiv2: 462000,342000,341000,375000,436000,428000,238000,186000,
or_neg: 462000,482000,512000,211000,227000,281000,319000,166000,200000,182000,216000,207000,202000,256000,
or_pos: 278000,341000,
and_pos: 790000,747000,675000,701000,752000,871000,
implies: 367000,590000,1252000,178000,264000,
not_and: 488000,
not_not: 271000,261000,296000,153000,
parsing: 120897000,
aci_simp: 1148000,1343000,1283000,1198000,1332000,1300000,1794000,
evaluate: 196000,191000,330000,
onepoint: 2050000,2021000,
qnt_join: 394000,394000,
subproof: 1938000,2449000,2427000,2487000,1435000,1248000,
and_intro: 392000,
equiv_neg1: 52000,
equiv_neg2: 51000,
equiv_pos1: 221000,209000,103000,120000,54000,69000,
equiv_pos2: 315000,627000,1087000,295000,384000,400000,890000,421000,248000,203000,280000,212000,442000,287000,254000,50000,230000,129000,102000,155000,366000,158000,204000,187000,296000,308000,177000,66000,58000,239000,
reordering: 1042000,914000,893000,2074000,965000,1025000,2742000,589000,464000,472000,423000,532000,235000,259000,279000,250000,293000,
resolution: 206000,189000,190000,305000,183000,231000,267000,292000,352000,445000,560000,535000,296000,372000,302000,415000,442000,426000,356000,418000,541000,692000,981000,852000,471000,479000,406000,362000,457000,324000,307000,311000,481000,397000,408000,330000,307000,502000,454000,258000,424000,867000,1189000,544000,583000,761000,601000,1518000,274000,316000,373000,407000,310000,292000,484000,429000,437000,304000,367000,405000,339000,429000,309000,493000,278000,408000,1285000,1096000,1771000,228000,262000,208000,200000,236000,332000,231000,258000,204000,187000,264000,249000,165000,308000,316000,325000,311000,337000,308000,418000,449000,349000,475000,407000,405000,195000,374000,417000,203000,409000,499000,
sko_forall: 1522000,2301000,
contraction: 592000,1048000,1136000,889000,1003000,1539000,1662000,292000,277000,437000,433000,337000,394000,
forall_inst: 1749000,1565000,1719000,1632000,1560000,1513000,1319000,2015000,1671000,1512000,1303000,990000,894000,956000,770000,796000,872000,
implies_neg1: 905000,840000,1069000,802000,246000,362000,
implies_neg2: 502000,1046000,613000,1521000,245000,338000,
__local_input: 172000,132000,81000,80000,74000,33000,34000,57000,58000,85000,
qnt_rm_unused: 561000,4027000,566000,4149000,
equiv_simplify: 574000,625000,513000,551000,475000,528000,519000,556000,616000,589000,314000,343000,295000,299000,
implies_simplify: 1239000,
__normalized_input: 5689000,5290000,5267000,5571000,4800000,4717000,2320000,1488000,1368000,1398000,675000,
rare_rewrite_eq-refl: 77000,74000,198000,
rare_rewrite_eq-symm: 145000,79000,162000,140000,92000,210000,229000,167000,110000,127000,238000,119000,128000,230000,151000,
rare_rewrite_or-not-refl: 6539000,6586000,
rare_rewrite_bool-impl-elim: 6321000,6020000,6947000,22588000,11581000,
rare_rewrite_bool-and-de-morgan: 6121000,6346000,
rare_rewrite_bool-double-not-elim: 210000,208000,265000,155000,

