1; Draft.Scratch_smt_check_7_10750; 2026-04-10 13:46:40.443;
bind: 277000,289000,289000,236000,311000,287000,219000,209000,321000,292000,212000,210000,197000,309000,292000,205000,213000,309000,282000,193000,203000,322000,811000,821000,982000,329000,339000,380000,364000,318000,805000,803000,620000,413000,383000,200000,227000,
cong: 107000,200000,163000,108000,122000,70000,122000,139000,122000,135000,266000,148000,118000,109000,74000,142000,133000,124000,119000,130000,461000,218000,177000,171000,113000,218000,191000,263000,131000,166000,105000,320000,208000,306000,468000,346000,560000,332000,138000,192000,373000,498000,374000,410000,396000,403000,79000,254000,56000,221000,222000,296000,150000,117000,112000,102000,146000,
refl: 110000,74000,94000,29000,44000,45000,98000,366000,108000,103000,150000,105000,117000,132000,66000,796000,60000,54000,33000,26000,
symm: 254000,324000,643000,325000,
false: 14000,
trans: 228000,258000,260000,265000,280000,262000,254000,287000,215000,273000,218000,172000,261000,214000,175000,269000,206000,172000,258000,203000,174000,741000,748000,738000,773000,676000,779000,699000,552000,575000,572000,453000,369000,420000,362000,316000,763000,697000,700000,694000,683000,796000,702000,745000,712000,155000,752000,771000,410000,399000,393000,415000,378000,377000,
choice: 23000,27000,28000,62000,
equiv2: 122000,103000,
or_neg: 158000,167000,142000,158000,191000,150000,170000,190000,159000,211000,228000,318000,335000,260000,282000,317000,239000,137000,143000,155000,138000,158000,
or_pos: 182000,281000,259000,443000,466000,
and_pos: 266000,542000,241000,
implies: 246000,273000,276000,
not_not: 120000,
parsing: 89657000,
aci_simp: 1159000,2605000,2199000,2064000,2290000,2388000,1231000,1246000,1132000,1153000,
evaluate: 318000,229000,
onepoint: 3147000,
qnt_join: 307000,789000,387000,
subproof: 1569000,1218000,1560000,
equiv_pos2: 188000,103000,128000,215000,210000,347000,139000,209000,430000,657000,283000,197000,390000,352000,212000,686000,287000,128000,109000,102000,103000,147000,37000,
reordering: 351000,199000,188000,224000,375000,236000,344000,454000,737000,377000,703000,518000,322000,178000,807000,
resolution: 136000,164000,165000,274000,350000,313000,180000,203000,214000,172000,250000,277000,211000,282000,310000,181000,169000,201000,240000,277000,317000,348000,424000,448000,270000,319000,173000,269000,332000,369000,337000,270000,378000,323000,288000,235000,273000,323000,335000,427000,437000,272000,313000,305000,514000,565000,416000,510000,258000,318000,496000,711000,912000,719000,314000,273000,433000,459000,697000,163000,157000,304000,291000,232000,283000,253000,
sko_forall: 1929000,1225000,1943000,
contraction: 216000,262000,441000,272000,380000,383000,399000,497000,403000,215000,
forall_inst: 838000,772000,769000,835000,1554000,2019000,965000,
implies_neg1: 325000,634000,401000,
implies_neg2: 324000,220000,335000,
__local_input: 101000,132000,126000,
connective_def: 487000,
equiv_simplify: 200000,182000,
miniscope_split: 406000,1055000,520000,
__normalized_input: 8604000,7508000,4447000,1192000,1403000,1195000,1111000,
rare_rewrite_eq-refl: 136000,
rare_rewrite_eq-symm: 121000,204000,324000,94000,
rare_rewrite_or-not-refl: 6800000,
rare_rewrite_bool-impl-elim: 6220000,6140000,12697000,11353000,11565000,11425000,5815000,5931000,
rare_rewrite_bool-impl-false1: 5975000,6225000,5988000,6289000,5806000,6137000,5793000,18037000,
rare_rewrite_bool-or-de-morgan: 12177000,12374000,
rare_rewrite_bool-and-de-morgan: 5883000,6252000,5915000,6303000,6052000,6104000,5848000,6043000,5734000,12025000,12214000,6038000,6204000,6378000,
rare_rewrite_bool-double-not-elim: 103000,102000,133000,240000,328000,214000,280000,360000,235000,98000,

