1; Draft.Scratch_smt_check_7_456; 2026-04-10 13:47:59.982;
cong: 553000,690000,538000,899000,655000,574000,164000,147000,159000,156000,135000,363000,271000,465000,458000,499000,164000,153000,173000,158000,144000,1468000,
refl: 420000,425000,47000,29000,39000,229000,227000,30000,470000,631000,
trans: 1297000,1337000,1287000,1355000,1221000,1451000,824000,407000,309000,276000,289000,257000,297000,306000,468000,688000,707000,647000,626000,264000,302000,266000,281000,258000,406000,225000,
equiv1: 2025000,1079000,1289000,
equiv2: 213000,
or_neg: 665000,694000,583000,
and_neg: 987000,
and_pos: 714000,512000,
implies: 773000,
not_not: 171000,
parsing: 12543000,
subproof: 1966000,
poly_simp: 4003000,3949000,6623000,2234000,1976000,1963000,2650000,2708000,1879000,1728000,2519000,2160000,3746000,1834000,2100000,2720000,2827000,1996000,2199000,20853000,
equiv_pos2: 907000,450000,970000,1996000,
reordering: 1428000,
resolution: 470000,805000,808000,1079000,913000,1453000,761000,989000,921000,991000,382000,195000,266000,463000,581000,
contraction: 1249000,1035000,1014000,
implies_neg1: 2172000,
implies_neg2: 1090000,
__local_input: 241000,102000,
poly_simp_rel: 3047000,2940000,3709000,1600000,1232000,1606000,1946000,1363000,
equiv_simplify: 2431000,301000,1283000,1573000,
__normalized_input: 6855000,6457000,4816000,
rare_rewrite_eq-refl: 1179000,573000,
rare_rewrite_ite-not-cond: 8472000,7474000,
rare_rewrite_arith-elim-lt: 6834000,12314000,
rare_rewrite_bool-double-not-elim: 423000,

