1; Draft.Scratch_smt_check_7_29625; 2026-04-10 13:43:40.269;
bind: 454000,420000,438000,448000,226000,206000,368000,368000,
cong: 223000,333000,319000,263000,156000,144000,193000,252000,251000,257000,271000,292000,324000,248000,306000,422000,
refl: 97000,90000,119000,
symm: 393000,
trans: 466000,423000,430000,418000,418000,428000,252000,202000,206000,181000,200000,172000,377000,428000,378000,327000,329000,501000,
choice: 73000,
or_neg: 326000,311000,236000,290000,356000,254000,277000,323000,291000,
or_pos: 684000,
and_pos: 168000,170000,337000,
not_and: 303000,
parsing: 53849000,
aci_simp: 1477000,1118000,1018000,994000,1847000,1831000,2035000,
qnt_join: 440000,
equiv_pos2: 353000,298000,308000,276000,306000,318000,419000,
reordering: 241000,267000,209000,395000,426000,1118000,476000,
resolution: 145000,143000,149000,143000,294000,407000,384000,160000,291000,346000,296000,476000,528000,242000,488000,435000,479000,560000,546000,
sko_forall: 2212000,
contraction: 250000,513000,466000,
forall_inst: 1068000,
connective_def: 273000,497000,
miniscope_split: 566000,
__normalized_input: 3851000,1346000,1268000,
rare_rewrite_eq-symm: 99000,107000,124000,76000,74000,92000,139000,135000,157000,191000,205000,205000,
rare_rewrite_bool-impl-elim: 7025000,
rare_rewrite_bool-and-de-morgan: 6212000,6179000,11220000,11517000,
rare_rewrite_bool-double-not-elim: 212000,164000,164000,180000,

