1; Draft.Scratch_smt_check_7_13933; 2026-04-10 13:43:40.830;
bind: 131000,138000,201000,240000,237000,359000,143000,135000,198000,
cong: 700000,368000,294000,152000,173000,112000,116000,334000,187000,119000,168000,202000,118000,122000,120000,212000,259000,736000,390000,197000,161000,95000,98000,64000,64000,203000,107000,72000,97000,133000,74000,75000,84000,119000,158000,421000,2629000,
refl: 33000,47000,19000,24000,534000,247000,198000,113000,232000,71000,101000,149000,136000,
symm: 763000,213000,195000,442000,169000,217000,330000,296000,1295000,112000,106000,175000,97000,111000,178000,165000,682000,
trans: 206000,834000,281000,294000,167000,372000,1315000,1364000,422000,151000,158000,101000,207000,869000,673000,
equiv1: 2423000,1320000,
equiv2: 1315000,751000,413000,
or_neg: 1765000,1662000,1582000,1515000,1698000,1478000,1540000,1524000,1535000,1729000,
and_pos: 1857000,1807000,1393000,1227000,1192000,1168000,1195000,1331000,1129000,1183000,1123000,1243000,
implies: 3518000,
not_and: 1638000,
not_not: 489000,275000,
parsing: 60259000,
evaluate: 294000,
subproof: 3142000,2795000,
and_intro: 684000,
equiv_pos2: 97000,92000,145000,182000,173000,263000,1077000,51000,95000,95000,145000,1113000,3828000,
reordering: 3400000,17070000,
resolution: 439000,172000,170000,148000,186000,143000,190000,212000,178000,212000,214000,229000,377000,2731000,26984000,1629000,1040000,1627000,1133000,1976000,238000,601000,602000,710000,437000,705000,360000,280000,309000,305000,253000,315000,301000,285000,365000,416000,404000,4291000,1919000,8597000,346000,584000,245000,415000,230000,154000,194000,167000,141000,193000,184000,178000,209000,251000,266000,639000,
contraction: 5803000,1967000,1991000,5209000,4665000,
forall_inst: 687000,694000,622000,586000,749000,680000,800000,801000,1105000,2016000,1464000,1199000,1300000,1105000,1286000,1313000,1427000,1464000,859000,621000,697000,608000,743000,733000,779000,874000,2142000,
implies_neg1: 2700000,5865000,
implies_neg2: 1352000,2687000,
__local_input: 242000,264000,257000,108000,97000,72000,110000,34000,48000,59000,62000,150000,
equiv_simplify: 1529000,942000,487000,1541000,
implies_simplify: 2908000,
__normalized_input: 3741000,3551000,3592000,2358000,1253000,1277000,1607000,
rare_rewrite_eq-symm: 111000,109000,151000,203000,209000,254000,1264000,137000,112000,144000,680000,
rare_rewrite_bool-eq-false: 15049000,14130000,7929000,33154000,
rare_rewrite_bool-double-not-elim: 835000,

