1; Draft.Scratch_smt_check_7_17936; 2026-04-10 13:43:39.915;
bind: 180000,168000,354000,
cong: 83000,341000,327000,218000,112000,82000,235000,395000,181000,153000,423000,626000,1842000,
refl: 88000,145000,294000,
symm: 212000,127000,129000,360000,244000,261000,679000,
trans: 91000,234000,161000,355000,351000,459000,322000,713000,722000,
equiv1: 656000,655000,
equiv2: 329000,250000,490000,
or_neg: 415000,401000,383000,391000,
and_pos: 433000,475000,15132000,1043000,1033000,960000,
implies: 268000,263000,728000,508000,
not_and: 410000,
not_not: 202000,333000,
parsing: 52914000,
evaluate: 207000,
subproof: 1173000,1310000,1168000,3300000,2325000,
and_intro: 775000,
equiv_pos1: 145000,143000,312000,
equiv_pos2: 109000,113000,120000,411000,419000,109000,126000,114000,255000,30000,234000,236000,228000,537000,846000,1499000,
reordering: 406000,428000,522000,648000,1012000,516000,434000,455000,2543000,1056000,867000,834000,
resolution: 212000,209000,213000,197000,241000,240000,245000,214000,219000,362000,501000,468000,280000,797000,2159000,417000,381000,487000,384000,656000,130000,218000,216000,371000,458000,434000,272000,275000,193000,244000,255000,300000,197000,231000,194000,205000,247000,1018000,889000,1763000,394000,484000,337000,428000,432000,507000,385000,389000,336000,372000,375000,403000,652000,837000,803000,541000,
contraction: 425000,999000,502000,534000,418000,1055000,1172000,879000,
forall_inst: 801000,806000,880000,874000,875000,908000,796000,874000,1605000,1463000,1436000,1656000,
implies_neg1: 381000,364000,621000,683000,4475000,
implies_neg2: 438000,366000,434000,1217000,836000,
__local_input: 53000,56000,56000,60000,133000,151000,111000,74000,93000,
equiv_simplify: 551000,335000,659000,873000,
implies_simplify: 721000,
__normalized_input: 5689000,2529000,2158000,1907000,1157000,
rare_rewrite_eq-symm: 97000,324000,96000,357000,160000,721000,
rare_rewrite_bool-eq-false: 7070000,6774000,12696000,12839000,
rare_rewrite_bool-double-not-elim: 536000,

