1; Draft.Scratch_smt_check_7_31832; 2026-04-10 13:43:40.963;
bind: 173000,328000,245000,161000,164000,320000,273000,
cong: 132000,125000,275000,222000,205000,117000,74000,88000,100000,77000,207000,174000,255000,218000,226000,
refl: 35000,
symm: 180000,102000,122000,
trans: 152000,158000,138000,159000,234000,190000,108000,276000,298000,246000,259000,258000,
choice: 124000,
or_neg: 239000,297000,210000,262000,321000,230000,
and_neg: 494000,
and_pos: 435000,297000,313000,281000,285000,
implies: 363000,
parsing: 19263000,
aci_simp: 964000,1770000,1808000,1806000,
subproof: 2082000,
equiv_pos1: 63000,
equiv_pos2: 255000,240000,242000,221000,132000,122000,264000,266000,253000,
reordering: 392000,296000,698000,1642000,337000,
resolution: 237000,152000,290000,305000,411000,495000,250000,271000,250000,317000,241000,247000,220000,300000,986000,491000,418000,1910000,236000,237000,235000,281000,239000,247000,472000,400000,479000,545000,
sko_forall: 1964000,3125000,
contraction: 383000,449000,678000,489000,
forall_inst: 1107000,1193000,1164000,1187000,1083000,1129000,1146000,1035000,1129000,
implies_neg1: 496000,
implies_neg2: 348000,
__local_input: 20000,37000,58000,27000,39000,
connective_def: 418000,412000,
__normalized_input: 5385000,1628000,5082000,977000,869000,745000,
rare_rewrite_eq-symm: 108000,115000,142000,141000,130000,164000,110000,138000,197000,
rare_rewrite_bool-and-de-morgan: 22623000,11997000,11295000,11709000,
rare_rewrite_bool-double-not-elim: 139000,185000,

