1; Draft.Scratch_smt_check_7_30811; 2026-04-10 13:43:46.390;
bind: 190000,188000,323000,348000,190000,188000,
cong: 89000,235000,89000,74000,109000,59000,122000,104000,67000,124000,74000,61000,63000,88000,71000,59000,68000,108000,85000,87000,109000,137000,117000,73000,115000,62000,102000,65000,74000,182000,210000,189000,139000,133000,129000,82000,119000,121000,158000,208000,312000,133000,237000,155000,181000,96000,271000,88000,316000,133000,201000,231000,128000,127000,111000,217000,109000,120000,127000,153000,197000,109000,200000,106000,151000,76000,128000,217000,104000,223000,103000,153000,148000,168000,113000,183000,98000,100000,135000,127000,148000,164000,223000,126000,177000,101000,87000,70000,110000,58000,125000,111000,77000,126000,72000,58000,60000,91000,109000,71000,92000,109000,94000,89000,105000,131000,119000,75000,121000,67000,103000,67000,73000,72000,130000,114000,92000,80000,77000,57000,68000,73000,108000,121000,184000,84000,142000,100000,192000,111000,280000,121000,329000,137000,196000,251000,130000,122000,114000,221000,117000,129000,107000,161000,224000,106000,232000,107000,133000,85000,129000,207000,104000,180000,94000,147000,145000,170000,151000,196000,104000,100000,135000,145000,179000,167000,208000,114000,159000,104000,19403000,
refl: 22000,118000,46000,66000,58000,65000,34000,27000,71000,22000,18000,30000,65000,85000,66000,37000,28000,70000,240000,144000,222000,240000,294000,217000,131000,146000,252000,294000,162000,243000,193000,111000,169000,124000,120000,164000,98000,236000,253000,230000,147000,103000,181000,286000,115000,137000,174000,142000,119000,123000,144000,217000,241000,293000,198000,138000,121000,88000,188000,
symm: 131000,134000,188000,98000,106000,114000,130000,102000,94000,180000,207000,156000,116000,177000,143000,153000,324000,362000,377000,242000,278000,197000,303000,151000,268000,182000,359000,174000,391000,399000,385000,202000,264000,167000,222000,263000,114000,167000,222000,303000,390000,186000,213000,368000,300000,225000,232000,256000,314000,151000,328000,227000,141000,166000,202000,227000,128000,145000,187000,91000,103000,122000,139000,110000,97000,175000,211000,160000,118000,189000,152000,132000,167000,193000,174000,134000,154000,108000,87000,94000,150000,98000,177000,103000,224000,386000,210000,238000,193000,244000,217000,122000,155000,208000,319000,379000,177000,282000,383000,292000,245000,235000,255000,271000,154000,326000,233000,152000,178000,233000,261000,
trans: 99000,297000,114000,114000,202000,128000,134000,143000,144000,138000,124000,183000,166000,132000,136000,132000,236000,236000,442000,131000,226000,300000,156000,433000,304000,273000,213000,303000,194000,340000,305000,248000,232000,308000,211000,233000,272000,132000,364000,234000,157000,295000,152000,199000,313000,112000,113000,207000,137000,126000,139000,149000,134000,139000,195000,169000,144000,132000,133000,131000,127000,170000,80000,129000,153000,101000,230000,175000,280000,224000,304000,212000,376000,322000,292000,262000,336000,258000,223000,239000,175000,306000,250000,164000,299000,188000,212000,
equiv1: 505000,596000,
equiv2: 549000,149000,87000,
or_neg: 3235000,3226000,3175000,3195000,3196000,3178000,3138000,3173000,16603000,5837000,3177000,3160000,3150000,3139000,3154000,3123000,3129000,3157000,3122000,3157000,3168000,3154000,3132000,3126000,3110000,3143000,3097000,3128000,3105000,3103000,3081000,3204000,3079000,3130000,3090000,3118000,3084000,3057000,3048000,3065000,3036000,3037000,3026000,3061000,3051000,3067000,3040000,3069000,
and_pos: 369000,379000,4767000,4686000,4779000,4665000,4713000,4615000,4564000,4544000,4653000,4613000,4527000,4586000,4537000,4543000,4606000,4622000,4569000,4585000,4553000,4579000,4697000,4655000,4647000,4686000,27338000,4671000,4516000,4586000,4593000,4646000,4500000,4454000,4505000,4569000,4565000,4601000,4795000,4550000,4558000,4462000,4480000,4361000,4346000,4325000,4377000,4392000,4319000,4293000,
implies: 161000,322000,8853000,166000,
not_and: 3503000,
not_not: 163000,103000,
parsing: 322580000,
evaluate: 296000,
subproof: 1247000,1204000,2021000,6349000,1102000,
and_intro: 314000,
equiv_pos1: 46000,84000,41000,
equiv_pos2: 125000,213000,132000,248000,457000,272000,48000,136000,216000,129000,15013000,
reordering: 215000,15599000,733000,379000,812641000,197000,
resolution: 5100000,190000,229000,184000,184000,345000,185000,153000,251000,159000,156000,179000,184000,202000,243000,222000,221000,193000,167000,196000,186000,191000,174000,172000,265000,177000,276000,332000,296000,201000,166000,187000,205000,231000,228000,166000,190000,168000,165000,220000,184000,209000,210000,191000,167000,239000,213000,184000,185000,222000,264000,226000,229000,206000,291000,14136000,676116000,3095000,309000,426000,325000,576000,132000,212000,224000,239000,191000,221000,175000,186000,174000,185000,188000,238000,220000,206000,274000,566000,282000,276000,245000,263000,371000,269000,310000,270000,420000,537000,470000,269000,364000,233000,429000,271000,336000,286000,427000,416000,266000,310000,300000,368000,279000,281000,350000,378000,367000,318000,375000,341000,324000,378000,339000,281000,345000,426000,254000,252000,245000,334000,277000,366000,363000,255000,10266000,3639000,150873000,197000,249000,174000,189000,191000,186000,204000,255000,239000,215000,194000,225000,175000,164000,154000,167000,222000,163000,188000,164000,262000,332000,287000,167000,217000,135000,180000,151000,238000,187000,76739000,474000,301000,356000,345000,408000,351000,300000,359000,509000,411000,336000,444000,389000,340000,387000,325000,328000,364000,446000,265000,262000,340000,366000,270000,430000,348000,306000,
contraction: 255000,2738764000,439000,463000,472000,14395000,70465000,266000,
forall_inst: 725000,788000,777000,720000,7663000,657000,636000,631000,728000,719000,776000,929000,779000,795000,746000,677000,677000,817000,812000,778000,783000,974000,802000,688000,824000,846000,892000,776000,696000,894000,672000,704000,787000,757000,856000,748000,689000,880000,767000,738000,768000,805000,795000,786000,803000,769000,958000,758000,814000,720000,780000,675000,709000,670000,712000,738000,807000,787000,720000,1222000,1348000,1130000,1170000,1189000,1466000,1224000,1353000,1488000,1171000,1586000,1457000,1193000,1352000,1321000,1451000,1274000,1185000,1345000,1483000,1399000,1351000,1462000,1411000,1276000,1426000,1368000,1210000,1399000,1581000,1149000,1174000,1098000,1399000,1183000,1497000,1333000,1242000,747000,804000,672000,719000,691000,724000,762000,874000,830000,799000,674000,698000,651000,617000,671000,871000,657000,783000,789000,1547000,1511000,1275000,1442000,1351000,1510000,1364000,1206000,1452000,1734000,1445000,1377000,1444000,1427000,1274000,1456000,1404000,1218000,1419000,1694000,1200000,1262000,1111000,1447000,1260000,1538000,1447000,1228000,
implies_neg1: 221000,394000,1030000,206000,18001000,
implies_neg2: 282000,318000,417000,6058000,228000,
__local_input: 38000,62000,101000,117000,34000,116000,70000,139000,114000,125000,100000,64000,75000,106000,136000,79000,100000,94000,59000,77000,93000,56000,72000,66000,114000,121000,123000,70000,52000,58000,173000,58000,68000,71000,72000,133000,48000,70000,110000,113000,132000,97000,67000,58000,42000,48000,32000,65000,32000,50000,40000,58000,72000,
equiv_simplify: 722000,280000,180000,800000,
implies_simplify: 605000,
__normalized_input: 2050000,1589000,1493000,1131000,683000,561000,517000,548000,527000,
rare_rewrite_eq-symm: 96000,174000,135000,282000,341000,156000,142000,168000,102000,
rare_rewrite_bool-double-not-elim: 238000,

