1; Draft.Scratch_smt_check_7_12161; 2026-04-10 13:43:40.281;
bind: 159000,154000,155000,166000,141000,170000,243000,258000,266000,243000,283000,278000,283000,282000,
cong: 87000,76000,107000,209000,120000,65000,68000,96000,68000,66000,96000,172000,104000,84000,65000,119000,202000,83000,70000,119000,86000,289000,188000,88000,151000,107000,168000,169000,87000,66000,122000,83000,110000,122000,158000,106000,122000,170000,349000,238000,
refl: 34000,51000,36000,32000,19000,35000,40000,29000,19000,38000,27000,69000,57000,30000,63000,26000,54000,51000,27000,51000,103000,
symm: 72000,115000,77000,197000,127000,87000,
trans: 143000,150000,158000,167000,143000,93000,99000,134000,99000,107000,110000,118000,130000,126000,135000,124000,118000,207000,228000,212000,220000,296000,231000,198000,117000,275000,175000,180000,241000,205000,192000,284000,345000,311000,
or_pos: 273000,291000,
and_neg: 433000,
and_pos: 283000,340000,288000,
implies: 141000,126000,393000,284000,273000,
parsing: 36146000,
subproof: 1126000,1136000,2121000,2029000,2313000,
equiv_pos2: 79000,197000,108000,111000,167000,189000,65000,345000,179000,66000,208000,222000,402000,
reordering: 318000,651000,1119000,332000,
resolution: 191000,238000,157000,248000,318000,304000,221000,136000,216000,228000,265000,271000,145000,240000,151000,165000,234000,372000,732000,566000,529000,1071000,252000,431000,473000,457000,323000,291000,282000,388000,291000,387000,373000,460000,545000,520000,293000,420000,
contraction: 261000,224000,532000,601000,422000,461000,
forall_inst: 750000,680000,1205000,1303000,1328000,1444000,
implies_neg1: 214000,178000,366000,369000,535000,
implies_neg2: 230000,185000,463000,351000,427000,
__local_input: 48000,42000,85000,75000,31000,54000,33000,
__normalized_input: 1961000,1301000,871000,799000,776000,972000,
rare_rewrite_eq-refl: 53000,99000,
rare_rewrite_eq-symm: 134000,136000,156000,91000,58000,112000,96000,59000,157000,106000,144000,144000,106000,104000,199000,239000,151000,116000,111000,217000,101000,190000,190000,94000,191000,284000,302000,
rare_rewrite_bool-eq-true: 6223000,6149000,11927000,12571000,
rare_rewrite_bool-impl-elim: 23699000,11944000,
rare_rewrite_bool-double-not-elim: 94000,171000,

