1; Draft.Scratch_smt_check_7_6751; 2026-04-10 13:52:09.568;
bind: 481000,501000,249000,215000,271000,313000,233000,249000,261000,264000,290000,291000,262000,218000,271000,314000,238000,237000,264000,274000,291000,293000,261000,471000,470000,243000,222000,267000,319000,237000,233000,264000,265000,292000,287000,260000,476000,911000,439000,
cong: 216000,177000,117000,71000,100000,113000,115000,86000,51000,117000,55000,120000,51000,121000,54000,113000,102000,61000,69000,101000,118000,120000,84000,51000,105000,56000,109000,52000,128000,55000,114000,100000,60000,57000,202000,173000,110000,72000,56000,78000,59000,68000,98000,116000,119000,83000,52000,105000,58000,103000,49000,123000,54000,125000,99000,73000,58000,218000,172000,207000,111000,97000,126000,116000,1010000,
refl: 118000,31000,29000,247000,24000,27000,24000,28000,288000,29000,24000,28000,33000,28000,242000,24000,27000,41000,26000,284000,27000,24000,28000,125000,19000,32000,29000,241000,26000,29000,25000,29000,288000,25000,24000,28000,115000,28000,
symm: 165000,257000,277000,251000,278000,215000,212000,202000,186000,249000,284000,420000,384000,336000,
trans: 438000,431000,426000,447000,395000,401000,385000,294000,218000,265000,225000,226000,225000,222000,200000,187000,156000,217000,221000,206000,211000,161000,265000,242000,245000,238000,259000,218000,231000,233000,223000,245000,301000,210000,276000,230000,226000,224000,210000,212000,184000,160000,220000,225000,210000,229000,158000,268000,245000,251000,238000,282000,218000,219000,234000,229000,251000,437000,431000,460000,437000,388000,411000,391000,205000,302000,212000,264000,223000,224000,218000,212000,200000,209000,160000,225000,230000,209000,214000,178000,260000,251000,252000,235000,267000,214000,224000,227000,225000,244000,452000,436000,421000,444000,395000,398000,735000,391000,
equiv1: 204000,
equiv2: 160000,166000,
not_or: 344000,352000,356000,
or_neg: 383000,396000,393000,378000,380000,403000,393000,
or_pos: 242000,257000,250000,273000,245000,250000,
and_pos: 175000,193000,453000,506000,473000,446000,470000,476000,470000,
implies: 535000,
not_and: 419000,
not_not: 211000,181000,211000,387000,
parsing: 20813000,
aci_simp: 1160000,5873000,936000,953000,966000,993000,992000,1007000,906000,952000,953000,999000,990000,987000,1165000,1162000,908000,1102000,947000,1013000,981000,974000,1180000,2209000,
evaluate: 252000,252000,248000,257000,273000,245000,245000,
onepoint: 993000,1378000,1009000,1409000,1027000,1414000,
qnt_join: 270000,290000,275000,
subproof: 1153000,1467000,
and_intro: 274000,
equiv_pos1: 42000,40000,41000,
equiv_pos2: 236000,108000,87000,182000,121000,88000,180000,115000,236000,105000,28000,86000,181000,113000,437000,187000,825000,
reordering: 282000,266000,274000,741000,367000,272000,271000,274000,2780000,271000,266000,294000,
resolution: 360000,252000,435000,260000,254000,289000,253000,237000,276000,285000,278000,322000,260000,282000,297000,1130000,4213000,400000,249000,270000,271000,383000,234000,226000,277000,231000,285000,264000,280000,328000,263000,273000,307000,261000,229000,251000,439000,267000,258000,295000,583000,479000,2299000,259000,237000,290000,268000,279000,320000,262000,277000,306000,251000,440000,481000,444000,539000,
contraction: 1577000,305000,306000,666000,917000,
forall_inst: 843000,795000,762000,786000,792000,755000,767000,781000,842000,830000,789000,777000,786000,1556000,1499000,
implies_neg1: 212000,1445000,
implies_neg2: 178000,543000,
__local_input: 49000,119000,80000,88000,91000,113000,65000,71000,83000,
qnt_rm_unused: 491000,339000,963000,339000,969000,489000,338000,963000,481000,
equiv_simplify: 245000,241000,
miniscope_split: 544000,527000,550000,
implies_simplify: 273000,
__normalized_input: 27801000,10638000,10198000,9259000,5732000,5195000,4666000,4584000,4596000,1110000,
rare_rewrite_eq-refl: 148000,152000,154000,157000,148000,151000,
rare_rewrite_eq-symm: 195000,157000,155000,157000,166000,159000,160000,208000,162000,159000,158000,426000,
rare_rewrite_or-not-refl: 5626000,5708000,5660000,5723000,5631000,5723000,
rare_rewrite_bool-impl-elim: 5814000,5584000,5746000,
rare_rewrite_bool-impl-false1: 6052000,6832000,5569000,5847000,5869000,5836000,5976000,6479000,5565000,5848000,11513000,12095000,
rare_rewrite_bool-and-de-morgan: 5742000,5971000,5584000,5547000,5636000,5587000,5548000,5672000,5784000,5990000,5582000,5521000,5649000,22080000,11401000,
rare_rewrite_bool-double-not-elim: 178000,176000,175000,182000,179000,177000,348000,

