1; Draft.Scratch_smt_check_7_10113; 2026-04-10 13:52:08.612;
bind: 562000,708000,480000,484000,422000,427000,
cong: 244000,197000,136000,137000,255000,198000,139000,204000,216000,144000,154000,201000,82000,119000,152000,78000,168000,84000,
refl: 33000,167000,39000,60000,482000,56000,46000,47000,397000,46000,46000,
symm: 439000,
trans: 531000,426000,443000,400000,408000,329000,316000,265000,421000,418000,424000,444000,444000,436000,466000,442000,347000,359000,377000,457000,406000,399000,392000,406000,388000,
equiv1: 484000,
equiv2: 500000,
or_neg: 398000,
or_pos: 951000,
implies: 320000,
parsing: 6699000,
aci_simp: 1472000,1237000,1798000,1952000,1737000,1858000,
evaluate: 456000,
onepoint: 1961000,1794000,
subproof: 1206000,
equiv_pos1: 106000,
equiv_pos2: 300000,324000,188000,348000,
reordering: 948000,1755000,511000,646000,
resolution: 297000,246000,427000,665000,453000,253000,249000,282000,294000,400000,465000,451000,327000,520000,596000,
contraction: 456000,
forall_inst: 1187000,960000,1498000,
implies_neg1: 396000,
implies_neg2: 470000,
__local_input: 83000,
connective_def: 547000,507000,
equiv_simplify: 714000,651000,
__normalized_input: 15805000,13495000,12750000,12099000,9595000,5826000,5439000,3106000,2503000,2577000,
rare_rewrite_eq-refl: 358000,
rare_rewrite_eq-symm: 397000,297000,304000,
rare_rewrite_or-not-refl: 11013000,10953000,
rare_rewrite_bool-impl-elim: 6411000,
rare_rewrite_bool-and-de-morgan: 5783000,5778000,5891000,6058000,11031000,10962000,
rare_rewrite_bool-double-not-elim: 375000,315000,

