1; Draft.Scratch_smt_check_7_22903; 2026-04-10 13:47:40.710;
bind: 401000,339000,376000,337000,380000,336000,385000,336000,383000,317000,541000,318000,681000,585000,391000,327000,
cong: 123000,74000,123000,82000,168000,86000,152000,58000,213000,266000,161000,224000,149000,101000,84000,128000,85000,87000,273000,176000,217000,152000,99000,83000,123000,86000,89000,497000,330000,163000,97000,105000,90000,99000,116000,364000,278000,167000,222000,142000,101000,86000,127000,85000,87000,276000,166000,241000,142000,94000,78000,125000,80000,79000,478000,312000,171000,88000,92000,81000,95000,110000,336000,75000,274000,165000,214000,138000,95000,80000,121000,81000,82000,273000,168000,220000,141000,98000,83000,127000,84000,84000,813000,493000,274000,140000,153000,126000,145000,174000,550000,134000,234000,147000,78000,138000,451000,250000,349000,225000,148000,132000,127000,85000,91000,278000,166000,217000,155000,101000,88000,131000,87000,92000,1019000,682000,196000,133000,148000,183000,239000,173000,749000,463000,
refl: 28000,40000,87000,90000,27000,28000,41000,87000,88000,25000,29000,35000,90000,88000,43000,43000,66000,157000,90000,79000,44000,100000,109000,
symm: 93000,157000,162000,77000,85000,89000,173000,191000,165000,
trans: 78000,161000,164000,160000,209000,158000,163000,83000,99000,114000,153000,296000,298000,327000,159000,162000,132000,108000,107000,108000,275000,286000,317000,168000,162000,135000,105000,105000,113000,324000,234000,132000,126000,105000,153000,298000,298000,317000,164000,160000,130000,106000,106000,108000,277000,307000,311000,169000,167000,132000,104000,104000,104000,298000,218000,122000,118000,98000,159000,82000,109000,280000,289000,309000,163000,154000,127000,103000,101000,104000,283000,416000,304000,162000,156000,132000,105000,107000,105000,562000,501000,222000,209000,183000,255000,207000,213000,234000,203000,150000,182000,219000,179000,498000,555000,681000,310000,323000,316000,215000,113000,112000,280000,297000,319000,168000,166000,135000,109000,117000,118000,413000,352000,472000,196000,191000,272000,
equiv1: 180000,106000,89000,177000,85000,87000,
equiv2: 103000,113000,
or_neg: 178000,211000,245000,301000,292000,187000,191000,190000,221000,252000,280000,418000,461000,495000,506000,869000,806000,
or_pos: 307000,291000,551000,849000,
and_pos: 133000,136000,137000,215000,121000,123000,140000,250000,236000,248000,
implies: 183000,132000,186000,98000,314000,535000,126000,285000,340000,320000,
not_and: 188000,199000,
not_not: 133000,
parsing: 56351000,
aci_simp: 1282000,1322000,1194000,1303000,1374000,1066000,1300000,1313000,2059000,2474000,1326000,2081000,
evaluate: 178000,261000,150000,250000,284000,260000,364000,256000,349000,256000,472000,604000,381000,433000,521000,590000,1018000,999000,
subproof: 1109000,1130000,1018000,1050000,1015000,1354000,1127000,1278000,980000,1286000,2321000,1334000,
and_intro: 115000,124000,101000,248000,
poly_simp: 1847000,2207000,1501000,2222000,1813000,1791000,2332000,1744000,1793000,1848000,2320000,1732000,1741000,1875000,1721000,1856000,1879000,2297000,1759000,1807000,1747000,2182000,1684000,1667000,1725000,1660000,1792000,1735000,2184000,1678000,1714000,1794000,2258000,1699000,1791000,3540000,3072000,3305000,4110000,3207000,3315000,2392000,1799000,1881000,1892000,2387000,1816000,1923000,4029000,4113000,5066000,
equiv_pos1: 54000,
equiv_pos2: 28000,106000,256000,156000,265000,241000,556000,56000,92000,84000,305000,462000,240000,589000,51000,90000,75000,271000,50000,42000,49000,237000,474000,1093000,94000,168000,150000,549000,106000,137000,82000,243000,285000,884000,81000,226000,205000,796000,490000,
la_generic: 6243000,9302000,
reordering: 274000,379000,299000,358000,392000,279000,338000,586000,682000,908000,831000,984000,
resolution: 198000,176000,298000,316000,240000,218000,250000,251000,373000,167000,155000,163000,211000,358000,343000,484000,180000,285000,313000,169000,195000,210000,155000,233000,209000,268000,173000,159000,233000,240000,251000,294000,385000,485000,720000,681000,351000,356000,273000,227000,296000,487000,616000,383000,405000,222000,241000,263000,244000,565000,114000,174000,160000,202000,267000,366000,467000,665000,644000,345000,378000,249000,215000,275000,490000,550000,170000,156000,172000,184000,157000,201000,173000,217000,223000,156000,152000,158000,197000,266000,357000,459000,649000,645000,345000,357000,431000,354000,439000,902000,1005000,644000,595000,1117000,348000,459000,581000,473000,671000,670000,384000,385000,421000,460000,524000,1172000,1608000,
contraction: 221000,174000,197000,259000,277000,200000,133000,149000,539000,408000,288000,201000,229000,534000,384000,116000,520000,748000,517000,559000,530000,1005000,
forall_inst: 1098000,870000,1697000,1582000,
la_mult_neg: 302000,254000,
implies_neg1: 179000,111000,200000,120000,277000,529000,494000,911000,159000,351000,583000,640000,
implies_neg2: 137000,257000,177000,101000,128000,537000,141000,514000,87000,513000,574000,518000,
__local_input: 33000,60000,28000,45000,22000,26000,68000,128000,120000,352000,66000,63000,35000,87000,245000,51000,73000,283000,
comp_simplify: 1275000,1304000,
poly_simp_rel: 1030000,1005000,980000,979000,1004000,1029000,981000,1037000,1033000,1077000,1105000,1019000,964000,984000,1009000,989000,923000,955000,953000,994000,1047000,982000,932000,953000,962000,1026000,944000,980000,998000,1858000,1895000,1938000,2027000,1701000,1041000,1083000,1052000,1014000,1018000,1088000,1965000,2906000,
equiv_simplify: 182000,190000,157000,159000,
la_disequality: 43000,
implies_simplify: 255000,184000,264000,187000,
__normalized_input: 16080000,2035000,1944000,
rare_rewrite_eq-symm: 123000,113000,245000,119000,112000,258000,113000,119000,479000,113000,136000,353000,
rare_rewrite_arith-elim-gt: 5920000,11218000,
rare_rewrite_arith-elim-lt: 9953000,5887000,5805000,5904000,5979000,5864000,5788000,5759000,5817000,5873000,5931000,5845000,10739000,5571000,5473000,6581000,5844000,5671000,5571000,5583000,5806000,5813000,5706000,5767000,14682000,11773000,11797000,6353000,6300000,6455000,6248000,6655000,6739000,7467000,
rare_rewrite_arith-elim-leq: 5929000,5970000,6120000,5864000,5946000,11368000,11467000,11548000,12635000,87451000,
rare_rewrite_bool-impl-elim: 6358000,6566000,6539000,6772000,6232000,6339000,12470000,7666000,
rare_rewrite_bool-and-de-morgan: 5881000,5961000,6311000,6228000,5731000,5739000,11563000,6410000,
rare_rewrite_arith-geq-norm1-real: 5782000,
rare_rewrite_bool-double-not-elim: 103000,117000,99000,127000,166000,101000,127000,106000,128000,141000,126000,101000,116000,102000,118000,307000,199000,246000,103000,122000,535000,361000,

