1; Draft.Scratch_smt_check_7_14339; 2026-04-10 13:47:39.904;
bind: 157000,195000,449000,288000,421000,371000,321000,
cong: 54000,72000,46000,70000,68000,53000,233000,124000,66000,163000,108000,111000,75000,260000,
refl: 20000,18000,98000,35000,26000,54000,
symm: 76000,81000,139000,151000,
trans: 228000,388000,354000,
equiv1: 274000,
or_pos: 457000,
parsing: 13669000,
equiv_pos2: 48000,162000,276000,
reordering: 581000,
resolution: 190000,215000,165000,273000,432000,457000,
forall_inst: 1380000,
__normalized_input: 13365000,1990000,1031000,927000,
rare_rewrite_bool-impl-elim: 24520000,11778000,11731000,

