1; Draft.Scratch_smt_check_7_16843; 2026-04-10 13:50:45.321;
bind: 475000,472000,945000,872000,
cong: 375000,231000,487000,427000,279000,708000,403000,
refl: 142000,
symm: 544000,1141000,595000,1119000,
trans: 1203000,944000,
or_pos: 391000,743000,
and_neg: 2839000,
and_pos: 1629000,1693000,1731000,1810000,
implies: 444000,1862000,875000,
parsing: 17902000,
subproof: 1970000,5634000,3536000,
equiv_pos2: 244000,241000,479000,508000,475000,987000,
reordering: 583000,2380000,6962000,1221000,
resolution: 413000,300000,352000,552000,482000,611000,581000,334000,411000,481000,465000,1750000,2787000,1817000,3894000,951000,875000,645000,1056000,700000,1097000,1102000,1115000,677000,807000,
contraction: 607000,2521000,2998000,1377000,
forall_inst: 1048000,1290000,1284000,6893000,3921000,1992000,
implies_neg1: 579000,1295000,6364000,
implies_neg2: 606000,2278000,1230000,
__local_input: 365000,546000,305000,415000,182000,548000,
__normalized_input: 6343000,4036000,3811000,1674000,3044000,
rare_rewrite_eq-symm: 384000,784000,
rare_rewrite_bool-impl-elim: 7321000,7692000,13389000,13192000,

