1; Draft.Scratch_smt_check_7_30222; 2026-04-10 13:44:10.109;
bind: 177000,299000,587000,548000,302000,269000,
cong: 165000,112000,112000,181000,314000,151000,240000,190000,193000,198000,
refl: 40000,42000,120000,153000,39000,41000,
trans: 163000,149000,154000,131000,149000,224000,483000,410000,427000,209000,223000,275000,295000,245000,257000,235000,
equiv1: 279000,
or_pos: 527000,
parsing: 13535000,
aci_simp: 937000,1847000,2393000,1722000,1753000,1694000,2040000,
equiv_pos2: 208000,466000,
reordering: 755000,
resolution: 245000,164000,262000,653000,509000,
forall_inst: 1521000,
connective_def: 393000,407000,
__normalized_input: 3286000,838000,806000,842000,1159000,
rare_rewrite_eq-symm: 133000,134000,
rare_rewrite_bool-impl-elim: 11930000,
rare_rewrite_bool-and-de-morgan: 20234000,11391000,11032000,11141000,11240000,11620000,
rare_rewrite_bool-double-not-elim: 163000,

