1; Draft.Scratch_smt_check_7_15654; 2026-04-10 13:44:09.645;
bind: 240000,273000,292000,253000,136000,150000,157000,333000,243000,242000,263000,287000,
cong: 128000,114000,59000,69000,104000,72000,152000,231000,209000,104000,135000,170000,112000,284000,1522000,
refl: 27000,33000,27000,55000,56000,52000,143000,124000,102000,101000,138000,115000,78000,61000,137000,108000,131000,86000,
symm: 160000,81000,108000,105000,111000,63000,66000,83000,232000,177000,193000,190000,204000,103000,116000,157000,422000,
trans: 99000,166000,164000,109000,134000,103000,222000,226000,327000,316000,207000,255000,206000,430000,433000,
equiv1: 341000,417000,
equiv2: 193000,113000,195000,
or_neg: 592000,551000,570000,549000,554000,541000,536000,525000,548000,535000,543000,531000,553000,
and_pos: 247000,261000,681000,694000,662000,651000,669000,636000,621000,622000,691000,19147000,1294000,1237000,1342000,
implies: 807000,
not_and: 722000,
not_not: 113000,197000,
parsing: 57669000,
evaluate: 248000,
subproof: 1216000,3577000,
and_intro: 465000,
equiv_pos2: 184000,199000,204000,224000,98000,106000,112000,112000,141000,33000,192000,223000,209000,244000,279000,2167000,
reordering: 522000,11123000,
resolution: 922000,284000,231000,320000,236000,315000,265000,280000,326000,262000,279000,294000,345000,390000,4783000,16684000,538000,263000,333000,275000,493000,139000,178000,189000,215000,138000,189000,175000,195000,144000,191000,160000,165000,205000,147000,203000,188000,156000,261000,1264000,1027000,7266000,308000,330000,366000,252000,355000,332000,302000,248000,332000,305000,264000,342000,249000,361000,301000,282000,430000,
contraction: 11636000,315000,368000,1131000,2571000,
forall_inst: 1306000,1203000,1148000,1207000,1254000,1191000,1279000,1264000,2319000,703000,730000,935000,616000,679000,714000,769000,1083000,869000,1447000,1476000,1346000,1367000,1342000,1241000,1288000,1301000,1365000,
implies_neg1: 369000,2837000,
implies_neg2: 219000,993000,
__local_input: 42000,40000,63000,41000,44000,43000,69000,50000,64000,27000,61000,58000,56000,27000,48000,
equiv_simplify: 276000,187000,332000,603000,
implies_simplify: 430000,
__normalized_input: 2404000,2047000,2341000,2326000,1556000,5659000,1609000,5803000,985000,1202000,
rare_rewrite_eq-symm: 156000,162000,251000,176000,84000,106000,103000,108000,210000,161000,161000,177000,192000,403000,
rare_rewrite_bool-eq-false: 8157000,9298000,13563000,13362000,
rare_rewrite_bool-double-not-elim: 309000,

