1; Draft.Scratch_smt_check_7_10385; 2026-04-10 13:48:31.164;
bind: 200000,128000,244000,213000,204000,217000,223000,202000,225000,221000,216000,204000,148000,145000,177000,175000,157000,183000,175000,148000,195000,203000,169000,206000,196000,167000,225000,218000,205000,148000,154000,160000,158000,164000,157000,165000,226000,183000,219000,146000,184000,179000,152000,194000,195000,173000,195000,198000,171000,231000,226000,209000,204000,151000,143000,153000,147000,152000,223000,211000,168000,153000,226000,227000,202000,197000,154000,143000,155000,180000,195000,152000,175000,174000,164000,169000,121000,182000,184000,149000,172000,177000,164000,223000,225000,212000,199000,154000,193000,146000,155000,160000,203000,194000,168000,210000,202000,180000,322000,333000,345000,365000,314000,279000,295000,222000,391000,351000,315000,276000,419000,414000,391000,369000,323000,261000,303000,
cong: 83000,52000,67000,47000,94000,79000,86000,65000,41000,111000,94000,78000,81000,70000,45000,109000,404000,306000,120000,103000,72000,69000,43000,116000,105000,55000,70000,54000,74000,70000,43000,95000,66000,48000,97000,67000,42000,228000,95000,70000,51000,91000,68000,50000,203000,134000,85000,120000,70000,65000,85000,70000,44000,121000,82000,177000,460000,278000,241000,139000,124000,168000,50000,59000,109000,129000,92000,57000,64000,53000,173000,66000,64000,51000,119000,146000,93000,41000,57000,74000,44000,69000,70000,85000,50000,60000,63000,43000,82000,248000,95000,65000,43000,94000,66000,41000,227000,90000,66000,45000,95000,70000,42000,198000,125000,103000,72000,66000,42000,110000,108000,54000,69000,53000,75000,66000,47000,182000,119000,83000,148000,89000,93000,210000,141000,102000,126000,56000,80000,98000,70000,45000,76000,170000,107000,123000,73000,121000,104000,74000,66000,41000,108000,102000,50000,69000,54000,74000,66000,43000,95000,69000,84000,95000,66000,48000,227000,65000,88000,55000,112000,43000,101000,66000,43000,96000,71000,48000,230000,119000,103000,81000,74000,46000,115000,102000,51000,73000,54000,74000,69000,50000,179000,90000,67000,44000,98000,70000,46000,195000,61000,64000,56000,189000,246000,118000,144000,98000,103000,100000,68000,223000,358000,229000,137000,232000,171000,154000,161000,107000,69000,173000,108000,66000,384000,89000,110000,142000,81000,115000,65000,112000,195000,136000,126000,463000,271000,172000,210000,87000,140000,169000,131000,65000,148000,300000,229000,208000,136000,224000,178000,119000,115000,75000,204000,189000,80000,111000,106000,120000,109000,75000,
refl: 22000,23000,20000,24000,23000,36000,32000,17000,36000,62000,19000,20000,34000,21000,32000,20000,32000,26000,29000,21000,27000,24000,79000,18000,49000,28000,20000,19000,27000,33000,20000,33000,21000,29000,20000,34000,20000,39000,33000,17000,20000,41000,24000,20000,20000,32000,22000,36000,33000,17000,21000,41000,18000,20000,32000,22000,33000,21000,20000,35000,20000,35000,23000,37000,34000,19000,23000,43000,19000,22000,29000,20000,31000,22000,44000,49000,58000,65000,38000,51000,32000,65000,61000,44000,38000,69000,31000,33000,
symm: 104000,87000,92000,91000,87000,88000,84000,92000,85000,89000,73000,71000,102000,105000,140000,87000,71000,63000,84000,64000,88000,64000,84000,63000,87000,66000,91000,65000,88000,184000,98000,190000,105000,73000,106000,142000,72000,88000,67000,88000,65000,84000,69000,91000,84000,83000,106000,94000,94000,86000,92000,76000,330000,170000,128000,318000,365000,152000,160000,129000,178000,200000,247000,136000,290000,188000,355000,644000,722000,190000,131000,162000,251000,128000,176000,142000,162000,
trans: 193000,94000,201000,208000,94000,190000,197000,97000,207000,244000,99000,187000,153000,135000,92000,160000,167000,93000,169000,172000,93000,176000,181000,98000,178000,187000,94000,201000,211000,201000,97000,210000,125000,128000,169000,152000,126000,125000,167000,126000,168000,181000,91000,168000,177000,91000,172000,179000,93000,171000,184000,97000,203000,205000,90000,183000,145000,135000,94000,248000,189000,204000,177000,131000,150000,180000,187000,98000,217000,217000,202000,197000,91000,180000,141000,144000,93000,162000,168000,96000,161000,167000,94000,158000,98000,172000,174000,91000,183000,169000,99000,199000,193000,99000,182000,146000,140000,99000,182000,185000,95000,180000,190000,101000,127000,467000,223000,419000,387000,355000,386000,331000,338000,189000,328000,322000,175000,338000,235000,287000,170000,323000,306000,240000,276000,325000,338000,172000,411000,393000,450000,371000,189000,343000,272000,255000,194000,
or_neg: 206000,204000,193000,248000,
or_pos: 248000,241000,247000,246000,462000,
and_neg: 525000,1364000,1785000,
and_pos: 380000,422000,487000,386000,372000,384000,380000,458000,405000,373000,416000,390000,1337000,1112000,1136000,1138000,1188000,1200000,1159000,1160000,1109000,1162000,1109000,1183000,1184000,1190000,1359000,1140000,1115000,1130000,1134000,1205000,1094000,1181000,1518000,1657000,1429000,1465000,1462000,1519000,1565000,1483000,1473000,1473000,1421000,1450000,1402000,1408000,1373000,1492000,1503000,1445000,1480000,1483000,1667000,1430000,1428000,1481000,1449000,1464000,1460000,1689000,34445000,2867000,
implies: 389000,225000,200000,182000,376000,207000,214000,440000,178000,442000,1288000,227000,208000,179000,1300000,178000,228000,1512000,225000,181000,203000,1508000,395000,443000,362000,
parsing: 133713000,
aci_simp: 1030000,
subproof: 1314000,1131000,1115000,1042000,1272000,1088000,1172000,1375000,1042000,1373000,2264000,1112000,1129000,1038000,2253000,1068000,1112000,2508000,1124000,1059000,1124000,5002000,2062000,2087000,2053000,
and_intro: 430000,1268000,1639000,
equiv_pos1: 171000,64000,
equiv_pos2: 97000,139000,143000,515000,145000,80000,104000,101000,263000,117000,120000,240000,134000,90000,93000,203000,98000,588000,138000,58000,92000,95000,93000,205000,60000,58000,91000,117000,215000,101000,104000,264000,120000,123000,229000,152000,89000,90000,95000,194000,95000,120000,200000,93000,145000,82000,94000,106000,109000,282000,194000,97000,100000,108000,265000,145000,82000,95000,91000,197000,101000,125000,142000,241000,57000,98000,484000,188000,199000,528000,178000,257000,485000,177000,301000,154000,220000,
reordering: 363000,299000,656000,713000,2584000,2558000,271000,15731000,344000,15686000,373000,707000,2696000,28042000,400000,28025000,684000,
resolution: 703000,174000,227000,221000,231000,253000,295000,264000,461000,565000,546000,317000,274000,549000,321000,214000,229000,278000,166000,205000,222000,226000,222000,306000,367000,348000,203000,241000,209000,176000,226000,278000,353000,314000,186000,274000,216000,217000,182000,277000,319000,164000,183000,202000,272000,308000,300000,178000,213000,232000,164000,209000,205000,327000,285000,469000,621000,568000,335000,194000,278000,342000,335000,191000,350000,354000,191000,857000,592000,526000,2034000,193000,164000,232000,164000,208000,174000,204000,276000,303000,299000,178000,209000,191000,584000,526000,2021000,179000,182000,187000,213000,233000,272000,380000,393000,467000,2368000,1615000,1196000,8288000,306000,207000,202000,229000,304000,359000,350000,207000,238000,213000,321000,198000,230000,285000,330000,314000,179000,235000,208000,235000,270000,166000,207000,181000,203000,265000,305000,298000,177000,208000,220000,154000,212000,248000,1581000,1134000,8218000,224000,174000,248000,178000,232000,179000,271000,305000,307000,205000,185000,217000,211000,235000,255000,172000,207000,317000,206000,209000,197000,224000,304000,363000,347000,218000,248000,254000,2194000,1860000,1275000,14033000,286000,212000,222000,168000,217000,204000,224000,307000,369000,346000,204000,249000,215000,324000,214000,236000,274000,178000,227000,185000,199000,276000,300000,305000,187000,217000,248000,156000,209000,221000,189000,239000,290000,323000,308000,179000,264000,209000,1844000,1266000,13922000,319000,310000,538000,576000,535000,334000,407000,368000,383000,514000,727000,608000,350000,382000,302000,385000,399000,364000,388000,571000,313000,418000,321000,481000,590000,505000,332000,346000,368000,388000,443000,453000,300000,381000,413000,282000,387000,
contraction: 607000,328000,298000,262000,601000,298000,307000,612000,850000,257000,603000,848000,364000,1828000,3788000,330000,297000,265000,1820000,3636000,262000,327000,2152000,5740000,327000,266000,309000,2141000,5688000,561000,624000,495000,
forall_inst: 670000,800000,782000,979000,1087000,761000,644000,841000,738000,796000,733000,781000,701000,638000,673000,866000,674000,1029000,621000,834000,652000,760000,693000,679000,912000,715000,780000,720000,710000,1069000,738000,768000,629000,659000,815000,616000,860000,786000,630000,855000,700000,690000,746000,627000,1009000,752000,749000,874000,706000,827000,720000,760000,720000,1096000,774000,663000,669000,824000,630000,849000,766000,1575000,1347000,1239000,1491000,1325000,1473000,1919000,1407000,1349000,1386000,1182000,1644000,1299000,
implies_neg1: 460000,289000,305000,225000,531000,292000,301000,225000,737000,753000,286000,258000,221000,217000,288000,2386000,2483000,278000,220000,248000,491000,534000,409000,5643000,4542000,
implies_neg2: 637000,338000,274000,254000,664000,313000,314000,517000,257000,516000,1485000,327000,268000,259000,1476000,263000,331000,1688000,333000,252000,272000,1674000,497000,635000,552000,
__local_input: 77000,67000,72000,81000,84000,41000,60000,64000,26000,54000,28000,24000,38000,28000,25000,37000,53000,27000,24000,47000,67000,71000,63000,63000,59000,46000,46000,49000,102000,35000,29000,38000,39000,56000,30000,77000,103000,24000,34000,38000,53000,50000,48000,47000,37000,52000,58000,70000,64000,72000,113000,101000,113000,94000,93000,59000,89000,95000,207000,65000,71000,119000,45000,104000,103000,69000,52000,57000,90000,207000,43000,63000,66000,112000,96000,102000,99000,88000,70000,96000,66000,55000,73000,
__normalized_input: 7886000,6474000,5656000,4718000,4669000,4221000,4056000,3788000,3550000,3135000,3075000,2469000,2502000,954000,947000,833000,837000,970000,
rare_rewrite_eq-refl: 104000,
rare_rewrite_eq-symm: 106000,125000,89000,112000,125000,88000,102000,261000,120000,107000,83000,116000,148000,143000,168000,128000,272000,146000,117000,166000,114000,189000,129000,105000,207000,104000,138000,127000,126000,194000,137000,170000,116000,121000,125000,123000,192000,109000,108000,130000,135000,157000,130000,189000,123000,250000,140000,119000,140000,113000,184000,131000,110000,80000,114000,124000,124000,210000,130000,148000,112000,190000,147000,110000,106000,78000,113000,140000,154000,125000,147000,126000,258000,97000,154000,127000,148000,131000,252000,113000,104000,80000,122000,125000,121000,195000,129000,146000,114000,146000,116000,183000,137000,212000,358000,300000,234000,322000,254000,476000,184000,276000,248000,391000,240000,227000,218000,224000,242000,238000,
rare_rewrite_bool-impl-elim: 5943000,5813000,5802000,5975000,11494000,
rare_rewrite_bool-double-not-elim: 96000,149000,90000,88000,116000,185000,

