1; Draft.Scratch_smt_check_7_15730; 2026-04-10 13:48:30.151;
bind: 208000,206000,192000,359000,352000,322000,
cong: 149000,58000,63000,119000,139000,102000,60000,57000,205000,92000,174000,76000,195000,239000,172000,
refl: 41000,70000,
trans: 176000,166000,163000,184000,102000,120000,333000,338000,334000,329000,185000,
or_pos: 412000,
implies: 347000,
parsing: 4697000,
subproof: 2614000,
poly_simp: 1730000,1751000,3126000,
equiv_pos2: 134000,58000,112000,250000,
reordering: 508000,
resolution: 220000,283000,219000,185000,225000,630000,677000,429000,440000,
contraction: 519000,
forall_inst: 1296000,
implies_neg1: 530000,
implies_neg2: 460000,
__local_input: 144000,
poly_simp_rel: 962000,988000,1801000,
connective_def: 249000,457000,
__normalized_input: 2158000,1627000,1529000,1779000,
rare_rewrite_arith-elim-leq: 5652000,21973000,10757000,
rare_rewrite_bool-and-de-morgan: 5880000,11059000,
rare_rewrite_bool-double-not-elim: 174000,322000,

