1; Draft.Scratch_smt_check_7_31935; 2026-04-10 13:44:36.899;
bind: 246000,507000,520000,444000,518000,853000,528000,508000,446000,444000,371000,377000,398000,356000,907000,938000,796000,518000,518000,301000,307000,236000,249000,224000,226000,224000,
cong: 116000,442000,76000,305000,120000,390000,288000,220000,190000,265000,180000,309000,227000,146000,179000,241000,256000,160000,122000,470000,196000,636000,126000,326000,126000,246000,188000,146000,138000,156000,173000,161000,139000,83000,116000,165000,149000,95000,85000,290000,135000,93000,
refl: 157000,939000,211000,53000,50000,70000,41000,51000,164000,231000,1598000,140000,56000,31000,43000,32000,28000,85000,
symm: 423000,496000,120000,519000,541000,91000,
trans: 419000,422000,440000,434000,97000,481000,449000,471000,437000,373000,403000,172000,178000,454000,466000,467000,496000,392000,378000,317000,392000,460000,398000,372000,461000,327000,330000,1551000,771000,791000,793000,841000,154000,883000,810000,853000,454000,393000,409000,174000,175000,264000,264000,278000,280000,224000,219000,194000,211000,221000,228000,191000,247000,170000,195000,208000,232000,111000,
equiv1: 375000,194000,
or_neg: 398000,388000,449000,233000,345000,276000,
or_pos: 795000,452000,
and_pos: 476000,267000,
parsing: 134560000,
aci_simp: 1271000,1450000,1362000,944000,2046000,1971000,1979000,2020000,2016000,2105000,2344000,2780000,1577000,954000,1143000,1049000,986000,1069000,1024000,1098000,
evaluate: 216000,
onepoint: 2800000,5354000,
qnt_join: 454000,454000,
subproof: 2028000,
equiv_pos1: 177000,85000,
equiv_pos2: 158000,768000,55000,264000,135000,555000,305000,399000,33000,144000,69000,296000,197000,
reordering: 702000,1355000,613000,388000,717000,335000,
resolution: 107000,194000,213000,239000,265000,413000,377000,414000,348000,432000,336000,319000,715000,930000,343000,449000,453000,263000,320000,322000,391000,566000,670000,614000,260000,205000,283000,219000,204000,499000,564000,
contraction: 999000,465000,473000,
forall_inst: 779000,2031000,1332000,1086000,701000,
implies_neg1: 202000,
implies_neg2: 328000,
__local_input: 40000,
qnt_rm_unused: 630000,5853000,644000,5907000,
connective_def: 203000,677000,330000,389000,
miniscope_split: 2170000,570000,1349000,309000,
__normalized_input: 1520000,1397000,1258000,1734000,1228000,923000,
rare_rewrite_eq-refl: 97000,154000,145000,
rare_rewrite_eq-symm: 272000,329000,269000,146000,
rare_rewrite_or-not-refl: 6808000,12765000,
rare_rewrite_bool-eq-false: 11620000,6753000,
rare_rewrite_bool-impl-elim: 11728000,11499000,6756000,6667000,
rare_rewrite_bool-impl-false1: 6778000,
rare_rewrite_bool-or-de-morgan: 5864000,7417000,
rare_rewrite_bool-and-de-morgan: 12850000,10679000,10790000,11356000,12191000,11674000,5948000,5911000,6071000,6425000,6793000,6603000,
rare_rewrite_bool-double-not-elim: 325000,164000,

