1; Draft.Scratch_smt_check_7_25125; 2026-04-10 13:48:55.080;
bind: 666000,717000,636000,650000,364000,353000,358000,356000,411000,400000,364000,343000,
cong: 308000,301000,99000,292000,298000,113000,540000,317000,127000,90000,180000,182000,78000,223000,164000,87000,304000,175000,142000,125000,79000,72000,125000,88000,178000,157000,65000,207000,163000,62000,309000,185000,142000,129000,81000,73000,389000,
refl: 215000,148000,149000,138000,87000,79000,83000,77000,25000,82000,73000,81000,76000,28000,37000,67000,87000,
symm: 315000,141000,166000,162000,120000,138000,167000,112000,
trans: 578000,559000,576000,486000,117000,169000,301000,267000,298000,256000,198000,164000,310000,253000,293000,257000,185000,
equiv1: 715000,215000,
equiv2: 219000,211000,207000,
or_neg: 563000,663000,609000,717000,
or_pos: 486000,248000,279000,
and_pos: 294000,270000,318000,357000,356000,363000,
implies: 544000,272000,444000,268000,
not_and: 577000,
not_not: 181000,187000,
parsing: 30732000,
evaluate: 234000,
subproof: 2384000,1306000,1230000,1448000,1263000,
and_intro: 238000,
poly_simp: 3361000,1949000,2044000,
equiv_pos2: 471000,497000,797000,228000,233000,386000,29000,238000,235000,375000,17020000,
reordering: 688000,542000,390000,1560000,336000,
resolution: 435000,373000,410000,461000,583000,675000,836000,801000,429000,579000,1200000,3460000,591000,568000,696000,565000,574000,179000,205000,239000,247000,364000,371000,467000,441000,236000,357000,206000,285000,221000,669000,591000,1360000,227000,248000,349000,378000,449000,438000,244000,358000,206000,205000,291000,244000,
contraction: 825000,1518000,762000,629000,416000,637000,730000,422000,
forall_inst: 1407000,1564000,835000,777000,848000,764000,
implies_neg1: 794000,387000,542000,391000,713000,
implies_neg2: 708000,480000,368000,615000,372000,
__local_input: 226000,159000,43000,114000,186000,30000,44000,78000,119000,
poly_simp_rel: 2135000,1147000,1137000,
equiv_simplify: 291000,307000,289000,319000,
implies_simplify: 905000,
__normalized_input: 2398000,1984000,1262000,935000,1362000,
rare_rewrite_eq-symm: 212000,182000,219000,106000,102000,98000,103000,104000,100000,
rare_rewrite_bool-impl-elim: 13842000,12652000,7136000,6474000,6556000,6487000,
rare_rewrite_bool-double-not-elim: 222000,219000,122000,116000,119000,121000,304000,

