1; Draft.Scratch_smt_check_7_5833; 2026-04-10 13:48:54.811;
cong: 165000,177000,86000,271000,281000,145000,492000,582000,481000,722000,100000,109000,68000,99000,161000,175000,99000,727000,
refl: 40000,185000,39000,213000,91000,93000,103000,
symm: 543000,133000,151000,195000,131000,
trans: 140000,140000,144000,249000,251000,300000,183000,286000,289000,484000,482000,471000,328000,567000,790000,771000,728000,310000,648000,140000,148000,151000,159000,163000,161000,139000,139000,244000,247000,254000,189000,139000,276000,
equiv1: 533000,292000,226000,200000,
or_neg: 380000,349000,361000,348000,341000,
and_pos: 746000,626000,758000,612000,640000,382000,322000,325000,320000,309000,
implies: 352000,483000,617000,381000,527000,
not_and: 385000,
parsing: 12094000,
evaluate: 452000,473000,270000,394000,523000,447000,499000,
not_symm: 103000,87000,99000,
subproof: 2474000,2009000,1473000,
and_intro: 256000,277000,410000,269000,364000,
poly_simp: 2658000,2597000,2751000,5232000,2708000,3098000,4448000,4519000,7710000,4617000,4808000,4099000,9263000,1539000,1571000,3248000,1805000,1916000,2311000,2453000,2417000,4027000,2376000,2528000,2668000,4116000,
equiv_pos1: 180000,98000,
equiv_pos2: 70000,70000,71000,186000,152000,124000,386000,417000,168000,300000,89000,90000,64000,92000,74000,71000,173000,170000,123000,965000,
la_generic: 30886000,
reordering: 535000,3573000,2043000,
resolution: 265000,256000,264000,261000,366000,925000,2697000,393000,410000,699000,773000,2999000,250000,388000,418000,365000,400000,463000,403000,894000,397000,574000,487000,430000,461000,526000,601000,356000,361000,460000,535000,371000,347000,247000,274000,221000,242000,256000,902000,815000,1898000,252000,334000,251000,404000,
contraction: 1009000,494000,1297000,333000,776000,915000,
la_mult_neg: 512000,528000,543000,
la_mult_pos: 740000,
implies_neg1: 149000,578000,1542000,
implies_neg2: 676000,267000,824000,
__local_input: 91000,34000,36000,58000,35000,82000,116000,62000,62000,72000,156000,
comp_simplify: 2960000,2815000,1370000,1397000,
poly_simp_rel: 1077000,1037000,1055000,1309000,1940000,1936000,2177000,2266000,1030000,993000,974000,999000,1251000,1061000,1918000,
equiv_simplify: 343000,339000,
la_disequality: 139000,72000,
implies_simplify: 667000,475000,
__normalized_input: 1295000,879000,881000,875000,958000,
rare_rewrite_arith-elim-gt: 5777000,
rare_rewrite_arith-elim-lt: 7842000,12053000,7975000,6142000,
rare_rewrite_arith-elim-leq: 6033000,6105000,6367000,11757000,11889000,14524000,5932000,5854000,6171000,11299000,11057000,
rare_rewrite_bool-double-not-elim: 284000,553000,157000,272000,259000,

