1; Draft.Scratch_smt_check_7_29811; 2026-04-10 13:48:55.918;
bind: 207000,193000,286000,304000,501000,278000,
cong: 138000,150000,322000,381000,189000,434000,611000,535000,257000,289000,198000,308000,135000,153000,89000,349000,148000,148000,219000,305000,175000,296000,141000,129000,519000,199000,130000,143000,469000,230000,148000,573000,641000,335000,728000,1051000,889000,332000,268000,265000,337000,312000,228000,198000,133000,143000,152000,210000,198000,205000,615000,
refl: 104000,28000,25000,24000,83000,25000,50000,225000,210000,126000,60000,110000,142000,96000,
symm: 292000,297000,312000,722000,208000,190000,187000,223000,201000,214000,194000,188000,189000,195000,191000,292000,290000,185000,328000,351000,319000,411000,1327000,336000,529000,284000,324000,297000,223000,270000,
trans: 296000,490000,455000,460000,143000,429000,419000,679000,323000,319000,318000,185000,316000,284000,184000,190000,240000,209000,214000,204000,160000,154000,338000,315000,319000,138000,275000,278000,205000,216000,299000,227000,343000,330000,338000,370000,951000,946000,893000,311000,800000,833000,1439000,427000,595000,577000,551000,297000,298000,314000,226000,322000,291000,297000,
equiv1: 662000,104000,129000,393000,181000,114000,100000,483000,234000,109000,111000,496000,831000,155000,123000,1354000,576000,290000,
equiv2: 448000,231000,
or_neg: 378000,377000,388000,285000,281000,273000,325000,314000,297000,320000,337000,301000,328000,445000,428000,456000,842000,887000,850000,831000,
and_pos: 475000,512000,458000,281000,273000,280000,366000,301000,306000,313000,351000,360000,379000,327000,367000,276000,266000,537000,515000,542000,951000,926000,929000,512000,522000,493000,505000,
implies: 321000,362000,249000,224000,246000,232000,514000,312000,410000,395000,760000,
not_and: 367000,266000,320000,314000,472000,797000,
not_not: 454000,215000,
parsing: 43286000,
evaluate: 279000,356000,156000,229000,263000,263000,348000,319000,278000,166000,225000,247000,243000,311000,259000,289000,154000,217000,260000,277000,311000,847000,370000,340000,413000,477000,575000,543000,
subproof: 1352000,1344000,1097000,1405000,1064000,1235000,1439000,1338000,2061000,2651000,1781000,
and_intro: 218000,235000,169000,157000,169000,160000,320000,231000,288000,255000,454000,
poly_simp: 2261000,2624000,2635000,3315000,1635000,6834000,2439000,2579000,3399000,1652000,6648000,2054000,1982000,2627000,2471000,1749000,2297000,2617000,3358000,1657000,6483000,2132000,2737000,2795000,3195000,4189000,5915000,5209000,4006000,6278000,3050000,12405000,5366000,4123000,4489000,4486000,2749000,2630000,2127000,2284000,2413000,2769000,2672000,
equiv_pos1: 121000,416000,
equiv_pos2: 141000,192000,195000,205000,347000,522000,520000,114000,120000,229000,121000,120000,133000,312000,119000,111000,126000,117000,228000,119000,118000,127000,101000,405000,208000,201000,423000,173000,186000,252000,221000,220000,750000,1333000,1156000,391000,291000,316000,217000,211000,198000,197000,140000,186000,204000,659000,
la_generic: 11116000,9647000,10320000,41493000,
reordering: 534000,1287000,791000,1222000,646000,1289000,639000,639000,1519000,2699000,2470000,
resolution: 244000,283000,280000,671000,630000,880000,426000,589000,452000,1058000,226000,542000,257000,319000,167000,281000,315000,185000,340000,258000,240000,225000,226000,491000,599000,310000,396000,346000,795000,138000,233000,228000,213000,247000,244000,211000,471000,231000,288000,185000,302000,213000,198000,299000,205000,300000,666000,1874000,358000,476000,443000,1185000,9066000,409000,235000,242000,255000,243000,198000,400000,233000,253000,170000,216000,227000,200000,272000,191000,325000,289000,296000,239000,554000,712000,349000,353000,441000,373000,594000,196000,320000,315000,792000,780000,1243000,260000,256000,566000,445000,593000,279000,256000,330000,1287000,1015000,1519000,489000,1154000,581000,1218000,328000,858000,298000,291000,407000,322000,433000,225000,393000,468000,263000,1498000,4378000,929000,833000,1159000,852000,2070000,257000,505000,576000,706000,565000,512000,427000,504000,393000,508000,552000,403000,561000,383000,1194000,1057000,1942000,280000,306000,225000,356000,308000,212000,309000,
contraction: 677000,536000,619000,445000,338000,393000,196000,661000,402000,508000,230000,568000,386000,412000,713000,745000,440000,450000,849000,735000,799000,2231000,1279000,1381000,1089000,1257000,
forall_inst: 753000,730000,891000,1157000,1216000,1451000,1469000,1605000,822000,
la_mult_neg: 430000,361000,342000,373000,633000,767000,
la_mult_pos: 482000,343000,
implies_neg1: 687000,186000,421000,193000,510000,496000,453000,796000,1369000,727000,1217000,
implies_neg2: 429000,295000,152000,325000,156000,320000,757000,429000,507000,828000,1142000,
__local_input: 61000,55000,115000,127000,49000,59000,123000,99000,42000,42000,74000,112000,64000,135000,49000,40000,69000,38000,149000,135000,209000,185000,58000,61000,127000,55000,62000,96000,112000,
comp_simplify: 1573000,3329000,3201000,
poly_simp_rel: 1194000,1146000,1080000,1056000,1207000,1094000,1032000,989000,1042000,1184000,1064000,1186000,1756000,1606000,1487000,1723000,1870000,2247000,2063000,2161000,1131000,1151000,1225000,1141000,1140000,1256000,
equiv_simplify: 186000,193000,189000,182000,182000,176000,255000,211000,637000,370000,340000,430000,
la_disequality: 103000,319000,
implies_simplify: 830000,486000,261000,600000,281000,564000,964000,1744000,
__normalized_input: 49405000,1437000,1130000,1343000,
rare_rewrite_arith-elim-gt: 6689000,9362000,6507000,
rare_rewrite_arith-elim-lt: 6552000,8139000,7439000,7125000,6123000,15688000,
rare_rewrite_bool-eq-false: 12313000,7876000,6861000,6872000,
rare_rewrite_arith-elim-leq: 6281000,6379000,9367000,6836000,
rare_rewrite_bool-double-not-elim: 298000,218000,199000,217000,320000,804000,272000,

