1; Draft.Scratch_smt_check_7_24476; 2026-04-10 13:48:56.474;
bind: 338000,344000,237000,212000,182000,248000,238000,197000,336000,335000,340000,348000,189000,219000,449000,414000,450000,212000,218000,
cong: 201000,224000,60000,91000,57000,102000,204000,217000,314000,338000,346000,336000,604000,677000,344000,2218000,122000,71000,101000,71000,76000,48000,87000,110000,66000,75000,46000,79000,205000,217000,311000,341000,343000,85000,66000,87000,61000,1540000,261000,209000,126000,211000,118000,417000,207000,266000,136000,158000,165000,166000,64000,101000,55000,166000,103000,172000,360000,239000,688000,1130000,1191000,6150000,126000,77000,265000,105000,78000,71000,53000,154000,74000,208000,116000,198000,112000,406000,202000,265000,137000,203000,121000,196000,114000,415000,205000,260000,157000,266000,102000,71000,85000,55000,163000,68000,104000,163000,64000,93000,56000,273000,5329000,266000,298000,225000,170000,166000,
refl: 125000,29000,54000,45000,61000,79000,33000,41000,19000,18000,115000,207000,108000,53000,32000,39000,34000,36000,36000,38000,108000,48000,31000,174000,52000,35000,24000,44000,39000,36000,98000,69000,49000,62000,17000,54000,52000,17000,24000,
symm: 108000,96000,108000,222000,117000,233000,495000,191000,477000,506000,551000,477000,141000,275000,146000,204000,466000,101000,100000,181000,94000,104000,117000,196000,116000,206000,501000,519000,566000,362000,144000,274000,138000,111000,103000,125000,210000,322000,318000,217000,163000,113000,
trans: 122000,296000,320000,154000,114000,114000,524000,327000,298000,323000,498000,513000,530000,494000,544000,940000,880000,885000,162000,824000,594000,233000,294000,140000,155000,344000,294000,149000,131000,330000,313000,326000,481000,484000,506000,109000,143000,123000,337000,372000,267000,192000,220000,269000,260000,229000,358000,168000,117000,123000,524000,526000,510000,557000,1062000,1086000,968000,341000,989000,777000,247000,318000,352000,391000,143000,142000,300000,196000,219000,261000,188000,218000,360000,364000,266000,200000,216000,264000,186000,223000,351000,316000,435000,373000,140000,134000,121000,154000,134000,241000,369000,233000,130000,
equiv1: 1743000,373000,464000,109000,469000,1377000,370000,117000,
equiv2: 346000,353000,
or_neg: 1032000,973000,976000,928000,909000,902000,900000,901000,897000,995000,905000,889000,1005000,1142000,1037000,955000,840000,873000,821000,829000,833000,828000,857000,851000,830000,972000,933000,530000,
and_neg: 506000,
and_pos: 1024000,1077000,1075000,1062000,940000,937000,1309000,1212000,1167000,1283000,1112000,1111000,1116000,1125000,1104000,1186000,1119000,1092000,1222000,1208000,318000,267000,470000,433000,825000,905000,903000,744000,761000,1196000,1238000,1181000,1066000,1114000,1034000,1059000,1014000,1060000,10080000,1207000,993000,1136000,317000,270000,488000,438000,813000,751000,647000,669000,664000,948000,758000,714000,705000,831000,
implies: 242000,258000,590000,2039000,364000,597000,309000,159000,153000,162000,157000,156000,551000,446000,1761000,357000,175000,310000,601000,316000,162000,164000,151000,805000,382000,307000,918000,287000,172000,
not_and: 1029000,952000,
not_not: 275000,289000,
parsing: 144979000,
evaluate: 329000,164000,226000,345000,330000,348000,253000,563000,1094000,607000,
subproof: 1954000,1286000,3126000,1301000,1553000,1336000,1061000,1033000,1095000,1760000,1242000,1034000,1103000,2787000,1273000,1155000,1245000,1589000,1263000,1036000,1040000,1123000,2595000,2114000,2205000,2596000,1204000,1081000,
and_intro: 186000,176000,364000,1087000,240000,373000,331000,276000,901000,262000,399000,860000,
poly_simp: 2199000,2215000,1904000,9690000,4580000,3473000,2209000,2276000,1879000,4980000,4126000,4109000,4392000,4312000,3951000,1433000,1469000,1479000,1498000,1682000,13130000,2645000,2413000,2295000,1913000,4094000,5369000,2278000,2283000,1883000,3736000,2172000,2228000,1802000,1786000,3621000,2305000,2315000,1777000,1773000,4486000,2816000,1896000,1766000,1960000,1811000,2006000,1769000,2753000,15179000,1847000,1743000,2724000,4055000,7526000,7458000,11710000,3058000,2140000,2550000,2140000,3099000,37730000,2719000,2325000,2253000,1942000,1822000,3703000,2139000,2495000,1682000,1681000,3395000,2132000,2130000,1574000,1702000,4255000,2516000,3927000,2091000,2145000,1744000,1721000,3515000,2201000,2303000,1589000,1648000,4358000,2234000,2241000,2682000,1922000,2229000,1885000,2042000,3337000,3611000,3283000,3464000,3388000,3398000,3983000,1977000,2015000,1875000,1881000,1927000,
equiv_pos1: 380000,414000,
equiv_pos2: 232000,107000,109000,390000,234000,358000,361000,409000,696000,252000,288000,231000,353000,1873000,289000,217000,235000,468000,164000,163000,115000,127000,164000,108000,172000,113000,110000,118000,182000,114000,390000,405000,682000,242000,298000,115000,166000,219000,225000,474000,220000,223000,477000,296000,114000,176000,174000,119000,236000,357000,3258000,321000,170000,216000,218000,307000,178000,97000,114000,121000,164000,
la_generic: 22222000,74875000,
reordering: 14407000,21225000,753000,1182000,4400000,18172000,700000,1139000,1396000,1270000,3641000,4078000,
resolution: 289000,219000,234000,241000,353000,353000,2175000,404000,3356000,23345000,999000,933000,1378000,969000,4401000,151000,305000,385000,363000,352000,3525000,233000,293000,227000,296000,6168000,461000,398000,329000,386000,268000,374000,416000,386000,610000,200000,371000,2826000,2369000,11996000,261000,551000,502000,630000,401000,838000,745000,955000,381000,324000,382000,269000,380000,448000,380000,200000,251000,356000,440000,571000,529000,284000,348000,188000,190000,171000,261000,289000,285000,200000,176000,257000,278000,281000,208000,172000,251000,310000,319000,290000,187000,268000,172000,235000,245000,3202000,19725000,907000,799000,1108000,860000,3087000,156000,296000,398000,335000,309000,905000,277000,200000,169000,253000,282000,284000,229000,319000,180000,180000,281000,293000,284000,278000,179000,275000,371000,460000,489000,319000,226000,395000,2387000,1987000,12602000,257000,202000,557000,494000,624000,205000,346000,383000,195000,176000,230000,175000,257000,294000,295000,208000,242000,346000,428000,564000,515000,270000,335000,829000,722000,854000,250000,342000,461000,575000,517000,272000,390000,388000,205000,167000,229000,174000,269000,291000,274000,212000,187000,173000,252000,281000,277000,219000,188000,173000,249000,252000,280000,280000,179000,322000,1438000,1131000,929000,3038000,431000,376000,437000,326000,358000,446000,555000,500000,398000,312000,440000,475000,540000,492000,313000,478000,368000,470000,1221000,1098000,3200000,392000,421000,314000,386000,474000,575000,500000,224000,185000,186000,258000,263000,284000,271000,171000,273000,273000,
contraction: 10806000,1364000,2150000,416000,2896000,5422000,499000,517000,854000,815000,501000,240000,245000,240000,8896000,1074000,1491000,399000,247000,262000,2400000,5240000,507000,524000,242000,500000,856000,800000,496000,241000,237000,248000,1229000,1557000,462000,588000,1241000,1585000,465000,248000,
forall_inst: 702000,722000,1001000,772000,945000,653000,728000,679000,683000,699000,661000,844000,663000,699000,761000,809000,796000,800000,744000,667000,689000,935000,904000,738000,699000,688000,749000,726000,732000,1301000,1360000,1279000,1284000,1438000,1317000,1497000,1393000,1310000,700000,715000,726000,931000,
la_mult_neg: 347000,469000,709000,634000,810000,
implies_neg1: 385000,1828000,540000,869000,3251000,488000,205000,209000,210000,204000,210000,389000,1454000,542000,202000,467000,481000,206000,901000,205000,416000,5262000,378000,433000,208000,214000,723000,675000,
implies_neg2: 1038000,265000,2970000,509000,831000,516000,188000,188000,194000,832000,259000,186000,189000,2504000,513000,192000,525000,827000,508000,195000,192000,202000,966000,382000,376000,1031000,352000,200000,
__local_input: 122000,64000,99000,99000,100000,37000,94000,68000,89000,93000,130000,97000,63000,38000,26000,28000,28000,29000,30000,31000,57000,44000,26000,84000,144000,177000,148000,132000,168000,151000,171000,133000,63000,97000,109000,37000,97000,63000,105000,152000,166000,167000,112000,76000,123000,171000,185000,231000,118000,69000,63000,52000,51000,52000,51000,52000,127000,62000,45000,256000,178000,212000,143000,169000,78000,40000,28000,39000,53000,48000,68000,32000,30000,95000,
comp_simplify: 1775000,
poly_simp_rel: 4909000,2168000,1420000,1337000,1335000,1319000,1490000,1441000,1501000,1326000,1422000,1146000,1148000,1194000,1002000,1028000,1098000,1011000,1062000,1006000,1078000,1098000,1024000,1010000,1059000,1649000,1455000,1710000,1271000,991000,1219000,1101000,1174000,1134000,1103000,1150000,1012000,1013000,1008000,1912000,1892000,1900000,2124000,2064000,1971000,2050000,999000,1069000,1019000,1018000,1069000,
equiv_simplify: 441000,561000,197000,441000,664000,209000,
la_disequality: 286000,
implies_simplify: 1952000,463000,1549000,467000,
__normalized_input: 12460000,7903000,6115000,5149000,5176000,4666000,3531000,3243000,939000,999000,995000,
rare_rewrite_eq-symm: 131000,134000,137000,
rare_rewrite_arith-elim-gt: 7206000,
rare_rewrite_arith-elim-lt: 11094000,13883000,
rare_rewrite_bool-eq-false: 6816000,7038000,7117000,7006000,
rare_rewrite_arith-elim-leq: 8694000,7221000,
rare_rewrite_bool-double-not-elim: 413000,1026000,

