1; Draft.Scratch_smt_check_7_32614; 2026-04-10 13:50:40.527;
bind: 308000,303000,305000,343000,325000,350000,479000,404000,533000,396000,464000,477000,431000,351000,293000,313000,245000,280000,293000,248000,550000,599000,459000,
cong: 167000,134000,76000,121000,68000,94000,140000,149000,132000,78000,145000,69000,98000,140000,163000,222000,158000,107000,289000,184000,185000,286000,181000,175000,77000,89000,259000,141000,250000,204000,187000,150000,136000,163000,61000,83000,79000,64000,112000,89000,65000,89000,90000,52000,58000,81000,55000,105000,86000,63000,68000,77000,46000,60000,80000,50000,89000,55000,201000,139000,101000,127000,124000,83000,96000,121000,83000,297000,304000,475000,229000,302000,559000,290000,136000,109000,434000,
refl: 31000,31000,33000,34000,35000,36000,32000,38000,28000,31000,22000,24000,158000,79000,37000,28000,29000,19000,23000,24000,24000,17000,18000,24000,27000,31000,24000,29000,39000,43000,58000,59000,157000,33000,
symm: 178000,139000,144000,132000,132000,163000,258000,294000,347000,
trans: 270000,286000,310000,274000,294000,293000,290000,293000,450000,453000,442000,415000,444000,247000,338000,363000,298000,304000,301000,265000,269000,272000,273000,163000,275000,532000,295000,371000,
choice: 36000,81000,
equiv1: 285000,590000,
equiv2: 200000,184000,410000,420000,
or_neg: 250000,311000,244000,233000,231000,226000,671000,698000,479000,537000,434000,554000,542000,478000,
or_pos: 739000,550000,
and_pos: 181000,211000,230000,209000,181000,272000,202000,231000,385000,479000,548000,562000,611000,526000,421000,497000,
implies: 294000,319000,710000,647000,469000,
not_and: 242000,469000,
not_not: 185000,383000,
parsing: 18096000,
aci_simp: 2218000,1247000,1229000,1131000,
evaluate: 265000,505000,
subproof: 1781000,1165000,1284000,2353000,2197000,5367000,2413000,
and_intro: 246000,1397000,428000,
equiv_pos1: 83000,75000,143000,
equiv_pos2: 180000,154000,172000,287000,312000,159000,112000,70000,152000,109000,67000,31000,68000,285000,213000,288000,346000,657000,690000,370000,46000,447000,
reordering: 350000,238000,402000,539000,237000,387000,647000,460000,763000,1170000,673000,689000,794000,1622000,891000,
resolution: 242000,249000,375000,435000,245000,280000,309000,346000,406000,442000,594000,356000,398000,297000,370000,444000,487000,540000,452000,284000,286000,347000,235000,233000,289000,238000,436000,430000,262000,272000,316000,287000,621000,203000,224000,269000,252000,322000,242000,220000,289000,257000,208000,267000,416000,390000,665000,244000,439000,567000,590000,441000,426000,596000,891000,2693000,731000,1201000,865000,753000,786000,791000,868000,936000,588000,496000,574000,526000,839000,431000,430000,522000,446000,994000,783000,1369000,468000,500000,722000,710000,931000,526000,
sko_forall: 4761000,
contraction: 400000,407000,375000,275000,323000,382000,431000,1079000,1001000,725000,821000,503000,560000,893000,945000,646000,702000,
forall_inst: 862000,975000,1251000,926000,856000,894000,822000,1607000,1515000,1700000,1705000,
implies_neg1: 371000,294000,746000,868000,587000,670000,918000,
implies_neg2: 370000,235000,377000,780000,510000,884000,611000,
__local_input: 361000,45000,57000,125000,86000,73000,199000,268000,84000,232000,68000,114000,138000,99000,236000,
connective_def: 366000,398000,461000,
equiv_simplify: 263000,259000,549000,552000,
implies_simplify: 362000,786000,
__normalized_input: 25467000,3506000,2388000,1779000,1090000,920000,765000,603000,858000,
rare_rewrite_eq-symm: 188000,197000,239000,171000,184000,155000,149000,248000,246000,471000,319000,
rare_rewrite_bool-impl-elim: 9251000,
rare_rewrite_bool-and-de-morgan: 6938000,8398000,8484000,7538000,7445000,8001000,
rare_rewrite_bool-double-not-elim: 179000,271000,299000,222000,175000,193000,188000,200000,491000,660000,377000,476000,

