1; Draft.Scratch_smt_check_7_13667; 2026-04-10 13:46:54.080;
bind: 800000,330000,322000,294000,358000,338000,269000,268000,
cong: 127000,344000,171000,144000,129000,55000,78000,66000,256000,188000,146000,158000,55000,75000,64000,119000,114000,40000,40000,22000,20000,32000,32000,29000,28000,207000,
refl: 94000,38000,41000,17000,63000,37000,56000,16000,23000,26000,47000,
symm: 275000,
false: 21000,
trans: 299000,556000,518000,553000,163000,184000,359000,289000,372000,174000,292000,97000,
choice: 114000,
equiv1: 128000,
equiv2: 196000,127000,
or_neg: 217000,265000,156000,
or_pos: 260000,300000,291000,330000,
implies: 210000,
not_not: 152000,
parsing: 13883000,
aci_simp: 2649000,1484000,1661000,1275000,
evaluate: 297000,
subproof: 1520000,
equiv_pos2: 211000,150000,50000,55000,210000,155000,57000,40000,85000,164000,200000,46000,
reordering: 332000,467000,362000,452000,
resolution: 250000,323000,327000,312000,364000,346000,348000,386000,581000,624000,654000,282000,409000,380000,200000,203000,341000,362000,281000,685000,410000,298000,331000,383000,380000,262000,306000,318000,226000,255000,268000,264000,
sko_forall: 1356000,
contraction: 330000,340000,
forall_inst: 1436000,1675000,934000,932000,1295000,945000,
implies_neg1: 243000,
implies_neg2: 243000,
__local_input: 80000,
equiv_simplify: 366000,186000,212000,
__normalized_input: 8111000,7609000,28036000,13195000,10207000,6797000,6745000,1285000,
rare_rewrite_eq-refl: 98000,
rare_rewrite_bool-impl-elim: 9353000,8113000,8786000,10474000,8329000,7944000,
rare_rewrite_bool-and-de-morgan: 9447000,7247000,10432000,7598000,
rare_rewrite_bool-double-not-elim: 203000,

