1; Draft.Scratch_smt_check_7_13949; 2026-04-10 13:42:47.333;
bind: 407000,381000,385000,361000,408000,418000,
cong: 224000,212000,134000,118000,226000,174000,116000,108000,156000,109000,126000,229000,217000,145000,110000,136000,235000,185000,
refl: 32000,27000,128000,53000,35000,24000,21000,26000,31000,23000,24000,30000,71000,56000,
trans: 386000,374000,349000,340000,244000,210000,406000,369000,326000,373000,232000,
or_pos: 370000,
implies: 373000,
parsing: 7587000,
aci_simp: 1982000,1965000,
subproof: 2152000,
equiv_pos2: 315000,114000,287000,
reordering: 544000,
resolution: 392000,378000,438000,305000,577000,666000,427000,398000,
contraction: 540000,
forall_inst: 1294000,
implies_neg1: 520000,
implies_neg2: 490000,
__local_input: 82000,
__normalized_input: 1291000,958000,840000,848000,1072000,
rare_rewrite_eq-symm: 202000,200000,180000,
rare_rewrite_bool-impl-elim: 10923000,11360000,
rare_rewrite_bool-and-de-morgan: 10423000,10765000,
rare_rewrite_bool-double-not-elim: 163000,174000,

