1; Draft.Scratch_smt_check_7_28507; 2026-04-10 13:43:44.861;
bind: 284000,275000,545000,415000,492000,521000,469000,427000,
cong: 220000,238000,328000,329000,240000,315000,258000,233000,
refl: 140000,31000,30000,44000,63000,63000,
symm: 71000,
trans: 272000,288000,267000,309000,278000,258000,275000,331000,330000,503000,501000,486000,288000,324000,
equiv1: 450000,810000,
equiv2: 807000,
parsing: 30262000,
aci_simp: 1142000,1198000,1231000,2055000,2272000,1945000,
equiv_pos2: 33000,441000,394000,
reordering: 751000,
resolution: 117000,215000,278000,199000,529000,541000,484000,
connective_def: 719000,
equiv_simplify: 1157000,1110000,
miniscope_split: 408000,
__normalized_input: 1372000,1154000,777000,
rare_rewrite_eq-symm: 792000,
rare_rewrite_bool-eq-false: 5984000,
rare_rewrite_bool-impl-elim: 24355000,11668000,11376000,
rare_rewrite_bool-and-de-morgan: 6408000,11369000,11810000,11236000,

