1; Draft.Scratch_smt_check_7_15574; 2026-04-10 13:51:05.748;
bind: 425000,388000,499000,465000,467000,485000,
cong: 122000,82000,223000,135000,109000,76000,101000,128000,77000,86000,118000,118000,166000,161000,109000,107000,152000,264000,168000,168000,197000,124000,122000,71000,74000,65000,104000,91000,118000,90000,
refl: 28000,34000,31000,61000,
symm: 329000,305000,275000,294000,431000,277000,249000,
false: 18000,
trans: 350000,412000,475000,371000,459000,350000,364000,481000,366000,415000,351000,362000,385000,
equiv2: 373000,547000,
implies: 395000,
not_not: 413000,
parsing: 2676000,
evaluate: 476000,
subproof: 2242000,
equiv_pos2: 88000,161000,89000,219000,221000,340000,85000,193000,67000,
resolution: 386000,420000,406000,533000,447000,546000,478000,422000,555000,641000,638000,606000,423000,572000,467000,575000,500000,591000,
contraction: 595000,
forall_inst: 1461000,1424000,
implies_neg1: 511000,
implies_neg2: 492000,
__local_input: 311000,
equiv_simplify: 510000,681000,
__normalized_input: 19875000,7727000,4632000,2968000,2665000,2463000,1652000,1684000,1720000,
rare_rewrite_eq-refl: 279000,
rare_rewrite_eq-symm: 325000,320000,364000,309000,302000,365000,352000,299000,266000,381000,351000,385000,
rare_rewrite_bool-eq-true: 11670000,

