1; Draft.Scratch_smt_check_7_19114; 2026-04-10 13:51:07.149;
bind: 273000,244000,272000,232000,269000,250000,229000,235000,252000,249000,214000,246000,208000,212000,243000,210000,286000,297000,291000,304000,307000,207000,262000,320000,275000,213000,197000,207000,194000,728000,685000,304000,695000,680000,299000,291000,306000,289000,308000,186000,707000,674000,297000,698000,693000,386000,294000,299000,289000,329000,184000,692000,690000,289000,1253000,675000,314000,289000,300000,294000,304000,183000,
cong: 90000,58000,71000,53000,54000,81000,65000,73000,56000,49000,199000,124000,75000,52000,108000,95000,142000,81000,55000,112000,107000,215000,101000,124000,81000,123000,102000,116000,79000,123000,199000,235000,71000,124000,71000,54000,66000,72000,50000,48000,124000,70000,50000,58000,70000,55000,51000,265000,139000,186000,102000,68000,55000,53000,75000,48000,45000,66000,93000,177000,140000,175000,101000,113000,101000,101000,97000,77000,60000,73000,73000,56000,77000,48000,66000,155000,120000,227000,336000,245000,128000,315000,257000,154000,166000,339000,238000,151000,310000,265000,156000,166000,598000,392000,150000,153000,50000,59000,57000,68000,49000,48000,168000,134000,120000,188000,59000,58000,72000,54000,49000,87000,79000,108000,84000,81000,64000,336000,246000,123000,315000,260000,154000,162000,540000,251000,122000,324000,283000,158000,160000,602000,402000,152000,152000,50000,62000,57000,69000,52000,48000,164000,128000,116000,176000,55000,53000,68000,52000,48000,91000,87000,113000,104000,76000,60000,340000,245000,121000,310000,263000,162000,159000,327000,243000,122000,303000,253000,154000,156000,584000,391000,147000,154000,51000,66000,64000,71000,48000,47000,177000,137000,116000,182000,61000,52000,70000,54000,54000,88000,78000,101000,82000,77000,59000,88000,178000,
refl: 19000,20000,45000,18000,49000,21000,44000,22000,45000,23000,21000,19000,21000,27000,54000,47000,66000,40000,33000,22000,58000,58000,51000,26000,27000,34000,51000,54000,53000,27000,44000,33000,47000,45000,100000,25000,19000,20000,20000,21000,34000,56000,51000,23000,25000,32000,47000,55000,70000,24000,28000,41000,52000,52000,107000,26000,25000,19000,22000,20000,18000,54000,53000,26000,27000,31000,50000,53000,50000,24000,28000,34000,51000,42000,99000,27000,21000,19000,19000,20000,18000,43000,46000,
symm: 104000,108000,109000,147000,106000,104000,264000,191000,101000,106000,115000,107000,102000,127000,114000,
trans: 230000,239000,221000,244000,191000,219000,213000,233000,198000,165000,200000,208000,192000,172000,161000,187000,206000,180000,175000,161000,146000,259000,271000,286000,258000,255000,261000,239000,250000,262000,205000,186000,171000,183000,187000,170000,196000,554000,459000,481000,380000,385000,217000,356000,217000,244000,408000,556000,464000,478000,386000,380000,227000,362000,213000,245000,358000,213000,225000,285000,258000,205000,218000,229000,226000,242000,203000,557000,469000,488000,388000,383000,217000,357000,214000,235000,360000,563000,461000,493000,377000,388000,218000,376000,224000,241000,365000,215000,235000,280000,254000,206000,223000,223000,225000,235000,205000,223000,544000,453000,471000,373000,377000,209000,359000,213000,227000,362000,4219000,456000,477000,369000,383000,340000,356000,211000,230000,355000,217000,228000,287000,267000,204000,221000,229000,224000,236000,201000,
choice: 78000,
equiv1: 161000,220000,242000,268000,261000,170000,
equiv2: 127000,153000,133000,136000,
or_neg: 236000,220000,263000,201000,224000,196000,206000,199000,210000,250000,260000,167000,209000,216000,218000,200000,
or_pos: 326000,285000,268000,476000,273000,472000,291000,486000,
and_neg: 197000,219000,
and_pos: 152000,174000,154000,152000,170000,174000,184000,148000,174000,150000,161000,
implies: 234000,229000,217000,165000,170000,272000,208000,536000,225000,513000,215000,522000,
not_and: 208000,
not_not: 150000,156000,
parsing: 63888000,
aci_simp: 1355000,1537000,1249000,1129000,1237000,1033000,1806000,1289000,1132000,1162000,989000,1098000,1039000,1072000,1549000,1217000,1080000,1154000,987000,6599000,1224000,1099000,1278000,996000,1096000,1076000,1042000,1508000,1220000,1083000,1159000,1007000,1532000,1200000,1088000,1123000,975000,1053000,1000000,1086000,
evaluate: 219000,
qnt_join: 287000,
subproof: 1182000,1187000,1145000,1123000,1124000,1223000,1227000,1139000,2642000,1193000,2537000,1186000,2526000,
and_intro: 145000,219000,
poly_simp: 1926000,1921000,1870000,1858000,
equiv_pos1: 59000,59000,53000,81000,
equiv_pos2: 43000,133000,43000,135000,234000,126000,130000,264000,112000,116000,219000,204000,59000,39000,161000,43000,172000,320000,136000,43000,211000,105000,49000,48000,27000,122000,108000,203000,497000,532000,818000,154000,48000,185000,43000,88000,88000,493000,499000,831000,158000,66000,192000,42000,83000,86000,488000,496000,816000,162000,47000,191000,41000,90000,86000,151000,
reordering: 260000,292000,315000,308000,320000,245000,288000,477000,243000,450000,367000,350000,741000,384000,346000,727000,376000,358000,737000,371000,
resolution: 198000,205000,218000,276000,233000,326000,356000,349000,231000,306000,236000,223000,225000,248000,320000,338000,400000,373000,227000,322000,260000,216000,299000,320000,365000,354000,219000,305000,437000,481000,333000,283000,275000,409000,204000,332000,275000,394000,189000,192000,307000,234000,303000,218000,364000,439000,402000,240000,297000,238000,236000,279000,320000,207000,292000,326000,215000,240000,339000,366000,332000,270000,245000,217000,311000,232000,226000,392000,391000,284000,273000,252000,555000,190000,194000,220000,187000,227000,382000,375000,403000,363000,348000,393000,553000,483000,634000,856000,960000,580000,489000,227000,320000,264000,308000,314000,251000,194000,205000,238000,229000,261000,409000,421000,367000,288000,301000,432000,226000,422000,572000,474000,618000,825000,934000,555000,481000,236000,334000,265000,308000,326000,279000,230000,221000,235000,217000,279000,294000,297000,439000,204000,187000,389000,576000,481000,656000,819000,920000,554000,503000,231000,311000,257000,307000,299000,285000,216000,205000,248000,257000,302000,263000,
sko_forall: 1178000,
contraction: 325000,319000,288000,393000,223000,244000,238000,247000,397000,279000,360000,281000,304000,333000,319000,850000,389000,287000,294000,856000,289000,298000,834000,
forall_inst: 793000,835000,794000,841000,882000,956000,783000,1117000,791000,716000,708000,1149000,819000,721000,728000,1118000,811000,740000,757000,
implies_neg1: 284000,288000,254000,211000,220000,363000,237000,270000,749000,762000,744000,219000,225000,
implies_neg2: 287000,296000,257000,210000,430000,359000,183000,264000,745000,212000,715000,218000,705000,
__local_input: 216000,255000,202000,83000,75000,81000,121000,216000,57000,39000,151000,163000,265000,288000,269000,36000,42000,38000,129000,
poly_simp_rel: 1094000,1099000,1067000,1261000,
connective_def: 254000,242000,
equiv_simplify: 192000,235000,207000,213000,206000,238000,
miniscope_split: 392000,
implies_simplify: 296000,
__normalized_input: 36820000,38557000,34177000,33588000,33851000,33848000,32108000,31954000,67336000,37850000,36027000,31646000,32111000,1295000,1450000,1021000,1194000,
rare_rewrite_eq-symm: 181000,195000,210000,212000,182000,229000,170000,207000,118000,194000,99000,161000,122000,185000,112000,158000,181000,227000,236000,260000,115000,173000,124000,187000,190000,191000,
rare_rewrite_arith-elim-lt: 6495000,6593000,
rare_rewrite_arith-elim-leq: 6441000,6355000,
rare_rewrite_bool-impl-elim: 6931000,6761000,6474000,7022000,6441000,6455000,6884000,6359000,7371000,6578000,6553000,6715000,6076000,6552000,6080000,6323000,
rare_rewrite_bool-impl-false1: 6088000,5991000,15132000,5727000,5922000,6398000,5783000,6111000,7985000,
rare_rewrite_bool-and-de-morgan: 6444000,6817000,6085000,6026000,6361000,5901000,13512000,5934000,6638000,6060000,5831000,5861000,6219000,6113000,6122000,6690000,6014000,6188000,6321000,6763000,6208000,6287000,5694000,6051000,5705000,5933000,6448000,5785000,5723000,5778000,6214000,5686000,5680000,5640000,5879000,
rare_rewrite_bool-double-not-elim: 175000,169000,157000,147000,149000,230000,122000,134000,125000,136000,117000,137000,148000,

