1; Draft.Scratch_smt_check_7_9086; 2026-04-10 13:47:10.314;
bind: 408000,353000,407000,370000,320000,329000,452000,409000,309000,192000,177000,187000,214000,199000,212000,191000,238000,252000,
cong: 543000,310000,368000,186000,185000,400000,376000,355000,351000,331000,305000,280000,285000,210000,187000,178000,149000,100000,94000,130000,153000,123000,143000,280000,149000,213000,
refl: 221000,194000,46000,
trans: 379000,389000,893000,871000,843000,842000,760000,694000,637000,533000,486000,453000,388000,186000,186000,187000,199000,
or_pos: 458000,367000,327000,417000,348000,407000,305000,435000,407000,337000,184000,175000,164000,165000,186000,189000,179000,
and_neg: 425000,217000,
implies: 505000,246000,
not_and: 520000,
parsing: 37950000,
aci_simp: 1790000,1684000,1631000,1601000,1585000,1485000,1435000,1331000,1291000,1418000,1255000,1136000,979000,978000,
subproof: 2313000,1149000,
equiv_pos1: 235000,85000,47000,127000,
equiv_pos2: 359000,364000,803000,269000,262000,286000,179000,219000,244000,113000,105000,636000,89000,101000,119000,127000,173000,160000,322000,
reordering: 759000,495000,541000,739000,795000,413000,523000,512000,464000,390000,712000,502000,467000,213000,205000,180000,232000,223000,217000,231000,223000,340000,384000,
resolution: 310000,335000,291000,868000,406000,457000,294000,270000,305000,355000,390000,634000,791000,721000,355000,424000,424000,308000,368000,433000,334000,367000,425000,296000,394000,299000,372000,297000,362000,276000,345000,393000,342000,408000,399000,304000,361000,418000,387000,393000,428000,299000,350000,451000,171000,205000,241000,175000,222000,549000,231000,170000,208000,219000,162000,209000,229000,171000,218000,256000,174000,210000,253000,338000,336000,336000,412000,377000,205000,293000,
contraction: 749000,356000,
forall_inst: 1463000,1420000,1341000,1577000,1314000,1514000,1333000,1318000,1351000,1296000,1367000,1283000,1333000,671000,660000,687000,662000,683000,715000,683000,858000,
implies_neg1: 722000,379000,
implies_neg2: 778000,404000,
__local_input: 128000,64000,
__normalized_input: 2907000,19235000,5397000,5187000,5132000,4838000,4429000,4221000,2263000,2395000,2277000,2247000,1971000,1847000,3413000,1117000,1305000,
rare_rewrite_eq-symm: 242000,252000,261000,276000,125000,127000,112000,118000,131000,
rare_rewrite_bool-impl-elim: 11747000,12223000,12547000,11995000,12097000,12362000,8773000,6783000,6330000,6123000,6435000,6002000,

