1; Draft.Scratch_smt_check_7_13737; 2026-04-10 13:47:10.163;
and: 114000,117000,148000,115000,170000,131000,186000,343000,122000,125000,178000,120000,181000,141000,219000,
cong: 372000,366000,211000,719000,
refl: 46000,43000,154000,
symm: 265000,
trans: 368000,
equiv1: 409000,
equiv2: 325000,
or_neg: 475000,515000,532000,
and_neg: 474000,455000,468000,
and_pos: 397000,492000,
implies: 417000,533000,392000,
not_not: 220000,
parsing: 5895000,
aci_simp: 2455000,2406000,
subproof: 2517000,
equiv_pos2: 421000,370000,680000,
reordering: 458000,758000,1082000,465000,
resolution: 347000,487000,407000,468000,842000,1053000,741000,743000,720000,915000,328000,326000,584000,373000,476000,409000,
contraction: 982000,769000,813000,
implies_neg1: 780000,
implies_neg2: 659000,
__local_input: 64000,101000,
equiv_simplify: 383000,604000,
__normalized_input: 4691000,11161000,2547000,5747000,839000,
rare_rewrite_bool-double-not-elim: 298000,

