1; Draft.Scratch_smt_check_7_11611; 2026-04-10 13:47:10.426;
and: 82000,77000,69000,75000,113000,123000,
bind: 428000,381000,449000,386000,395000,416000,249000,224000,266000,229000,236000,237000,256000,226000,255000,238000,404000,409000,
cong: 250000,176000,160000,414000,205000,169000,150000,84000,206000,167000,78000,338000,167000,149000,86000,177000,160000,80000,109000,95000,105000,122000,210000,111000,103000,100000,58000,104000,92000,57000,200000,90000,84000,56000,171000,164000,84000,113000,86000,104000,106000,349000,189000,238000,148000,118000,185000,154000,118000,366000,159000,170000,87000,276000,663000,
refl: 174000,182000,176000,159000,34000,95000,84000,111000,93000,34000,102000,102000,96000,86000,181000,85000,88000,
symm: 353000,367000,199000,117000,195000,199000,116000,195000,195000,
trans: 354000,378000,373000,370000,217000,205000,134000,240000,195000,214000,206000,254000,195000,128000,219000,199000,213000,196000,219000,231000,219000,
equiv1: 431000,472000,
equiv2: 243000,244000,237000,
or_neg: 151000,154000,143000,164000,298000,270000,286000,309000,150000,147000,152000,166000,273000,285000,258000,313000,
or_pos: 210000,215000,419000,
and_neg: 159000,159000,268000,
and_pos: 317000,334000,384000,351000,360000,393000,
implies: 261000,347000,323000,344000,188000,524000,200000,344000,
not_and: 295000,
not_not: 186000,177000,
parsing: 44842000,
aci_simp: 1761000,1807000,948000,980000,1747000,1760000,
evaluate: 192000,
subproof: 1997000,2649000,2119000,1393000,1498000,1114000,1490000,1445000,2050000,
and_intro: 298000,
equiv_pos1: 62000,60000,113000,
equiv_pos2: 310000,315000,281000,497000,290000,317000,558000,125000,153000,153000,256000,179000,163000,272000,126000,28000,149000,157000,495000,293000,318000,504000,260000,818000,
reordering: 246000,237000,267000,675000,205000,276000,269000,1669000,378000,475000,517000,
resolution: 380000,256000,459000,485000,430000,270000,405000,375000,442000,513000,579000,612000,401000,430000,294000,279000,438000,489000,569000,532000,292000,404000,327000,450000,1356000,217000,634000,1779000,352000,292000,364000,306000,533000,147000,205000,294000,192000,285000,182000,197000,252000,353000,400000,349000,419000,233000,277000,169000,183000,245000,280000,324000,313000,186000,264000,201000,433000,1573000,686000,583000,1296000,235000,180000,272000,168000,175000,211000,283000,285000,349000,365000,216000,296000,272000,350000,406000,475000,584000,507000,288000,455000,356000,779000,2387000,385000,
contraction: 434000,559000,530000,349000,787000,406000,428000,305000,293000,348000,729000,835000,296000,611000,647000,
forall_inst: 1246000,1421000,1318000,893000,906000,733000,734000,806000,723000,966000,1405000,1597000,
implies_neg1: 354000,498000,476000,262000,247000,446000,480000,446000,1554000,
implies_neg2: 332000,466000,438000,273000,272000,251000,720000,268000,502000,
__local_input: 69000,124000,112000,70000,66000,43000,55000,17215000,124000,80000,42000,50000,88000,
equiv_simplify: 336000,327000,327000,636000,
implies_simplify: 518000,
__normalized_input: 7572000,4946000,3661000,1378000,1302000,1151000,783000,1240000,
rare_rewrite_eq-symm: 285000,230000,212000,232000,141000,133000,123000,125000,123000,134000,79000,75000,75000,127000,128000,238000,133000,160000,125000,
rare_rewrite_bool-impl-elim: 12093000,13346000,7524000,7469000,6129000,6437000,
rare_rewrite_bool-double-not-elim: 84000,78000,148000,457000,

