1; Draft.Scratch_smt_check_7_345; 2026-04-10 13:50:50.350;
bind: 226000,261000,244000,240000,208000,206000,190000,
cong: 126000,118000,76000,132000,118000,136000,102000,102000,70000,73000,113000,92000,83000,102000,49000,53000,109000,78000,83000,78000,48000,53000,273000,68000,89000,102000,59000,75000,48000,51000,1395000,254000,138000,127000,291000,160000,117000,67000,103000,70000,251000,56000,98000,73000,754000,345000,211000,144000,352000,216000,184000,225000,141000,248000,179000,188000,231000,212000,130000,69000,45000,57000,72000,45000,172000,179000,171000,163000,65000,64000,223000,141000,251000,188000,182000,230000,213000,129000,54000,45000,59000,68000,41000,181000,181000,170000,162000,219000,144000,242000,187000,188000,241000,219000,138000,51000,41000,53000,68000,44000,177000,178000,167000,160000,243000,65000,61000,78000,55000,889000,153000,70000,87000,115000,462000,257000,480000,325000,323000,405000,357000,217000,94000,74000,88000,118000,70000,337000,307000,304000,269000,372000,178000,243000,188000,254000,242000,216000,142000,48000,40000,59000,67000,41000,168000,177000,331000,162000,1086000,
ite1: 183000,241000,312000,
ite2: 234000,263000,201000,
refl: 28000,35000,28000,33000,20000,81000,35000,76000,30000,37000,114000,126000,87000,99000,115000,126000,39000,27000,25000,113000,126000,45000,28000,22000,115000,125000,44000,26000,23000,23000,79000,45000,22000,37000,60000,68000,247000,253000,47000,77000,83000,38000,114000,125000,21000,38000,24000,21000,30000,129000,70000,197000,
symm: 208000,104000,98000,100000,141000,101000,327000,111000,134000,101000,133000,103000,124000,104000,128000,141000,103000,126000,313000,261000,246000,248000,491000,262000,288000,101000,128000,
true: 90000,90000,89000,
trans: 224000,232000,217000,226000,194000,241000,177000,232000,223000,291000,148000,137000,209000,286000,127000,307000,379000,359000,374000,131000,392000,369000,391000,173000,285000,427000,366000,381000,127000,133000,333000,218000,347000,544000,578000,735000,724000,792000,294000,737000,730000,373000,123000,
equiv1: 335000,353000,435000,545000,564000,579000,248000,302000,1197000,1250000,565000,
equiv2: 356000,378000,353000,471000,343000,271000,774000,733000,
or_neg: 608000,681000,659000,574000,585000,566000,446000,445000,398000,395000,582000,586000,622000,665000,639000,640000,624000,593000,678000,634000,583000,
or_pos: 263000,
and_neg: 763000,415000,822000,
and_pos: 692000,626000,541000,571000,526000,562000,538000,511000,686000,639000,383000,301000,302000,285000,297000,402000,592000,691000,743000,685000,594000,699000,758000,695000,1464000,1295000,1688000,1660000,1344000,1256000,1284000,1527000,1416000,1615000,1496000,1399000,
implies: 700000,672000,417000,424000,676000,678000,2442000,
not_and: 656000,
not_not: 290000,294000,287000,623000,
parsing: 57066000,
aci_simp: 1057000,
evaluate: 450000,
subproof: 1615000,1669000,1409000,1386000,1607000,1714000,3157000,4294000,
and_intro: 597000,308000,670000,1529000,
poly_simp: 13035000,1891000,1922000,3262000,1925000,12719000,1967000,3399000,1976000,3424000,3347000,3665000,6527000,2156000,3349000,
equiv_pos2: 138000,90000,103000,35000,61000,101000,34000,60000,62000,40000,100000,976000,438000,587000,58000,60000,57000,562000,588000,591000,216000,89000,212000,217000,93000,989000,259000,418000,54000,209000,1000000,
reordering: 332000,956000,3120000,3114000,328000,585000,1035000,1050000,975000,2786000,2834000,316000,971000,8962000,10834000,
resolution: 386000,218000,278000,290000,302000,210000,379000,217000,292000,307000,427000,330000,240000,223000,1308000,4543000,1061000,972000,780000,2393000,315000,269000,226000,247000,966000,792000,2378000,276000,273000,409000,234000,254000,234000,430000,457000,416000,330000,327000,236000,776000,2079000,640000,645000,562000,977000,301000,241000,642000,568000,985000,316000,293000,422000,270000,516000,535000,469000,350000,368000,409000,1226000,3615000,1007000,984000,763000,2047000,287000,199000,259000,376000,407000,1014000,793000,2105000,268000,311000,397000,413000,431000,206000,289000,334000,312000,297000,1372000,4604000,664000,685000,979000,780000,5982000,447000,560000,542000,685000,725000,795000,3456000,2818000,7051000,698000,417000,
contraction: 1919000,920000,1178000,963000,1176000,884000,571000,605000,619000,611000,1613000,951000,1156000,965000,1173000,1917000,944000,26798000,3623000,4349000,
forall_inst: 764000,759000,728000,785000,
implies_neg1: 1116000,1123000,637000,627000,1205000,1214000,2569000,1889000,
implies_neg2: 838000,818000,567000,589000,841000,827000,745000,3599000,
__local_input: 50000,46000,38000,109000,100000,113000,100000,68000,94000,115000,46000,53000,110000,113000,95000,131000,44000,84000,115000,97000,47000,103000,142000,167000,183000,72000,248000,219000,161000,231000,41000,126000,56000,108000,97000,159000,
poly_simp_rel: 1274000,1706000,1044000,1315000,1208000,1466000,1229000,1432000,1255000,1456000,1242000,3876000,2748000,2466000,1490000,
equiv_simplify: 453000,421000,451000,449000,533000,664000,705000,700000,450000,343000,379000,880000,1408000,923000,680000,
implies_simplify: 1350000,
__normalized_input: 21916000,4548000,3972000,3769000,2852000,814000,630000,601000,760000,955000,
rare_rewrite_ite-eq: 6922000,7156000,6644000,
rare_rewrite_eq-refl: 272000,329000,332000,324000,210000,654000,419000,
rare_rewrite_eq-symm: 121000,121000,
rare_rewrite_ite-not-cond: 6336000,6508000,6509000,12204000,6279000,
rare_rewrite_bool-impl-elim: 6594000,
rare_rewrite_bool-and-de-morgan: 6205000,
rare_rewrite_bool-double-not-elim: 146000,124000,379000,

