1; Draft.Scratch_smt_check_7_20396; 2026-04-10 13:44:05.373;
bind: 195000,190000,170000,121000,122000,124000,130000,169000,164000,126000,131000,130000,126000,170000,190000,265000,379000,369000,
cong: 108000,126000,108000,65000,88000,93000,120000,69000,92000,86000,136000,90000,54000,136000,88000,137000,91000,94000,92000,135000,93000,142000,123000,177000,146000,246000,77000,115000,
refl: 30000,43000,36000,28000,28000,28000,27000,29000,26000,28000,28000,28000,28000,29000,31000,62000,53000,
symm: 83000,98000,
trans: 128000,179000,183000,94000,95000,97000,101000,94000,92000,98000,84000,103000,97000,98000,115000,101000,97000,101000,104000,141000,329000,119000,130000,
choice: 66000,
equiv1: 114000,150000,
equiv2: 76000,72000,135000,
or_neg: 124000,126000,124000,250000,286000,
or_pos: 210000,416000,318000,
and_neg: 217000,251000,
and_pos: 90000,96000,98000,86000,92000,94000,80000,168000,137000,148000,148000,153000,161000,158000,159000,
implies: 112000,97000,101000,113000,104000,189000,148000,142000,190000,160000,
not_and: 134000,
not_not: 98000,
parsing: 24207000,
evaluate: 201000,
subproof: 1041000,1111000,1078000,1084000,1105000,1091000,1955000,1967000,2007000,1975000,1944000,
and_intro: 99000,160000,133000,
equiv_neg1: 57000,
equiv_neg2: 56000,
equiv_pos1: 46000,68000,70000,
equiv_pos2: 123000,51000,116000,80000,84000,120000,76000,82000,116000,76000,70000,79000,85000,122000,28000,81000,85000,116000,74000,80000,36000,204000,330000,72000,66000,153000,228000,
reordering: 220000,155000,280000,329000,162000,131000,214000,338000,340000,278000,322000,369000,501000,272000,356000,346000,334000,328000,411000,384000,
resolution: 189000,174000,159000,223000,158000,165000,201000,257000,152000,165000,133000,194000,213000,234000,235000,142000,221000,162000,128000,191000,208000,241000,245000,142000,229000,156000,229000,346000,297000,157000,170000,199000,195000,497000,143000,146000,162000,238000,176000,123000,134000,192000,210000,237000,245000,148000,226000,231000,235000,581000,133000,207000,197000,220000,225000,157000,255000,150000,278000,160000,187000,262000,243000,316000,356000,468000,294000,724000,621000,283000,254000,448000,454000,421000,437000,351000,420000,318000,366000,533000,212000,351000,322000,577000,204000,238000,473000,445000,343000,563000,295000,373000,355000,583000,
sko_forall: 1703000,
contraction: 173000,169000,208000,134000,175000,176000,169000,197000,171000,346000,309000,241000,248000,223000,275000,250000,279000,246000,279000,
forall_inst: 726000,673000,698000,651000,711000,649000,675000,651000,693000,1240000,1302000,1195000,1215000,
implies_neg1: 132000,140000,148000,125000,143000,158000,249000,195000,201000,223000,235000,
implies_neg2: 134000,145000,102000,134000,167000,135000,239000,193000,180000,218000,210000,
__local_input: 35000,37000,50000,14000,13000,23000,41000,13000,14000,21000,57000,26000,23000,28000,28000,26000,32000,23000,34000,
equiv_simplify: 159000,151000,220000,252000,
implies_simplify: 189000,
__normalized_input: 3149000,2295000,2051000,1905000,1892000,1274000,1452000,1318000,1044000,1103000,1012000,
rare_rewrite_eq-refl: 66000,67000,70000,
rare_rewrite_eq-symm: 113000,89000,109000,61000,97000,61000,95000,61000,96000,65000,96000,57000,98000,80000,57000,98000,65000,113000,77000,59000,101000,60000,101000,78000,140000,139000,
rare_rewrite_bool-eq-true: 6503000,7220000,6209000,
rare_rewrite_bool-eq-false: 6928000,6819000,6195000,
rare_rewrite_bool-impl-elim: 6486000,22603000,11896000,
rare_rewrite_bool-double-not-elim: 84000,101000,102000,213000,

