1; Draft.Scratch_smt_check_7_22447; 2026-04-10 13:50:29.344;
bind: 153000,189000,146000,152000,194000,142000,189000,
cong: 51000,69000,68000,92000,54000,65000,
refl: 42000,
symm: 96000,108000,89000,94000,
trans: 144000,123000,319000,163000,134000,
equiv1: 113000,
equiv2: 129000,
implies: 123000,
parsing: 2639000,
subproof: 1069000,
equiv_pos2: 76000,82000,74000,
resolution: 164000,263000,156000,170000,166000,342000,244000,253000,173000,261000,
contraction: 195000,
forall_inst: 685000,682000,
implies_neg1: 170000,
implies_neg2: 153000,
__local_input: 118000,
equiv_simplify: 218000,193000,
__normalized_input: 11316000,10059000,29085000,1379000,
rare_rewrite_eq-symm: 123000,125000,
rare_rewrite_bool-eq-false: 6215000,6339000,

