1; Draft.Scratch_smt_check_7_16260; 2026-04-10 13:44:10.230;
bind: 292000,232000,250000,353000,188000,490000,491000,410000,428000,349000,
cong: 213000,205000,164000,180000,393000,321000,249000,189000,
refl: 46000,29000,
trans: 295000,219000,263000,178000,251000,136000,160000,402000,441000,448000,439000,510000,323000,269000,
parsing: 25785000,
aci_simp: 2281000,2353000,
poly_simp: 3308000,3416000,
equiv_pos2: 402000,370000,
resolution: 123000,335000,396000,582000,
poly_simp_rel: 1939000,2132000,
qnt_rm_unused: 161000,
connective_def: 344000,
miniscope_split: 797000,
__normalized_input: 1747000,2270000,1017000,
rare_rewrite_bool-or-taut2: 11576000,
rare_rewrite_arith-elim-leq: 11817000,23892000,
rare_rewrite_bool-impl-elim: 21279000,12033000,12606000,13438000,
rare_rewrite_bool-impl-true2: 7051000,
rare_rewrite_bool-and-de-morgan: 6967000,12581000,

