1; Draft.Scratch_smt_check_7_5255; 2026-04-10 13:46:20.632;
and: 102000,89000,111000,93000,85000,112000,169000,174000,224000,
bind: 316000,148000,187000,182000,317000,143000,184000,300000,253000,
cong: 57000,72000,41000,52000,70000,165000,81000,55000,90000,58000,76000,45000,46000,68000,64000,68000,156000,72000,50000,49000,74000,64000,71000,42000,40000,65000,69000,67000,152000,114000,76000,84000,117000,354000,
refl: 54000,18000,52000,16000,57000,27000,61000,53000,86000,
symm: 88000,114000,124000,83000,140000,170000,
trans: 157000,190000,208000,124000,127000,142000,150000,186000,189000,211000,121000,137000,136000,122000,187000,208000,227000,
equiv1: 176000,230000,
equiv2: 120000,128000,129000,
or_neg: 195000,202000,211000,211000,
or_pos: 258000,250000,533000,
and_pos: 131000,151000,187000,179000,193000,206000,
implies: 240000,
not_and: 222000,
not_not: 143000,136000,
parsing: 13301000,
aci_simp: 1153000,1082000,1123000,
evaluate: 190000,
subproof: 1165000,1244000,
and_intro: 162000,
equiv_pos2: 58000,194000,47000,103000,42000,111000,109000,56000,197000,43000,86000,41000,27000,108000,56000,366000,81000,153000,70000,398000,
reordering: 360000,218000,302000,326000,222000,790000,644000,477000,
resolution: 228000,224000,222000,293000,314000,197000,170000,164000,256000,167000,249000,586000,1623000,256000,207000,219000,215000,369000,170000,161000,179000,235000,166000,225000,213000,231000,293000,324000,183000,168000,164000,240000,356000,409000,903000,172000,222000,167000,158000,221000,247000,226000,308000,315000,349000,310000,290000,396000,
contraction: 501000,233000,211000,340000,392000,
forall_inst: 944000,1103000,1182000,784000,893000,829000,768000,1520000,1348000,
implies_neg1: 174000,698000,
implies_neg2: 137000,299000,
__local_input: 21000,46000,40000,36000,47000,115000,
equiv_simplify: 189000,224000,223000,453000,
implies_simplify: 252000,
__normalized_input: 4517000,4832000,3690000,3456000,3427000,3071000,3275000,
rare_rewrite_eq-symm: 111000,94000,162000,239000,121000,118000,84000,124000,123000,115000,184000,209000,
rare_rewrite_bool-impl-elim: 7061000,6624000,11946000,
rare_rewrite_bool-and-de-morgan: 6412000,6445000,24832000,
rare_rewrite_bool-double-not-elim: 387000,

