1; Draft.Scratch_smt_check_7_4924; 2026-04-10 13:46:21.076;
bind: 223000,181000,308000,145000,230000,211000,183000,151000,325000,142000,200000,163000,121000,207000,301000,237000,
cong: 119000,124000,111000,118000,145000,60000,58000,102000,91000,73000,50000,62000,115000,114000,93000,98000,104000,166000,76000,54000,96000,159000,120000,163000,221000,
refl: 24000,27000,45000,24000,56000,18000,57000,
symm: 87000,88000,141000,84000,103000,
trans: 178000,179000,200000,159000,197000,148000,158000,184000,228000,146000,115000,110000,106000,199000,154000,159000,212000,238000,109000,116000,176000,126000,172000,255000,
choice: 39000,80000,
equiv1: 100000,100000,114000,
equiv2: 113000,89000,
or_neg: 131000,142000,121000,144000,146000,132000,145000,178000,
or_pos: 221000,244000,229000,240000,207000,377000,531000,
implies: 117000,
parsing: 35144000,
aci_simp: 1199000,961000,1061000,1079000,
subproof: 1277000,
equiv_pos1: 50000,
equiv_pos2: 121000,183000,86000,80000,38000,138000,92000,173000,215000,88000,118000,234000,112000,191000,200000,
reordering: 222000,290000,162000,181000,351000,277000,169000,316000,247000,482000,707000,
resolution: 411000,300000,318000,168000,317000,276000,156000,145000,215000,291000,304000,158000,148000,204000,161000,233000,289000,230000,299000,152000,158000,266000,226000,262000,288000,221000,248000,223000,288000,305000,147000,159000,167000,147000,206000,150000,203000,237000,271000,248000,253000,214000,259000,261000,198000,207000,229000,266000,
sko_forall: 983000,1716000,
contraction: 183000,190000,206000,185000,
forall_inst: 943000,639000,796000,759000,668000,869000,728000,834000,678000,701000,694000,1284000,
implies_neg1: 297000,
implies_neg2: 145000,
__local_input: 86000,
connective_def: 241000,211000,192000,329000,
equiv_simplify: 213000,168000,149000,173000,183000,
__normalized_input: 7830000,6364000,6379000,6381000,2633000,2098000,2391000,1292000,1201000,873000,985000,883000,1214000,
rare_rewrite_eq-symm: 99000,81000,123000,98000,121000,98000,184000,
rare_rewrite_bool-impl-elim: 6593000,6873000,6769000,6317000,27552000,
rare_rewrite_bool-and-de-morgan: 7268000,6732000,6548000,6697000,5735000,
rare_rewrite_bool-double-not-elim: 191000,83000,117000,173000,231000,

