1; Draft.Scratch_smt_check_7_25028; 2026-04-10 13:46:20.693;
bind: 444000,251000,211000,236000,208000,439000,
cong: 211000,112000,97000,89000,40000,48000,88000,95000,107000,132000,215000,155000,
refl: 81000,172000,17000,84000,320000,
trans: 376000,287000,308000,144000,159000,123000,194000,352000,302000,302000,147000,169000,
equiv1: 93000,
equiv2: 144000,
or_pos: 197000,196000,189000,192000,638000,
and_pos: 109000,126000,
implies: 339000,
parsing: 19419000,
aci_simp: 1361000,992000,1613000,1214000,
subproof: 2870000,
equiv_pos2: 355000,65000,134000,160000,77000,665000,
reordering: 175000,237000,225000,169000,193000,260000,185000,546000,
resolution: 521000,395000,499000,165000,167000,165000,167000,210000,178000,235000,179000,220000,292000,166000,216000,173000,208000,207000,221000,312000,585000,832000,527000,423000,
contraction: 517000,
forall_inst: 796000,821000,704000,777000,1006000,1770000,
implies_neg1: 916000,
implies_neg2: 464000,
__local_input: 265000,
equiv_simplify: 231000,177000,
__normalized_input: 6769000,2287000,1488000,1431000,1351000,1989000,967000,954000,1001000,914000,1003000,1058000,
rare_rewrite_eq-symm: 144000,
rare_rewrite_bool-impl-elim: 7735000,7776000,7640000,13782000,
rare_rewrite_bool-and-de-morgan: 7429000,7658000,28642000,13299000,

