1; Draft.Scratch_smt_check_7_18073; 2026-04-10 13:51:30.052;
bind: 256000,265000,208000,289000,270000,430000,514000,341000,496000,500000,438000,505000,456000,439000,476000,355000,
cong: 111000,73000,104000,95000,92000,117000,87000,90000,118000,137000,372000,226000,123000,144000,421000,129000,89000,138000,153000,180000,138000,156000,195000,132000,348000,193000,119000,118000,
refl: 30000,30000,74000,58000,30000,80000,117000,34000,47000,116000,103000,47000,118000,111000,
symm: 158000,155000,208000,165000,247000,309000,340000,477000,421000,344000,422000,325000,
trans: 201000,215000,241000,206000,226000,256000,211000,219000,434000,399000,582000,494000,415000,420000,505000,430000,436000,446000,
or_pos: 524000,560000,
and_neg: 861000,
and_pos: 828000,676000,719000,779000,
implies: 266000,513000,768000,531000,
parsing: 6507000,
subproof: 1765000,2283000,2747000,2896000,
equiv_pos2: 79000,121000,234000,489000,183000,532000,229000,226000,491000,190000,
reordering: 672000,1206000,2777000,807000,
resolution: 316000,317000,270000,340000,376000,360000,480000,450000,308000,342000,503000,564000,421000,453000,650000,769000,728000,521000,1173000,1066000,855000,2130000,494000,513000,527000,579000,650000,747000,784000,528000,588000,551000,559000,458000,
contraction: 378000,747000,1179000,1226000,793000,
forall_inst: 1692000,1537000,1440000,1817000,1642000,1516000,1433000,1508000,
implies_neg1: 672000,758000,636000,1200000,
implies_neg2: 347000,809000,847000,732000,
__local_input: 646000,227000,428000,106000,86000,128000,267000,
__normalized_input: 9700000,6199000,2588000,2192000,1562000,1492000,1664000,
rare_rewrite_eq-symm: 215000,192000,164000,333000,434000,302000,528000,1813000,361000,463000,297000,
rare_rewrite_bool-impl-elim: 7596000,22597000,12115000,11826000,

