1; Draft.Scratch_smt_check_7_15490; 2026-04-10 13:45:10.144;
cong: 139000,130000,66000,129000,164000,192000,270000,204000,
symm: 143000,168000,179000,
false: 20000,
trans: 158000,159000,163000,139000,163000,175000,209000,242000,264000,260000,184000,190000,
equiv1: 135000,
implies: 196000,
parsing: 1780000,
evaluate: 382000,198000,305000,579000,498000,
and_intro: 122000,
poly_simp: 4223000,3139000,3329000,9211000,11281000,
equiv_pos2: 143000,125000,126000,160000,238000,
la_generic: 14577000,
resolution: 164000,252000,476000,268000,262000,375000,223000,295000,344000,
la_mult_neg: 333000,
poly_simp_rel: 1778000,1828000,1827000,
equiv_simplify: 267000,
__normalized_input: 720000,747000,862000,
rare_rewrite_arith-elim-gt: 11294000,
rare_rewrite_arith-elim-lt: 11079000,11151000,28105000,
rare_rewrite_arith-elim-leq: 11145000,11256000,
rare_rewrite_bool-double-not-elim: 206000,

