1; Draft.Scratch_smt_check_7_7853; 2026-04-10 13:47:59.883;
bind: 467000,496000,
cong: 264000,162000,238000,173000,408000,292000,180000,175000,226000,158000,239000,297000,121000,226000,418000,271000,179000,369000,117000,168000,132000,83000,133000,143000,186000,92000,156000,93000,261000,
refl: 49000,156000,54000,161000,169000,30000,41000,49000,
symm: 368000,371000,405000,189000,231000,116000,
trans: 402000,334000,354000,273000,295000,403000,329000,358000,274000,288000,326000,364000,367000,366000,387000,418000,479000,406000,192000,427000,274000,351000,190000,187000,200000,206000,267000,199000,198000,201000,106000,135000,147000,210000,207000,
equiv1: 597000,188000,150000,114000,159000,
equiv2: 160000,
or_neg: 415000,408000,399000,465000,413000,404000,440000,
or_pos: 708000,
and_neg: 294000,
and_pos: 443000,443000,352000,425000,164000,181000,
implies: 386000,435000,413000,398000,177000,248000,184000,
not_and: 387000,
not_not: 162000,
parsing: 28716000,
aci_simp: 1275000,1075000,1251000,1105000,
evaluate: 472000,276000,398000,471000,518000,305000,160000,345000,334000,
subproof: 1953000,2162000,2176000,1199000,1167000,1255000,
and_intro: 296000,292000,162000,
poly_simp: 2080000,3245000,3392000,3580000,2998000,3218000,6123000,4313000,2288000,2080000,2077000,2317000,1647000,2788000,1978000,
equiv_pos2: 291000,300000,987000,207000,186000,289000,228000,279000,417000,342000,401000,105000,99000,118000,117000,239000,
la_generic: 12990000,7724000,
reordering: 886000,997000,817000,366000,
resolution: 211000,180000,278000,390000,371000,446000,588000,705000,395000,375000,309000,354000,474000,600000,698000,523000,567000,505000,869000,315000,588000,389000,429000,489000,299000,463000,629000,636000,544000,765000,975000,695000,623000,581000,974000,331000,189000,212000,312000,317000,310000,191000,216000,226000,182000,278000,223000,240000,317000,213000,305000,284000,451000,195000,432000,253000,244000,
contraction: 573000,589000,533000,586000,569000,780000,633000,593000,250000,164000,253000,260000,
forall_inst: 746000,992000,811000,781000,
la_mult_neg: 596000,352000,
implies_neg1: 557000,712000,158000,286000,282000,301000,
implies_neg2: 532000,386000,496000,227000,135000,237000,
__local_input: 142000,87000,139000,29000,87000,24000,34000,25000,74000,
poly_simp_rel: 1023000,2060000,1990000,2091000,1971000,1122000,1146000,1196000,
equiv_simplify: 318000,187000,271000,234000,
implies_simplify: 781000,233000,
__normalized_input: 4863000,4046000,3813000,1588000,1414000,1483000,
rare_rewrite_arith-elim-gt: 12063000,6469000,
rare_rewrite_arith-elim-lt: 12095000,13198000,11925000,6723000,
rare_rewrite_arith-elim-leq: 11636000,12067000,12092000,6463000,9979000,6274000,
rare_rewrite_bool-impl-elim: 6661000,6981000,
rare_rewrite_bool-and-de-morgan: 6150000,6308000,6169000,6425000,
rare_rewrite_arith-geq-norm1-real: 6753000,
rare_rewrite_bool-double-not-elim: 381000,356000,213000,

