1; Draft.Scratch_smt_check_7_21047; 2026-04-10 13:49:30.572;
bind: 381000,251000,357000,379000,357000,325000,293000,272000,256000,290000,266000,874000,460000,776000,810000,777000,639000,496000,695000,446000,619000,687000,689000,478000,603000,
cong: 199000,71000,62000,112000,75000,76000,80000,121000,198000,86000,75000,98000,55000,59000,71000,61000,70000,391000,276000,441000,424000,471000,121000,107000,142000,149000,119000,170000,128000,185000,113000,363000,256000,387000,361000,433000,324000,154000,104000,173000,145000,134000,125000,224000,318000,
refl: 17000,20000,29000,32000,23000,135000,71000,20000,28000,40000,27000,38000,288000,163000,27000,35000,52000,30000,37000,248000,116000,
symm: 134000,143000,372000,235000,224000,246000,707000,253000,256000,580000,
trans: 350000,389000,337000,440000,499000,347000,233000,290000,293000,602000,812000,736000,765000,797000,763000,735000,652000,663000,615000,620000,716000,616000,
choice: 39000,78000,
equiv1: 266000,
equiv2: 230000,
or_neg: 552000,622000,517000,450000,548000,606000,480000,
or_pos: 614000,
implies: 301000,569000,
parsing: 22089000,
qnt_join: 379000,944000,671000,
subproof: 1861000,3282000,
equiv_pos2: 248000,127000,149000,505000,577000,144000,522000,488000,576000,434000,
reordering: 877000,771000,822000,826000,
resolution: 385000,386000,382000,210000,241000,246000,258000,542000,440000,416000,417000,261000,365000,500000,765000,944000,477000,451000,725000,709000,730000,1013000,883000,959000,661000,643000,
sko_forall: 7394000,
contraction: 409000,1071000,926000,895000,
forall_inst: 10557000,1771000,
implies_neg1: 633000,841000,
implies_neg2: 405000,870000,
__local_input: 273000,283000,
equiv_simplify: 304000,416000,
miniscope_split: 476000,1060000,816000,
__normalized_input: 21459000,10433000,9730000,5454000,5542000,5639000,
rare_rewrite_eq-symm: 249000,216000,392000,584000,
rare_rewrite_bool-impl-elim: 6801000,6231000,6725000,12490000,12053000,11694000,12607000,11889000,11915000,
rare_rewrite_bool-double-not-elim: 490000,437000,

