1; Draft.Scratch_smt_check_7_2626; 2026-04-10 13:52:12.747;
bind: 174000,173000,361000,353000,225000,341000,492000,440000,
cong: 54000,61000,65000,210000,195000,133000,62000,65000,76000,50000,181000,152000,299000,114000,82000,152000,158000,81000,341000,270000,73000,76000,180000,70000,106000,124000,115000,92000,73000,183000,213000,
refl: 43000,39000,51000,67000,77000,
symm: 255000,137000,283000,240000,
false: 13000,
trans: 212000,168000,335000,310000,339000,152000,161000,157000,292000,316000,218000,389000,357000,266000,
choice: 55000,
equiv1: 159000,467000,431000,
equiv2: 132000,143000,495000,384000,332000,
or_neg: 407000,539000,343000,
or_pos: 669000,705000,
implies: 482000,
not_not: 155000,377000,
parsing: 6599000,
aci_simp: 1188000,1127000,
evaluate: 418000,
subproof: 2203000,
equiv_pos2: 78000,238000,46000,53000,179000,172000,219000,227000,447000,122000,130000,89000,204000,240000,54000,
reordering: 689000,1097000,1048000,508000,
resolution: 147000,187000,180000,199000,237000,220000,184000,192000,303000,317000,365000,326000,187000,194000,218000,235000,296000,371000,316000,224000,394000,490000,504000,387000,367000,577000,430000,474000,590000,671000,611000,418000,471000,434000,428000,435000,541000,613000,
sko_forall: 2175000,
contraction: 693000,543000,
forall_inst: 656000,906000,913000,2580000,1447000,
implies_neg1: 582000,
implies_neg2: 627000,
__local_input: 261000,
equiv_simplify: 211000,215000,233000,596000,608000,518000,584000,462000,
__normalized_input: 46662000,39244000,34098000,15257000,4136000,3332000,2201000,1148000,924000,1000000,569000,579000,698000,
rare_rewrite_eq-symm: 124000,352000,343000,519000,
rare_rewrite_bool-eq-true: 5427000,
rare_rewrite_bool-eq-false: 5412000,
rare_rewrite_bool-impl-elim: 5822000,5480000,6048000,
rare_rewrite_bool-and-de-morgan: 5639000,5573000,
rare_rewrite_bool-double-not-elim: 344000,

