1; Draft.Scratch_smt_check_7_20833; 2026-04-10 13:49:49.374;
and: 318000,329000,
bind: 1045000,1004000,632000,630000,325000,
cong: 617000,615000,1266000,1380000,551000,566000,561000,342000,325000,262000,210000,
refl: 205000,99000,70000,36000,43000,
trans: 2256000,1036000,1072000,1193000,1042000,1012000,618000,568000,596000,
implies: 1446000,
parsing: 57547000,
aci_simp: 2182000,1598000,2127000,3343000,
and_intro: 910000,239000,
equiv_pos2: 792000,129000,2628000,
resolution: 218000,711000,798000,432000,1180000,
connective_def: 1184000,
__normalized_input: 13713000,27533000,16224000,17569000,
rare_rewrite_eq-symm: 766000,135000,405000,
rare_rewrite_bool-impl-elim: 7550000,6489000,
rare_rewrite_bool-and-de-morgan: 7219000,8110000,6922000,

