1; Draft.Scratch_smt_check_7_13964; 2026-04-10 13:51:40.092;
bind: 587000,583000,594000,583000,569000,598000,609000,567000,
cong: 201000,198000,112000,205000,261000,93000,197000,212000,115000,200000,191000,92000,409000,215000,74000,92000,
refl: 86000,78000,33000,93000,83000,83000,84000,36000,95000,84000,
symm: 255000,308000,311000,
false: 22000,
trans: 312000,516000,523000,510000,429000,571000,521000,571000,419000,328000,
equiv2: 380000,371000,
or_pos: 525000,
implies: 518000,
not_not: 348000,
parsing: 3850000,
evaluate: 448000,
not_symm: 256000,
subproof: 2282000,
equiv_pos1: 103000,
equiv_pos2: 335000,358000,580000,70000,59000,
reordering: 703000,614000,
resolution: 385000,404000,402000,469000,472000,486000,672000,648000,752000,760000,477000,606000,485000,577000,420000,471000,
contraction: 770000,
forall_inst: 1534000,1427000,
implies_neg1: 654000,
implies_neg2: 728000,
__local_input: 380000,
equiv_simplify: 536000,532000,
__normalized_input: 44748000,11931000,4972000,649000,588000,694000,
rare_rewrite_eq-symm: 309000,269000,293000,278000,454000,
rare_rewrite_bool-impl-elim: 11476000,11611000,
rare_rewrite_bool-double-not-elim: 379000,291000,

