1; Draft.Scratch_smt_check_7_9658; 2026-04-10 13:46:45.337;
bind: 314000,411000,222000,176000,213000,167000,213000,233000,168000,238000,236000,181000,178000,174000,168000,248000,227000,359000,
cong: 229000,115000,56000,98000,99000,215000,72000,104000,100000,204000,70000,106000,54000,129000,117000,54000,41000,58000,70000,96000,99000,210000,64000,89000,59000,142000,123000,56000,39000,65000,97000,1047000,
refl: 87000,45000,24000,50000,47000,26000,87000,45000,
symm: 119000,154000,81000,129000,87000,239000,
trans: 243000,346000,316000,108000,125000,102000,194000,166000,98000,122000,129000,105000,198000,165000,101000,140000,
equiv1: 326000,
equiv2: 191000,183000,
or_neg: 318000,317000,292000,301000,292000,299000,
or_pos: 214000,211000,211000,
and_pos: 237000,257000,366000,353000,333000,343000,312000,331000,
implies: 197000,240000,467000,197000,
not_and: 343000,
not_not: 169000,
parsing: 34352000,
evaluate: 196000,
not_symm: 65000,59000,78000,
subproof: 1144000,1185000,1154000,1393000,1139000,
and_intro: 232000,
equiv_pos1: 81000,79000,77000,
equiv_pos2: 127000,222000,148000,110000,111000,243000,101000,116000,116000,256000,103000,142000,67000,135000,26000,108000,112000,240000,102000,149000,125000,225000,882000,
reordering: 282000,357000,493000,334000,269000,2320000,336000,271000,
resolution: 467000,351000,269000,417000,330000,328000,339000,440000,265000,183000,203000,283000,332000,349000,192000,248000,160000,230000,953000,3235000,319000,248000,308000,264000,446000,142000,187000,212000,188000,222000,287000,341000,326000,190000,245000,153000,206000,245000,196000,186000,199000,266000,207000,179000,161000,236000,619000,546000,1997000,217000,187000,205000,279000,340000,327000,190000,229000,157000,230000,195000,210000,292000,272000,299000,260000,429000,
contraction: 297000,1164000,291000,321000,298000,925000,847000,289000,
forall_inst: 1160000,1266000,795000,783000,797000,800000,742000,742000,707000,714000,792000,742000,772000,1287000,1323000,
implies_neg1: 285000,305000,333000,237000,1581000,
implies_neg2: 296000,214000,293000,605000,288000,
__local_input: 67000,68000,33000,51000,61000,68000,62000,37000,58000,31000,86000,
equiv_simplify: 285000,268000,
implies_simplify: 444000,
__normalized_input: 10975000,10854000,7462000,2624000,1629000,1573000,770000,951000,
rare_rewrite_eq-symm: 199000,243000,78000,62000,90000,62000,92000,226000,104000,69000,118000,67000,96000,220000,102000,78000,114000,133000,60000,91000,65000,93000,217000,102000,80000,273000,259000,
rare_rewrite_bool-impl-elim: 11087000,6133000,6196000,
rare_rewrite_bool-double-not-elim: 249000,165000,92000,135000,92000,279000,436000,

