1; Draft.Scratch_smt_check_7_23086; 2026-04-10 13:46:59.108;
and: 74000,78000,84000,82000,72000,93000,113000,70000,91000,151000,
bind: 303000,291000,309000,528000,
cong: 175000,118000,129000,187000,199000,79000,183000,129000,134000,264000,334000,139000,510000,452000,112000,145000,
refl: 30000,32000,
symm: 89000,89000,
trans: 268000,215000,231000,211000,194000,194000,189000,193000,91000,101000,253000,252000,245000,211000,215000,201000,359000,376000,
or_pos: 314000,
implies: 243000,
parsing: 28313000,
aci_simp: 1192000,1053000,969000,1161000,1366000,1084000,1962000,3095000,
subproof: 2215000,
equiv_pos2: 200000,402000,740000,
reordering: 430000,
resolution: 434000,306000,375000,345000,459000,644000,437000,315000,
contraction: 377000,
forall_inst: 4942000,
implies_neg1: 746000,
implies_neg2: 342000,
__local_input: 202000,
__normalized_input: 2231000,1993000,6018000,1578000,
rare_rewrite_eq-symm: 86000,95000,120000,141000,242000,223000,159000,212000,237000,
rare_rewrite_bool-impl-elim: 6368000,12760000,
rare_rewrite_bool-and-de-morgan: 5834000,6375000,6074000,6872000,26556000,12457000,

