1; Draft.Scratch_smt_check_7_4629; 2026-04-10 13:47:09.920;
bind: 519000,570000,537000,535000,261000,253000,278000,251000,478000,264000,244000,301000,260000,457000,13659000,457000,473000,446000,506000,466000,663000,690000,450000,533000,540000,550000,507000,269000,254000,304000,252000,
cong: 383000,364000,222000,408000,397000,343000,349000,382000,168000,156000,118000,126000,130000,175000,158000,301000,276000,167000,161000,127000,134000,134000,250000,291000,274000,247000,211000,196000,217000,1062000,500000,635000,290000,256000,279000,223000,216000,197000,441000,401000,268000,217000,227000,207000,239000,654000,619000,229000,419000,396000,353000,355000,385000,176000,159000,122000,129000,130000,
refl: 265000,233000,107000,25000,23000,44000,49000,89000,88000,474000,453000,124000,25000,24000,
symm: 87000,463000,136000,443000,
trans: 475000,565000,466000,503000,505000,499000,492000,468000,505000,472000,492000,486000,476000,489000,432000,219000,263000,233000,176000,227000,183000,209000,249000,221000,178000,223000,189000,213000,274000,409000,356000,394000,336000,668000,571000,615000,538000,380000,959000,958000,866000,1028000,965000,933000,934000,478000,524000,499000,536000,503000,482000,502000,420000,216000,238000,222000,181000,236000,178000,
choice: 25000,44000,60000,
or_neg: 181000,175000,210000,166000,246000,281000,223000,307000,420000,274000,
or_pos: 610000,788000,
and_pos: 315000,572000,
implies: 439000,923000,
parsing: 127854000,
aci_simp: 1392000,1530000,1588000,1331000,1243000,2438000,2710000,1587000,1655000,1378000,1260000,
qnt_join: 515000,587000,
subproof: 1407000,4153000,
poly_simp: 2447000,1992000,1811000,2504000,3456000,4371000,3180000,3295000,2406000,1980000,
equiv_pos2: 34000,393000,178000,157000,358000,728000,1482000,226000,435000,569000,247000,247000,56000,395000,
reordering: 425000,218000,364000,1141000,835000,1003000,372000,1278000,
resolution: 374000,413000,213000,431000,197000,151000,311000,301000,263000,312000,210000,308000,299000,447000,558000,752000,623000,298000,417000,277000,413000,498000,294000,456000,504000,613000,567000,447000,568000,1385000,1417000,785000,711000,407000,
sko_forall: 1389000,3390000,
contraction: 261000,708000,409000,446000,1418000,
forall_inst: 2063000,1681000,1096000,
implies_neg1: 1242000,716000,
implies_neg2: 744000,1237000,
__local_input: 251000,132000,
poly_simp_rel: 1064000,1128000,1073000,1058000,2011000,2019000,1066000,1078000,
connective_def: 373000,327000,583000,531000,327000,
miniscope_split: 651000,958000,657000,1217000,
__normalized_input: 1249000,824000,656000,912000,964000,579000,
rare_rewrite_arith-elim-lt: 5956000,6077000,11817000,6214000,
rare_rewrite_bool-eq-false: 5983000,11360000,
rare_rewrite_arith-elim-leq: 6050000,6369000,11850000,6207000,
rare_rewrite_bool-impl-elim: 7093000,6162000,6441000,11981000,12568000,7153000,6482000,
rare_rewrite_bool-and-de-morgan: 6562000,6639000,6144000,6248000,11998000,12344000,11603000,6797000,7639000,7067000,
rare_rewrite_bool-double-not-elim: 271000,194000,87000,201000,375000,207000,397000,214000,249000,209000,

