1; Draft.Scratch_smt_check_7_25018; 2026-04-10 13:47:09.491;
cong: 126000,140000,90000,155000,248000,148000,218000,
refl: 30000,
symm: 115000,185000,214000,230000,
false: 13000,
trans: 206000,222000,220000,214000,240000,242000,239000,123000,253000,295000,
equiv1: 111000,
implies: 247000,
parsing: 2126000,
evaluate: 348000,202000,279000,600000,429000,
and_intro: 178000,
poly_simp: 2822000,2144000,2334000,1918000,2136000,5438000,
equiv_pos2: 96000,99000,121000,168000,
la_generic: 9003000,
resolution: 140000,214000,312000,257000,259000,275000,331000,213000,
la_mult_neg: 368000,
poly_simp_rel: 1089000,1297000,1359000,
equiv_simplify: 207000,
__normalized_input: 3024000,3230000,
rare_rewrite_arith-elim-gt: 8154000,
rare_rewrite_arith-elim-lt: 8016000,
rare_rewrite_arith-elim-leq: 8047000,7145000,

