1; Draft.Scratch_smt_check_7_25255; 2026-04-10 13:42:47.852;
bind: 332000,547000,399000,380000,352000,389000,577000,608000,
cong: 142000,204000,90000,129000,234000,203000,82000,279000,
refl: 54000,91000,46000,97000,90000,113000,
trans: 234000,157000,175000,415000,380000,
equiv1: 143000,
equiv2: 171000,
or_neg: 261000,231000,214000,
or_pos: 335000,307000,276000,306000,332000,326000,
and_neg: 268000,
and_pos: 155000,165000,
implies: 210000,
not_not: 174000,
parsing: 10577000,
subproof: 1956000,
equiv_pos2: 437000,319000,319000,259000,321000,443000,212000,
reordering: 416000,405000,349000,345000,409000,403000,409000,
resolution: 156000,157000,200000,291000,278000,346000,390000,258000,323000,369000,256000,317000,357000,533000,544000,519000,371000,349000,621000,294000,240000,285000,393000,380000,275000,278000,366000,481000,
contraction: 438000,276000,326000,
forall_inst: 1390000,1249000,1241000,1172000,1324000,1400000,
implies_neg1: 219000,
implies_neg2: 213000,
__local_input: 42000,23000,
equiv_simplify: 288000,274000,
__normalized_input: 1370000,1337000,1030000,1240000,781000,1000000,
rare_rewrite_eq-symm: 109000,118000,
rare_rewrite_bool-impl-elim: 19398000,10952000,10630000,10735000,19443000,11198000,
rare_rewrite_bool-double-not-elim: 89000,133000,169000,

