1; Draft.Scratch_smt_check_7_28772; 2026-04-10 13:44:30.906;
bind: 242000,247000,410000,398000,397000,426000,
cong: 136000,137000,
refl: 46000,42000,
trans: 134000,165000,135000,157000,
or_pos: 271000,498000,307000,281000,460000,472000,480000,305000,301000,
implies: 258000,
parsing: 34005000,
aci_simp: 1045000,1078000,
subproof: 2418000,
equiv_pos2: 169000,414000,293000,300000,265000,297000,
reordering: 398000,847000,409000,419000,673000,784000,705000,400000,376000,
resolution: 176000,230000,234000,297000,189000,255000,203000,233000,286000,265000,217000,284000,275000,402000,437000,321000,271000,344000,416000,265000,318000,397000,286000,320000,387000,503000,517000,315000,420000,
contraction: 453000,
forall_inst: 743000,773000,826000,843000,1386000,1403000,1471000,1244000,1334000,1226000,1247000,
implies_neg1: 423000,
implies_neg2: 362000,
__local_input: 92000,
__normalized_input: 1394000,5522000,1122000,1207000,1007000,1087000,1054000,4208000,
rare_rewrite_bool-impl-elim: 6161000,11649000,11912000,11633000,11194000,11900000,
rare_rewrite_bool-and-de-morgan: 5864000,23691000,

