1; Draft.Scratch_smt_check_7_6787; 2026-04-10 13:49:45.896;
bind: 235000,254000,224000,240000,224000,237000,
cong: 123000,117000,63000,71000,121000,118000,62000,71000,333000,
refl: 32000,35000,91000,58000,
symm: 191000,126000,127000,
trans: 119000,209000,212000,
equiv1: 483000,283000,
equiv2: 276000,211000,210000,
or_neg: 295000,275000,336000,
and_pos: 354000,372000,398000,326000,358000,
implies: 502000,
not_and: 270000,
not_not: 180000,175000,
parsing: 4386000,
evaluate: 206000,
not_symm: 149000,193000,150000,
subproof: 1204000,1405000,
and_intro: 303000,
equiv_pos2: 166000,140000,144000,150000,26000,141000,149000,380000,
reordering: 670000,1218000,
resolution: 203000,190000,244000,220000,257000,497000,625000,313000,316000,413000,340000,559000,166000,222000,244000,245000,209000,264000,191000,258000,670000,584000,981000,220000,246000,241000,242000,279000,186000,300000,
contraction: 536000,406000,424000,687000,712000,
forall_inst: 719000,837000,812000,806000,808000,768000,
implies_neg1: 495000,739000,
implies_neg2: 314000,730000,
__local_input: 53000,108000,56000,43000,77000,
equiv_simplify: 347000,297000,286000,384000,
implies_simplify: 579000,
__normalized_input: 1002000,1005000,752000,
rare_rewrite_eq-symm: 184000,167000,166000,177000,163000,180000,
rare_rewrite_bool-double-not-elim: 221000,

