1; Draft.Scratch_smt_check_7_22086; 2026-04-10 13:49:44.888;
bind: 152000,150000,143000,163000,165000,146000,
cong: 267000,122000,92000,82000,99000,111000,94000,60000,103000,318000,
refl: 26000,44000,57000,35000,77000,
symm: 131000,189000,178000,
trans: 111000,156000,149000,175000,180000,152000,154000,175000,178000,
equiv1: 241000,170000,
equiv2: 159000,163000,165000,
or_neg: 263000,255000,288000,277000,
and_pos: 186000,196000,285000,268000,313000,310000,
implies: 473000,353000,
not_and: 275000,
not_not: 156000,157000,
parsing: 17794000,
evaluate: 208000,
subproof: 2164000,1285000,1288000,
and_intro: 177000,
equiv_pos2: 329000,84000,85000,87000,93000,87000,28000,94000,86000,81000,347000,
reordering: 368000,1208000,
resolution: 402000,362000,600000,719000,629000,377000,165000,213000,175000,227000,606000,1729000,302000,226000,267000,246000,395000,177000,189000,181000,226000,208000,195000,250000,211000,174000,279000,499000,433000,1081000,201000,217000,219000,240000,242000,166000,253000,182000,269000,
contraction: 758000,615000,234000,265000,476000,593000,
forall_inst: 794000,934000,736000,670000,814000,713000,797000,711000,764000,
implies_neg1: 335000,248000,557000,
implies_neg2: 621000,180000,454000,
__local_input: 74000,39000,96000,31000,28000,112000,45000,
equiv_simplify: 221000,253000,250000,249000,
implies_simplify: 328000,
__normalized_input: 577000,674000,530000,705000,
rare_rewrite_eq-symm: 238000,126000,131000,121000,140000,169000,134000,174000,126000,
rare_rewrite_bool-eq-false: 5909000,6218000,5909000,6258000,
rare_rewrite_bool-double-not-elim: 193000,

