1; Draft.Scratch_smt_check_7_17523; 2026-04-10 13:49:44.828;
bind: 1050000,950000,951000,518000,264000,249000,447000,251000,
cong: 375000,598000,516000,278000,151000,142000,193000,154000,153000,153000,142000,193000,153000,152000,170000,289000,
refl: 205000,179000,246000,
symm: 919000,
trans: 963000,931000,942000,952000,925000,1040000,324000,234000,257000,211000,230000,204000,238000,261000,235000,217000,206000,306000,
choice: 62000,
or_neg: 180000,212000,175000,186000,224000,189000,188000,219000,177000,
or_pos: 466000,
and_pos: 425000,442000,260000,
not_and: 212000,
parsing: 38830000,
aci_simp: 2933000,1243000,1046000,1057000,1090000,1129000,1158000,
qnt_join: 957000,
equiv_pos2: 375000,153000,155000,150000,158000,154000,200000,
reordering: 706000,625000,255000,271000,246000,626000,311000,
resolution: 341000,328000,329000,359000,616000,804000,817000,199000,309000,371000,202000,314000,400000,178000,331000,321000,296000,371000,353000,
sko_forall: 1312000,
contraction: 285000,290000,290000,
forall_inst: 1109000,
connective_def: 318000,311000,
miniscope_split: 1172000,
__normalized_input: 2043000,840000,800000,
rare_rewrite_eq-symm: 149000,147000,165000,107000,118000,126000,102000,105000,126000,139000,140000,155000,
rare_rewrite_bool-impl-elim: 8566000,
rare_rewrite_bool-and-de-morgan: 5973000,6603000,6007000,6493000,
rare_rewrite_bool-double-not-elim: 607000,120000,131000,193000,

