1; Draft.Scratch_smt_check_7_2345; 2026-04-10 13:49:46.091;
bind: 412000,374000,389000,383000,282000,241000,148000,158000,160000,177000,144000,386000,351000,376000,372000,264000,245000,304000,263000,269000,294000,268000,252000,160000,380000,401000,357000,375000,258000,242000,292000,255000,240000,293000,264000,242000,158000,185000,161000,393000,356000,365000,375000,263000,241000,311000,270000,251000,312000,259000,258000,158000,179000,147000,537000,481000,502000,526000,268000,526000,789000,725000,726000,811000,481000,481000,
cong: 142000,269000,252000,160000,140000,197000,456000,128000,133000,123000,73000,57000,155000,88000,231000,474000,139000,258000,247000,152000,142000,214000,177000,177000,208000,153000,139000,192000,206000,160000,140000,196000,344000,169000,183000,142000,257000,254000,150000,141000,191000,175000,178000,206000,145000,139000,204000,211000,151000,133000,189000,343000,173000,189000,147000,114000,142000,269000,247000,154000,137000,192000,177000,180000,213000,154000,141000,212000,237000,156000,140000,194000,342000,164000,173000,119000,87000,128000,132000,81000,72000,1229000,262000,298000,448000,202000,352000,357000,275000,156000,146000,300000,278000,445000,496000,258000,220000,320000,
refl: 54000,93000,65000,49000,132000,50000,93000,61000,110000,52000,95000,59000,104000,53000,101000,64000,97000,88000,105000,95000,116000,106000,201000,113000,
symm: 344000,183000,144000,158000,148000,333000,333000,297000,232000,174000,176000,333000,176000,234000,172000,468000,694000,
trans: 365000,369000,376000,371000,362000,387000,242000,246000,229000,236000,204000,225000,162000,245000,354000,358000,360000,360000,362000,358000,245000,244000,218000,228000,208000,235000,248000,231000,222000,208000,239000,280000,222000,233000,212000,355000,347000,351000,355000,342000,365000,234000,239000,216000,223000,223000,230000,241000,216000,256000,212000,240000,245000,239000,224000,207000,247000,321000,263000,185000,346000,347000,359000,361000,341000,356000,242000,259000,219000,230000,208000,266000,250000,222000,228000,217000,233000,238000,211000,229000,240000,193000,494000,504000,509000,498000,488000,511000,361000,250000,248000,220000,237000,398000,757000,721000,726000,744000,712000,786000,480000,478000,436000,429000,404000,
choice: 55000,80000,
equiv1: 263000,270000,253000,253000,
equiv2: 284000,
or_neg: 401000,424000,218000,232000,186000,212000,277000,204000,206000,231000,180000,516000,522000,477000,508000,536000,490000,519000,216000,236000,187000,200000,236000,200000,211000,243000,200000,207000,245000,197000,212000,259000,209000,208000,242000,192000,251000,309000,220000,254000,308000,228000,252000,304000,240000,
or_pos: 363000,372000,373000,1238000,694000,
and_neg: 571000,693000,
and_pos: 522000,465000,536000,490000,527000,484000,491000,530000,472000,535000,617000,567000,616000,598000,559000,577000,9729000,566000,638000,604000,536000,607000,409000,
implies: 406000,577000,581000,399000,313000,666000,307000,653000,309000,807000,
not_not: 219000,
parsing: 79105000,
aci_simp: 1362000,1024000,1077000,1333000,1040000,1028000,1054000,1038000,1026000,1038000,1303000,1014000,997000,1005000,1011000,1012000,1031000,1343000,1027000,1031000,1036000,1076000,1035000,1038000,1586000,1184000,1047000,2090000,2598000,2062000,2162000,
qnt_join: 385000,406000,381000,404000,517000,789000,
subproof: 1288000,1513000,1551000,1306000,1257000,1659000,1207000,1603000,1291000,2584000,
and_intro: 494000,640000,
equiv_pos2: 275000,557000,198000,82000,85000,86000,256000,509000,104000,84000,270000,194000,189000,205000,211000,421000,87000,130000,184000,189000,263000,187000,187000,203000,208000,422000,90000,126000,190000,216000,108000,85000,266000,196000,190000,203000,204000,410000,86000,121000,185000,190000,103000,82000,828000,293000,292000,304000,813000,531000,
reordering: 686000,858000,2716000,2675000,284000,280000,469000,283000,537000,976000,3856000,317000,285000,464000,292000,580000,3835000,289000,281000,476000,294000,539000,378000,403000,374000,550000,2426000,1150000,
resolution: 379000,373000,406000,2327000,372000,487000,607000,580000,348000,195000,229000,863000,768000,627000,1892000,254000,202000,230000,775000,663000,1946000,195000,260000,567000,645000,712000,550000,433000,226000,213000,227000,182000,214000,308000,406000,351000,208000,344000,378000,204000,336000,389000,179000,327000,223000,265000,259000,347000,444000,485000,491000,260000,347000,165000,244000,322000,402000,1370000,5242000,1070000,830000,709000,2709000,257000,302000,411000,349000,208000,327000,365000,198000,325000,374000,188000,353000,221000,270000,256000,326000,409000,492000,450000,249000,322000,166000,259000,340000,417000,227000,228000,243000,181000,265000,842000,682000,2796000,224000,217000,326000,226000,295000,405000,348000,208000,331000,375000,202000,335000,382000,198000,363000,228000,272000,260000,350000,436000,498000,458000,257000,350000,171000,246000,333000,424000,220000,236000,170000,256000,380000,494000,393000,484000,427000,480000,570000,441000,1127000,1311000,773000,665000,
sko_forall: 1854000,1422000,1442000,1405000,
contraction: 600000,793000,1016000,790000,987000,597000,622000,316000,318000,468000,313000,2164000,912000,1261000,317000,311000,479000,338000,912000,1236000,322000,330000,481000,320000,420000,429000,426000,1095000,
forall_inst: 1002000,790000,771000,816000,765000,782000,717000,1047000,873000,716000,984000,857000,707000,804000,839000,781000,810000,1004000,898000,703000,784000,743000,2508000,1846000,
implies_neg1: 515000,984000,982000,544000,420000,407000,420000,1114000,1104000,1078000,
implies_neg2: 635000,735000,722000,547000,444000,759000,443000,753000,450000,1059000,
__local_input: 137000,43000,43000,54000,31000,55000,58000,34000,56000,44000,99000,125000,131000,137000,141000,39000,39000,49000,56000,36000,68000,58000,32000,56000,51000,43000,89000,250000,
connective_def: 312000,307000,317000,341000,305000,300000,311000,304000,318000,318000,621000,680000,
equiv_simplify: 365000,351000,
miniscope_split: 515000,481000,465000,474000,634000,939000,
__normalized_input: 10385000,10596000,9634000,6297000,6487000,4815000,1565000,1340000,1314000,1431000,
rare_rewrite_eq-symm: 194000,101000,107000,126000,504000,122000,128000,134000,156000,124000,177000,102000,107000,128000,144000,106000,107000,126000,112000,113000,110000,124000,325000,132000,176000,100000,102000,117000,103000,103000,106000,124000,109000,107000,113000,127000,314000,138000,151000,130000,176000,107000,116000,148000,127000,110000,118000,123000,118000,111000,120000,135000,327000,137000,157000,134000,142000,148000,165000,234000,218000,236000,392000,270000,228000,312000,
rare_rewrite_bool-impl-elim: 6484000,6458000,6454000,6556000,7052000,12890000,
rare_rewrite_bool-and-de-morgan: 6249000,6459000,5841000,6227000,5733000,6246000,5978000,15466000,5803000,6168000,5639000,6041000,5732000,6077000,6018000,6290000,5970000,6204000,6024000,6341000,6570000,37389000,11769000,12060000,
rare_rewrite_bool-double-not-elim: 253000,379000,247000,137000,140000,144000,253000,135000,148000,150000,277000,143000,146000,150000,283000,174000,168000,177000,268000,505000,

