1; Draft.Scratch_smt_check_7_13148; 2026-04-10 13:49:45.744;
cong: 319000,265000,397000,219000,122000,75000,112000,221000,126000,72000,173000,305000,
refl: 51000,39000,60000,
symm: 141000,202000,204000,
trans: 118000,160000,196000,197000,151000,201000,235000,
equiv1: 272000,178000,
equiv2: 174000,175000,185000,
or_neg: 286000,248000,262000,271000,
and_pos: 206000,224000,289000,264000,285000,299000,
implies: 344000,286000,410000,221000,364000,213000,
not_and: 276000,
not_not: 170000,175000,
parsing: 16798000,
evaluate: 215000,
subproof: 2094000,2057000,2217000,1133000,1073000,1280000,1073000,
and_intro: 212000,
equiv_pos2: 381000,315000,558000,276000,102000,29000,268000,102000,304000,
reordering: 425000,1222000,
resolution: 415000,333000,498000,620000,568000,356000,310000,459000,535000,476000,349000,338000,548000,662000,591000,458000,604000,1825000,285000,266000,288000,280000,464000,164000,200000,198000,321000,357000,340000,229000,220000,186000,261000,205000,233000,521000,460000,1103000,187000,312000,358000,328000,206000,191000,212000,188000,257000,213000,226000,
contraction: 525000,469000,625000,620000,275000,287000,320000,519000,583000,328000,
forall_inst: 1332000,1274000,1408000,801000,694000,734000,781000,706000,752000,
implies_neg1: 424000,393000,562000,291000,285000,290000,569000,
implies_neg2: 464000,365000,535000,200000,273000,479000,275000,
__local_input: 86000,88000,115000,69000,41000,89000,68000,35000,28000,68000,39000,
equiv_simplify: 262000,251000,270000,265000,
implies_simplify: 361000,
__normalized_input: 662000,577000,664000,
rare_rewrite_eq-symm: 379000,263000,395000,188000,189000,
rare_rewrite_bool-eq-false: 6050000,6144000,6104000,6204000,
rare_rewrite_bool-double-not-elim: 185000,

