1; Draft.Scratch_smt_check_7_15309; 2026-04-10 13:49:46.945;
and: 105000,104000,97000,129000,96000,127000,101000,138000,156000,139000,106000,116000,122000,100000,132000,126000,93000,120000,129000,139000,124000,134000,132000,99000,105000,129000,
bind: 662000,514000,474000,475000,495000,238000,228000,660000,508000,481000,484000,514000,245000,233000,305000,412000,371000,335000,343000,343000,256000,245000,278000,250000,231000,196000,192000,158000,198000,190000,158000,169000,140000,216000,216000,161000,148000,174000,155000,804000,522000,489000,487000,505000,274000,236000,680000,526000,870000,486000,498000,252000,238000,324000,437000,384000,346000,359000,368000,265000,249000,301000,252000,237000,322000,432000,412000,365000,359000,352000,8979000,245000,304000,252000,234000,671000,515000,489000,486000,502000,255000,235000,708000,525000,489000,503000,512000,264000,243000,
cong: 510000,57000,71000,58000,78000,59000,73000,322000,104000,99000,68000,107000,79000,116000,82000,106000,207000,337000,333000,266000,150000,125000,190000,513000,62000,84000,64000,77000,66000,88000,331000,108000,98000,67000,104000,74000,109000,85000,104000,196000,343000,351000,279000,156000,127000,182000,776000,481000,59000,67000,99000,279000,58000,71000,60000,75000,63000,94000,123000,233000,212000,153000,134000,185000,208000,189000,159000,208000,57000,72000,57000,76000,62000,89000,149000,129000,185000,179000,192000,118000,98000,73000,62000,72000,108000,94000,67000,67000,71000,309000,267000,59000,60000,114000,114000,576000,504000,161000,197000,131000,118000,110000,69000,90000,89000,65000,60000,63000,160000,144000,70000,64000,67000,310000,339000,138000,321000,489000,179000,507000,58000,74000,61000,78000,65000,81000,325000,107000,107000,68000,108000,77000,114000,81000,98000,87000,82000,238000,354000,331000,277000,158000,139000,192000,497000,57000,72000,57000,72000,63000,79000,350000,110000,110000,72000,112000,80000,115000,80000,93000,85000,69000,197000,341000,334000,277000,145000,140000,192000,779000,467000,62000,74000,97000,282000,59000,73000,59000,82000,67000,98000,122000,232000,227000,152000,138000,199000,194000,189000,168000,211000,64000,83000,65000,86000,60000,86000,144000,140000,192000,185000,208000,278000,65000,78000,86000,75000,62000,96000,126000,239000,221000,216000,146000,193000,207000,199000,164000,210000,117000,70000,59000,73000,62000,86000,151000,137000,186000,180000,198000,503000,57000,73000,58000,72000,60000,77000,327000,117000,104000,74000,113000,74000,115000,75000,87000,79000,61000,201000,338000,336000,266000,148000,133000,198000,512000,64000,79000,57000,72000,60000,77000,327000,115000,105000,74000,117000,79000,113000,80000,93000,81000,69000,206000,349000,349000,286000,152000,147000,189000,785000,459000,64000,69000,94000,477000,
refl: 22000,23000,24000,21000,106000,95000,115000,26000,26000,28000,20000,104000,93000,115000,42000,29000,24000,25000,31000,37000,94000,43000,38000,24000,24000,30000,37000,21000,35000,17000,83000,46000,43000,208000,30000,24000,17000,80000,24000,27000,29000,19000,107000,97000,117000,23000,28000,27000,19000,111000,94000,111000,42000,28000,24000,26000,29000,36000,96000,41000,40000,31000,60000,28000,25000,24000,28000,36000,95000,48000,42000,22000,22000,28000,22000,23000,32000,17000,109000,91000,113000,26000,24000,31000,18000,108000,112000,115000,40000,29000,
symm: 451000,460000,291000,88000,141000,90000,135000,128000,118000,186000,102000,461000,97000,455000,95000,270000,96000,97000,287000,88000,95000,97000,299000,95000,96000,451000,96000,454000,93000,
trans: 634000,478000,475000,478000,479000,473000,474000,313000,232000,238000,214000,210000,196000,623000,478000,475000,486000,483000,476000,481000,327000,236000,236000,216000,220000,194000,623000,117000,122000,143000,380000,314000,328000,316000,318000,300000,300000,229000,239000,219000,221000,205000,272000,238000,238000,215000,216000,208000,167000,174000,161000,165000,189000,186000,170000,180000,425000,156000,852000,166000,236000,172000,168000,202000,197000,673000,490000,489000,493000,476000,484000,495000,316000,248000,250000,214000,233000,202000,618000,476000,479000,487000,494000,493000,483000,336000,229000,248000,211000,220000,197000,633000,117000,129000,134000,370000,479000,315000,321000,319000,300000,305000,237000,242000,221000,236000,208000,276000,226000,236000,233000,231000,207000,365000,324000,333000,335000,337000,301000,313000,243000,262000,453000,229000,235000,278000,243000,250000,209000,229000,204000,615000,491000,491000,483000,487000,479000,481000,310000,239000,239000,215000,216000,199000,622000,480000,486000,489000,488000,481000,511000,317000,238000,237000,222000,238000,209000,623000,109000,122000,141000,
choice: 86000,
equiv1: 240000,647000,
equiv2: 237000,272000,321000,
or_neg: 216000,251000,197000,221000,265000,205000,221000,252000,198000,331000,336000,361000,333000,358000,329000,217000,251000,198000,209000,256000,201000,219000,252000,192000,232000,258000,195000,214000,272000,230000,221000,250000,196000,
or_pos: 470000,411000,405000,461000,419000,407000,407000,417000,461000,
and_neg: 543000,385000,
and_pos: 330000,429000,476000,453000,546000,429000,441000,456000,509000,434000,340000,390000,375000,351000,470000,421000,471000,340000,416000,454000,414000,336000,
implies: 655000,308000,510000,571000,520000,294000,371000,280000,365000,295000,649000,697000,658000,
not_and: 327000,
not_not: 205000,201000,
parsing: 263404000,
aci_simp: 1461000,1095000,976000,1029000,1502000,1127000,996000,1015000,1399000,1215000,1010000,1050000,1010000,1053000,1607000,1218000,1216000,1072000,1593000,1138000,1015000,1020000,1464000,1291000,1032000,1013000,1033000,1104000,1310000,1043000,1077000,1019000,1028000,1518000,1156000,1009000,1061000,1568000,1170000,1101000,1043000,1454000,
evaluate: 186000,203000,243000,210000,
qnt_join: 484000,504000,364000,499000,635000,353000,380000,491000,513000,
subproof: 1647000,1248000,1695000,1519000,1442000,1226000,1270000,1216000,1324000,1249000,1368000,1680000,1641000,1708000,
and_intro: 11797000,295000,501000,
equiv_pos1: 294000,145000,
equiv_pos2: 459000,464000,996000,56000,179000,275000,210000,214000,172000,198000,228000,101000,104000,374000,97000,140000,139000,711000,198000,93000,91000,389000,389000,409000,463000,462000,473000,1038000,61000,182000,280000,214000,215000,172000,210000,222000,32000,194000,285000,224000,215000,179000,212000,217000,470000,458000,983000,57000,484000,
reordering: 714000,448000,301000,300000,297000,684000,698000,571000,1051000,757000,1963000,1944000,761000,764000,559000,1290000,716000,470000,299000,336000,295000,698000,743000,1671000,301000,304000,336000,677000,700000,732000,473000,
resolution: 211000,203000,331000,389000,497000,716000,1019000,1017000,528000,523000,200000,275000,335000,284000,347000,458000,364000,240000,341000,391000,196000,344000,397000,192000,360000,318000,338000,404000,275000,255000,238000,392000,462000,465000,281000,272000,258000,325000,193000,218000,313000,399000,299000,593000,756000,737000,406000,290000,342000,355000,205000,723000,712000,579000,1438000,318000,198000,245000,205000,717000,570000,1408000,244000,197000,196000,248000,238000,377000,452000,428000,248000,579000,760000,510000,520000,441000,635000,268000,237000,379000,469000,439000,266000,527000,460000,664000,220000,205000,307000,251000,403000,477000,453000,298000,582000,771000,376000,380000,519000,414000,962000,165000,202000,295000,209000,335000,389000,543000,705000,1016000,1076000,520000,510000,204000,233000,290000,347000,338000,334000,454000,370000,200000,335000,380000,211000,342000,390000,215000,350000,336000,345000,480000,924000,772000,1131000,282000,348000,324000,333000,471000,369000,209000,348000,402000,231000,354000,401000,198000,352000,354000,324000,440000,211000,327000,378000,535000,728000,1019000,1023000,526000,534000,230000,
sko_forall: 1557000,1554000,1514000,
contraction: 1016000,333000,343000,328000,446000,735000,727000,861000,721000,844000,424000,662000,542000,514000,429000,503000,521000,443000,722000,573000,649000,1031000,337000,360000,346000,955000,1023000,353000,349000,334000,1031000,
forall_inst: 1298000,1008000,1042000,918000,750000,1208000,794000,729000,784000,839000,769000,802000,879000,908000,913000,1336000,1060000,1124000,1057000,1172000,1343000,
implies_neg1: 1083000,371000,606000,853000,864000,397000,372000,378000,583000,598000,1093000,652000,1056000,941000,
implies_neg2: 1039000,476000,926000,670000,705000,451000,463000,438000,472000,434000,401000,1042000,970000,1041000,
__local_input: 207000,105000,119000,43000,46000,61000,47000,47000,45000,87000,84000,69000,77000,66000,77000,79000,78000,116000,210000,66000,44000,100000,288000,58000,58000,126000,
connective_def: 304000,296000,301000,308000,298000,304000,311000,297000,312000,352000,307000,407000,
equiv_simplify: 324000,317000,359000,418000,
miniscope_split: 622000,604000,417000,619000,626000,442000,430000,617000,631000,
implies_simplify: 744000,
__normalized_input: 24696000,4607000,2790000,2538000,2333000,2126000,2230000,2031000,1353000,1590000,
rare_rewrite_eq-refl: 100000,110000,101000,117000,114000,113000,
rare_rewrite_eq-symm: 141000,141000,144000,104000,105000,121000,147000,142000,172000,103000,112000,120000,115000,106000,105000,121000,101000,106000,115000,155000,105000,179000,91000,156000,105000,162000,97000,218000,401000,119000,99000,97000,778000,317000,129000,127000,330000,328000,323000,148000,150000,170000,100000,103000,129000,140000,141000,157000,101000,103000,125000,118000,106000,116000,130000,108000,106000,124000,100000,128000,127000,102000,108000,120000,137000,135000,157000,99000,102000,128000,159000,138000,159000,108000,107000,123000,119000,
rare_rewrite_bool-impl-elim: 6713000,7201000,6327000,6460000,7114000,6779000,7029000,6311000,6126000,6657000,6683000,7130000,
rare_rewrite_bool-and-de-morgan: 6014000,6285000,6074000,6559000,6149000,7868000,6068000,6477000,5762000,6054000,5756000,6061000,5801000,6317000,5997000,6260000,6087000,6381000,5878000,6246000,5698000,6139000,6137000,6143000,
rare_rewrite_bool-double-not-elim: 268000,234000,243000,135000,145000,145000,235000,261000,238000,243000,145000,152000,149000,299000,147000,150000,142000,237000,268000,263000,

