1; Draft.Scratch_smt_check_7_16145; 2026-04-10 13:49:45.210;
bind: 166000,221000,238000,147000,220000,160000,
cong: 95000,86000,104000,73000,59000,114000,86000,110000,72000,61000,113000,259000,
refl: 30000,17000,31000,17000,65000,
symm: 158000,107000,211000,103000,213000,
trans: 119000,180000,199000,201000,175000,201000,199000,
equiv1: 300000,197000,
equiv2: 178000,162000,160000,
or_neg: 223000,217000,230000,
and_pos: 221000,231000,231000,225000,216000,
implies: 309000,
not_and: 223000,
not_not: 165000,171000,
parsing: 7761000,
evaluate: 217000,
subproof: 1190000,1408000,
and_intro: 220000,
equiv_pos1: 77000,65000,70000,
equiv_pos2: 85000,133000,132000,86000,100000,27000,131000,85000,100000,205000,
reordering: 310000,295000,445000,357000,749000,349000,
resolution: 207000,180000,231000,221000,198000,285000,207000,432000,475000,248000,253000,297000,270000,445000,175000,193000,229000,218000,183000,223000,199000,266000,237000,165000,257000,442000,416000,763000,188000,224000,176000,220000,198000,271000,242000,175000,272000,257000,
contraction: 398000,272000,293000,417000,458000,
forall_inst: 752000,818000,826000,840000,811000,700000,815000,714000,834000,
implies_neg1: 290000,448000,
implies_neg2: 203000,415000,
__local_input: 65000,93000,36000,44000,77000,
equiv_simplify: 263000,244000,255000,291000,
implies_simplify: 363000,
__normalized_input: 890000,944000,824000,825000,
rare_rewrite_eq-symm: 130000,134000,128000,134000,202000,144000,128000,203000,
rare_rewrite_bool-eq-false: 6106000,6290000,6212000,6663000,
rare_rewrite_bool-double-not-elim: 207000,

