1; Draft.Scratch_smt_check_7_22938; 2026-04-10 13:49:45.606;
bind: 385000,373000,356000,384000,307000,487000,512000,489000,520000,1612000,619000,577000,586000,588000,476000,302000,275000,267000,
cong: 126000,247000,227000,175000,232000,309000,265000,287000,266000,238000,313000,265000,267000,238000,177000,241000,376000,350000,251000,158000,193000,150000,146000,62000,57000,154000,144000,204000,153000,164000,
refl: 35000,94000,47000,42000,61000,43000,168000,57000,52000,
symm: 363000,587000,124000,
trans: 338000,383000,345000,339000,341000,317000,257000,272000,279000,477000,463000,477000,489000,439000,479000,629000,358000,442000,319000,356000,600000,666000,582000,565000,556000,569000,469000,471000,416000,236000,211000,121000,243000,256000,229000,245000,218000,
choice: 31000,66000,
equiv1: 388000,164000,
equiv2: 263000,104000,
or_neg: 407000,451000,416000,390000,442000,378000,422000,425000,349000,199000,218000,172000,195000,226000,231000,195000,235000,198000,
or_pos: 589000,425000,309000,330000,
not_not: 327000,
parsing: 36144000,
aci_simp: 1363000,10502000,2046000,2246000,1987000,2101000,2290000,1658000,1069000,1090000,1305000,
qnt_join: 394000,603000,
equiv_pos2: 487000,341000,326000,314000,302000,333000,337000,222000,216000,153000,158000,162000,162000,260000,
reordering: 518000,525000,477000,933000,735000,258000,260000,430000,261000,434000,
resolution: 323000,354000,442000,401000,377000,599000,679000,407000,595000,711000,362000,616000,571000,555000,685000,558000,522000,369000,322000,395000,445000,454000,418000,361000,286000,491000,658000,587000,205000,327000,361000,196000,325000,384000,192000,345000,347000,301000,400000,
sko_forall: 2409000,1351000,
contraction: 604000,602000,569000,289000,312000,289000,
forall_inst: 1659000,1719000,1433000,1103000,
connective_def: 619000,682000,313000,322000,
equiv_simplify: 399000,513000,188000,230000,
miniscope_split: 434000,769000,
__normalized_input: 4645000,1551000,1388000,1367000,1634000,747000,621000,680000,
rare_rewrite_eq-symm: 245000,231000,253000,212000,239000,250000,114000,112000,151000,114000,125000,163000,
rare_rewrite_bool-impl-elim: 7481000,11804000,12243000,12352000,
rare_rewrite_bool-and-de-morgan: 12272000,12329000,12664000,13010000,11656000,6187000,6794000,6458000,6551000,
rare_rewrite_bool-double-not-elim: 286000,282000,321000,269000,496000,141000,129000,140000,

