1; Draft.Scratch_smt_check_7_26152; 2026-04-10 13:45:55.816;
bind: 375000,395000,223000,208000,214000,224000,
cong: 316000,149000,148000,895000,712000,329000,391000,222000,190000,91000,80000,497000,355000,98000,78000,137000,222000,184000,84000,84000,548000,643000,152000,112000,220000,1321000,
refl: 22000,32000,140000,111000,
symm: 174000,223000,220000,218000,409000,
trans: 118000,208000,152000,218000,397000,200000,241000,417000,397000,
equiv1: 343000,372000,
equiv2: 189000,292000,294000,
or_neg: 405000,388000,431000,390000,453000,
and_pos: 246000,259000,519000,480000,559000,504000,591000,
implies: 265000,797000,317000,345000,188000,394000,656000,192000,392000,
not_and: 426000,
not_not: 261000,225000,
parsing: 44767000,
evaluate: 208000,
subproof: 2252000,2794000,2092000,2256000,1228000,1156000,1394000,1620000,1065000,1342000,
and_intro: 248000,
equiv_pos1: 402000,203000,194000,
equiv_pos2: 401000,327000,307000,1226000,495000,525000,535000,265000,146000,149000,571000,224000,133000,28000,267000,140000,185000,1168000,510000,265000,1450000,
reordering: 1433000,1728000,1526000,544000,718000,795000,3134000,708000,1566000,
resolution: 430000,297000,465000,553000,488000,307000,509000,571000,473000,570000,439000,878000,1240000,1078000,622000,457000,344000,546000,640000,567000,316000,319000,523000,618000,589000,351000,1687000,3020000,431000,245000,318000,275000,473000,136000,169000,181000,298000,349000,326000,216000,217000,224000,287000,311000,335000,266000,325000,231000,493000,627000,601000,327000,262000,192000,217000,887000,738000,2188000,180000,288000,351000,321000,194000,182000,219000,220000,273000,295000,321000,291000,311000,214000,469000,695000,585000,308000,273000,299000,357000,
contraction: 460000,1199000,555000,579000,1459000,335000,366000,302000,603000,971000,1188000,302000,589000,
forall_inst: 1422000,1924000,2037000,1330000,1413000,760000,1006000,1039000,717000,745000,789000,1014000,1040000,1289000,1363000,
implies_neg1: 382000,1120000,468000,492000,248000,478000,356000,258000,507000,2105000,
implies_neg2: 384000,1310000,381000,500000,228000,280000,668000,817000,269000,691000,
__local_input: 108000,166000,96000,93000,76000,91000,34000,53000,63000,65000,70000,49000,111000,47000,161000,
equiv_simplify: 280000,389000,391000,581000,
implies_simplify: 420000,
__normalized_input: 9343000,16673000,9404000,1502000,1408000,
rare_rewrite_eq-symm: 244000,178000,206000,803000,255000,368000,107000,103000,325000,204000,96000,104000,637000,371000,
rare_rewrite_bool-eq-false: 6683000,7185000,11971000,11993000,
rare_rewrite_bool-double-not-elim: 596000,

