1; Draft.Scratch_smt_check_7_4594; 2026-04-10 13:43:45.898;
bind: 274000,274000,371000,336000,394000,359000,332000,
cong: 187000,110000,143000,247000,214000,178000,206000,129000,195000,
refl: 156000,35000,179000,162000,
symm: 122000,
trans: 260000,193000,268000,289000,231000,280000,259000,254000,266000,213000,
equiv1: 233000,
implies: 330000,
parsing: 22199000,
aci_simp: 1849000,1942000,
subproof: 2183000,
poly_simp: 3240000,6164000,3609000,
equiv_pos2: 276000,52000,216000,311000,
resolution: 247000,415000,291000,367000,382000,765000,539000,370000,474000,
contraction: 540000,
forall_inst: 1313000,
implies_neg1: 375000,
implies_neg2: 2489000,
__local_input: 94000,
miniscope_split: 510000,
__normalized_input: 1156000,975000,4155000,
rare_rewrite_bool-eq-false: 11986000,
rare_rewrite_bool-impl-elim: 12452000,
rare_rewrite_bool-impl-false1: 11955000,12352000,24765000,24190000,

